0.0,1158
0.01,1155
0.02,1144
0.03,1136
0.04,1134
0.05,1146
0.06,1138
0.07,1122
0.08,1105
0.09,1116
0.1,1148
0.11,1153
0.12,1139
0.13,1130
0.14,1128
0.15,1131
0.16,1148
0.17,1132
0.18,1116
0.19,1101
0.2,1157
0.21,1182
0.22,1171
0.23,1164
0.24,1155
0.25,1184
0.26,1200
0.27,1196
0.28,1186
0.29,1160
0.3,1207
0.31,1244
0.32,1270
0.33,1254
0.34,1245
0.35,1244
0.36,1284
0.37,1389
0.38,1366
0.39,1346
0.4,1412
0.41,1471
0.42,1555
0.43,1533
0.44,1517
0.45,1522
0.46,1623
0.47,1784
0.48,1773
0.49,1698
0.5,1712
0.51,1751
0.52,1784
0.53,1766
0.54,1738
0.55,1756
0.56,1737
0.57,1813
0.58,1810
0.59,1779
0.6,1753
0.61,1812
0.62,1794
0.63,1779
0.64,1751
0.65,1732
0.66,1730
0.67,1789
0.68,1820
0.69,1792
0.7,1767
0.71,1755
0.72,1798
0.73,1799
0.74,1773
0.75,1749
0.76,1735
0.77,1733
0.78,1754
0.79,1752
0.8,1728
0.81,1713
0.82,1759
0.83,1791
0.84,1776
0.85,1754
0.86,1740
0.87,1746
0.88,1851
0.89,1851
0.9,1827
0.91,1795
0.92,1819
0.93,1868
0.94,1920
0.95,1847
0.96,1820
0.97,1809
0.98,1839
0.99,1979
1.0,1990
1.01,1954
1.02,1923
1.03,1948
1.04,1949
1.05,1968
1.06,1899
1.07,1877
1.08,1881
1.09,1956
1.1,1977
1.11,1935
1.12,1900
1.13,1976
1.14,2006
1.15,2033
1.16,2000
1.17,1976
1.18,1986
1.19,2062
1.2,2052
1.21,2015
1.22,2024
1.23,2036
1.24,2076
1.25,2114
1.26,2083
1.27,2112
1.28,2048
1.29,2046
1.3,2044
1.31,2080
1.32,1978
1.33,2008
1.34,2066
1.35,2080
1.36,2048
1.37,2012
1.38,1997
1.39,1981
1.4,2009
1.41,2012
1.42,1977
1.43,1947
1.44,1941
1.45,1961
1.46,1938
1.47,1915
1.48,1899
1.49,1886
1.5,1868
1.51,1859
1.52,1831
1.53,1841
1.54,1826
1.55,1866
1.56,1857
1.57,1793
1.58,1774
1.59,1761
1.6,1750
1.61,1738
1.62,1726
1.63,1699
1.64,1675
1.65,1651
1.66,1688
1.67,1684
1.68,1663
1.69,1645
1.7,1633
1.71,1642
1.72,1622
1.73,1599
1.74,1575
1.75,1577
1.76,1602
1.77,1607
1.78,1596
1.79,1586
1.8,1578
1.81,1567
1.82,1569
1.83,1576
1.84,1550
1.85,1527
1.86,1505
1.87,1543
1.88,1547
1.89,1560
1.9,1525
1.91,1518
1.92,1515
1.93,1561
1.94,1557
1.95,1536
1.96,1509
1.97,1569
1.98,1565
1.99,1576
2.0,1538
2.01,1529
2.02,1564
2.03,1556
2.04,1551
2.05,1526
2.06,1506
2.07,1546
2.08,1550
2.09,1573
2.1,1537
2.11,1528
2.12,1525
2.13,1580
2.14,1608
2.15,1586
2.16,1563
2.17,1580
2.18,1666
2.19,1738
2.2,1736
2.21,1706
2.22,1717
2.23,1826
2.24,1871
2.25,1824
2.26,1766
2.27,1754
2.28,1836
2.29,1902
2.3,1888
2.31,1863
2.32,1853
2.33,1863
2.34,1871
2.35,1854
2.36,1824
2.37,1797
2.38,1871
2.39,1881
2.4,1881
2.41,1852
2.42,1848
2.43,1824
2.44,1841
2.45,1839
2.46,1811
2.47,1780
2.48,1791
2.49,1851
2.5,1838
2.51,1819
2.52,1810
2.53,1800
2.54,1819
2.55,1837
2.56,1817
2.57,1807
2.58,1805
2.59,1817
2.6,1826
2.61,1803
2.62,1805
2.63,1808
2.64,1847
2.65,1880
2.66,1860
2.67,1824
2.68,1832
2.69,1894
2.7,1940
2.71,1892
2.72,1874
2.73,1872
2.74,1920
2.75,1972
2.76,1944
2.77,1920
2.78,1936
2.79,1976
2.8,2084
2.81,2004
2.82,1979
2.83,1984
2.84,1984
2.85,1973
2.86,1947
2.87,1923
2.88,1920
2.89,1988
2.9,2017
2.91,1990
2.92,1984
2.93,1984
2.94,1970
2.95,1960
2.96,1929
2.97,1897
2.98,1906
2.99,1974
3.0,2015
3.01,1985
3.02,1959
3.03,1967
3.04,2028
3.05,2144
3.06,2113
3.07,2076
3.08,2132
3.09,2110
3.1,2124
3.11,2100
3.12,2090
3.13,2077
3.14,2128
3.15,2144
3.16,2088
3.17,2052
3.18,2078
3.19,2107
3.2,2168
3.21,2132
3.22,2110
3.23,2111
3.24,2149
3.25,2202
3.26,2164
3.27,2129
3.28,2118
3.29,2239
3.3,2193
3.31,2158
3.32,2146
3.33,2134
3.34,2143
3.35,2153
3.36,2125
3.37,2086
3.38,2055
3.39,2106
3.4,2117
3.41,2143
3.42,2076
3.43,2110
3.44,2058
3.45,2134
3.46,2164
3.47,2142
3.48,2120
3.49,2147
3.5,2148
3.51,2121
3.52,2126
3.53,2077
3.54,2061
3.55,2059
3.56,2088
3.57,2080
3.58,2028
3.59,2031
3.6,2026
3.61,2004
3.62,1973
3.63,1954
3.64,1969
3.65,2044
3.66,2063
3.67,2019
3.68,1984
3.69,2053
3.7,2071
3.71,2090
3.72,2095
3.73,2075
3.74,2094
3.75,2144
3.76,2102
3.77,2071
3.78,2034
3.79,2092
3.8,2116
3.81,2176
3.82,2176
3.83,2120
3.84,2120
3.85,2097
3.86,2093
3.87,2064
3.88,2038
3.89,2079
3.9,2101
3.91,2112
3.92,2100
3.93,2089
3.94,2057
3.95,2066
3.96,2196
3.97,2117
3.98,2087
3.99,2077
4.0,2154
4.01,2161
4.02,2136
4.03,2103
4.04,2090
4.05,2089
4.06,2176
4.07,2186
4.08,2175
4.09,2165
4.1,2272
4.11,2227
4.12,2159
4.13,2128
4.14,2126
4.15,2149
4.16,2173
4.17,2144
4.18,2106
4.19,2068
4.2,2127
4.21,2159
4.22,2139
4.23,2132
4.24,2133
4.25,2136
4.26,2176
4.27,2150
4.28,2120
4.29,2077
4.3,2141
4.31,2189
4.32,2201
4.33,2194
4.34,2179
4.35,2164
4.36,2149
4.37,2129
4.38,2104
4.39,2075
4.4,2076
4.41,2107
4.42,2129
4.43,2096
4.44,2087
4.45,2066
4.46,2074
4.47,2105
4.48,2104
4.49,2037
4.5,2019
4.51,2050
4.52,2076
4.53,2071
4.54,2111
4.55,2062
4.56,2051
4.57,2088
4.58,2057
4.59,2022
4.6,1993
4.61,2048
4.62,2028
4.63,2009
4.64,1973
4.65,1946
4.66,1964
4.67,2000
4.68,1988
4.69,1968
4.7,1944
4.71,2008
4.72,2030
4.73,2078
4.74,2052
4.75,2033
4.76,2044
4.77,2101
4.78,2079
4.79,2045
4.8,2045
4.81,2141
4.82,2166
4.83,2177
4.84,2148
4.85,2138
4.86,2132
4.87,2132
4.88,2117
4.89,2136
4.9,2050
4.91,2102
4.92,2119
4.93,2112
4.94,2090
4.95,2079
4.96,2080
4.97,2101
4.98,2212
4.99,2156
5.0,2160
5.01,2127
5.02,2175
5.03,2164
5.04,2133
5.05,2139
5.06,2172
5.07,2165
5.08,2237
5.09,2224
5.1,2162
5.11,2200
5.12,2194
5.13,2179
5.14,2176
5.15,2098
5.16,2105
5.17,2153
5.18,2143
5.19,2119
5.2,2092
5.21,2130
5.22,2164
5.23,2179
5.24,2151
5.25,2136
5.26,2125
5.27,2159
5.28,2153
5.29,2144
5.3,2103
5.31,2125
5.32,2152
5.33,2191
5.34,2175
5.35,2158
5.36,2164
5.37,2203
5.38,2241
5.39,2203
5.4,2190
5.41,2248
5.42,2247
5.43,2227
5.44,2269
5.45,2199
5.46,2195
5.47,2233
5.48,2316
5.49,2278
5.5,2242
5.51,2241
5.52,2278
5.53,2331
5.54,2279
5.55,2304
5.56,2315
5.57,2374
5.58,2421
5.59,2399
5.6,2348
5.61,2396
5.62,2392
5.63,2432
5.64,2382
5.65,2363
5.66,2368
5.67,2491
5.68,2425
5.69,2383
5.7,2399
5.71,2380
5.72,2389
5.73,2420
5.74,2385
5.75,2366
5.76,2352
5.77,2384
5.78,2363
5.79,2318
5.8,2279
5.81,2281
5.82,2359
5.83,2392
5.84,2348
5.85,2298
5.86,2296
5.87,2282
5.88,2260
5.89,2222
5.9,2206
5.91,2246
5.92,2241
5.93,2248
5.94,2215
5.95,2243
5.96,2226
5.97,2207
5.98,2248
5.99,2207
6.0,2231
6.01,2178
6.02,2220
6.03,2278
6.04,2188
6.05,2164
6.06,2145
6.07,2128
6.08,2226
6.09,2243
6.1,2153
6.11,2180
6.12,2192
6.13,2232
6.14,2175
6.15,2182
6.16,2137
6.17,2148
6.18,2071
6.19,2062
6.2,2032
6.21,2007
6.22,2032
6.23,2022
6.24,2008
6.25,1987
6.26,1964
6.27,1938
6.28,1925
6.29,1916
6.3,1904
6.31,1878
6.32,1847
6.33,1825
6.34,1860
6.35,1854
6.36,1823
6.37,1806
6.38,1799
6.39,1784
6.4,1778
6.41,1761
6.42,1731
6.43,1703
6.44,1691
6.45,1721
6.46,1716
6.47,1696
6.48,1681
6.49,1673
6.5,1663
6.51,1706
6.52,1630
6.53,1603
6.54,1582
6.55,1626
6.56,1647
6.57,1603
6.58,1587
6.59,1592
6.6,1580
6.61,1590
6.62,1577
6.63,1549
6.64,1528
6.65,1568
6.66,1577
6.67,1571
6.68,1552
6.69,1555
6.7,1535
6.71,1560
6.72,1579
6.73,1558
6.74,1541
6.75,1566
6.76,1598
6.77,1654
6.78,1599
6.79,1586
6.8,1579
6.81,1601
6.82,1610
6.83,1589
6.84,1568
6.85,1583
6.86,1612
6.87,1636
6.88,1611
6.89,1598
6.9,1586
6.91,1598
6.92,1612
6.93,1625
6.94,1565
6.95,1575
6.96,1650
6.97,1699
6.98,1678
6.99,1659
7.0,1653
7.01,1660
7.02,1681
7.03,1660
7.04,1632
7.05,1624
7.06,1669
7.07,1708
7.08,1689
7.09,1679
7.1,1688
7.11,1682
7.12,1743
7.13,1741
7.14,1720
7.15,1681
7.16,1780
7.17,1773
7.18,1761
7.19,1728
7.2,1724
7.21,1792
7.22,1842
7.23,1822
7.24,1801
7.25,1770
7.26,1847
7.27,1916
7.28,1895
7.29,1870
7.3,1860
7.31,1880
7.32,1993
7.33,1988
7.34,1951
7.35,1958
7.36,2011
7.37,2044
7.38,2066
7.39,2033
7.4,2012
7.41,2034
7.42,2037
7.43,2042
7.44,2048
7.45,1967
7.46,2043
7.47,2051
7.48,2065
7.49,2033
7.5,2009
7.51,2048
7.52,2064
7.53,2149
7.54,2115
7.55,2078
7.56,2083
7.57,2111
7.58,2143
7.59,2112
7.6,2087
7.61,2065
7.62,2082
7.63,2280
7.64,2212
7.65,2175
7.66,2151
7.67,2176
7.68,2176
7.69,2152
7.7,2116
7.71,2128
7.72,2135
7.73,2181
7.74,2152
7.75,2113
7.76,2106
7.77,2150
7.78,2230
7.79,2191
7.8,2166
7.81,2179
7.82,2194
7.83,2208
7.84,2143
7.85,2102
7.86,2097
7.87,2185
7.88,2215
7.89,2180
7.9,2150
7.91,2133
7.92,2133
7.93,2125
7.94,2086
7.95,2103
7.96,2051
7.97,2104
7.98,2127
7.99,2092
8.0,2074
8.01,2067
8.02,2096
8.03,2201
8.04,2168
8.05,2134
8.06,2127
8.07,2182
8.08,2247
8.09,2218
8.1,2192
8.11,2183
8.12,2194
8.13,2316
8.14,2328
8.15,2274
8.16,2238
8.17,2271
8.18,2274
8.19,2243
8.2,2208
8.21,2208
8.22,2213
8.23,2272
8.24,2242
8.25,2256
8.26,2167
8.27,2224
8.28,2238
8.29,2255
8.3,2224
8.31,2204
8.32,2207
8.33,2236
8.34,2231
8.35,2207
8.36,2148
8.37,2217
8.38,2245
8.39,2284
8.4,2250
8.41,2229
8.42,2215
8.43,2212
8.44,2213
8.45,2169
8.46,2131
8.47,2176
8.48,2188
8.49,2200
8.5,2161
8.51,2160
8.52,2125
8.53,2232
8.54,2266
8.55,2240
8.56,2186
8.57,2220
8.58,2230
8.59,2256
8.6,2188
8.61,2157
8.62,2151
8.63,2259
8.64,2360
8.65,2262
8.66,2248
8.67,2244
8.68,2229
8.69,2222
8.7,2179
8.71,2156
8.72,2211
8.73,2255
8.74,2242
8.75,2220
8.76,2166
8.77,2214
8.78,2256
8.79,2188
8.8,2207
8.81,2141
8.82,2129
8.83,2207
8.84,2210
8.85,2152
8.86,2127
8.87,2152
8.88,2149
8.89,2124
8.9,2092
8.91,2073
8.92,2066
8.93,2104
8.94,2080
8.95,2020
8.96,1987
8.97,2050
8.98,2068
8.99,2112
9.0,2087
9.01,2064
9.02,2051
9.03,2087
9.04,2120
9.05,2080
9.06,2025
9.07,2064
9.08,2102
9.09,2139
9.1,2106
9.11,2086
9.12,2085
9.13,2140
9.14,2247
9.15,2203
9.16,2162
9.17,2190
9.18,2239
9.19,2174
9.2,2140
9.21,2118
9.22,2111
9.23,2162
9.24,2247
9.25,2205
9.26,2172
9.27,2208
9.28,2239
9.29,2252
9.3,2256
9.31,2208
9.32,2176
9.33,2238
9.34,2238
9.35,2198
9.36,2167
9.37,2176
9.38,2212
9.39,2220
9.4,2169
9.41,2152
9.42,2144
9.43,2172
9.44,2152
9.45,2130
9.46,2073
9.47,2137
9.48,2168
9.49,2204
9.5,2155
9.51,2135
9.52,2122
9.53,2152
9.54,2164
9.55,2128
9.56,2097
9.57,2113
9.58,2156
9.59,2172
9.6,2135
9.61,2114
9.62,2100
9.63,2090
9.64,2099
9.65,2075
9.66,2043
9.67,2031
9.68,2060
9.69,2059
9.7,2045
9.71,2023
9.72,2007
9.73,2012
9.74,2050
9.75,2047
9.76,2040
9.77,1968
9.78,2025
9.79,2045
9.8,2050
9.81,2002
9.82,1988
9.83,2012
9.84,2035
9.85,2014
9.86,1984
9.87,1967
9.88,2007
9.89,1994
9.9,2007
9.91,1982
9.92,1966
9.93,1961
9.94,1989
9.95,1999
9.96,1950
9.97,1919
9.98,1969
9.99,1981
