0.0,1147
0.01,1137
0.02,1160
0.03,1144
0.04,1143
0.05,1127
0.06,1112
0.07,1156
0.08,1184
0.09,1192
0.1,1152
0.11,1147
0.12,1170
0.13,1192
0.14,1170
0.15,1146
0.16,1181
0.17,1224
0.18,1232
0.19,1222
0.2,1200
0.21,1208
0.22,1296
0.23,1311
0.24,1291
0.25,1299
0.26,1353
0.27,1418
0.28,1413
0.29,1382
0.3,1377
0.31,1442
0.32,1511
0.33,1491
0.34,1463
0.35,1527
0.36,1609
0.37,1624
0.38,1602
0.39,1584
0.4,1603
0.41,1770
0.42,1827
0.43,1796
0.44,1762
0.45,1840
0.46,1878
0.47,1926
0.48,1896
0.49,1873
0.5,1873
0.51,1986
0.52,2053
0.53,2016
0.54,1976
0.55,2056
0.56,2031
0.57,2016
0.58,1969
0.59,1952
0.6,1952
0.61,1942
0.62,1920
0.63,1888
0.64,1920
0.65,1920
0.66,1894
0.67,1872
0.68,1886
0.69,1851
0.7,1901
0.71,1871
0.72,1836
0.73,1856
0.74,1868
0.75,1839
0.76,1809
0.77,1788
0.78,1795
0.79,1992
0.8,1997
0.81,1960
0.82,1923
0.83,1996
0.84,2111
0.85,2048
0.86,1983
0.87,1972
0.88,2055
0.89,2052
0.9,2062
0.91,2030
0.92,2064
0.93,2064
0.94,2047
0.95,2000
0.96,2035
0.97,2007
0.98,2109
0.99,2048
1.0,2043
1.01,1972
1.02,2028
1.03,2087
1.04,2020
1.05,1997
1.06,1970
1.07,1974
1.08,1999
1.09,1984
1.1,1942
1.11,1905
1.12,1936
1.13,1934
1.14,1902
1.15,1874
1.16,1854
1.17,1834
1.18,1831
1.19,1801
1.2,1768
1.21,1744
1.22,1811
1.23,1756
1.24,1733
1.25,1717
1.26,1743
1.27,1695
1.28,1692
1.29,1662
1.3,1635
1.31,1621
1.32,1648
1.33,1653
1.34,1628
1.35,1608
1.36,1632
1.37,1592
1.38,1623
1.39,1598
1.4,1573
1.41,1587
1.42,1623
1.43,1668
1.44,1632
1.45,1587
1.46,1578
1.47,1644
1.48,1697
1.49,1674
1.5,1647
1.51,1653
1.52,1710
1.53,1742
1.54,1727
1.55,1719
1.56,1738
1.57,1765
1.58,1793
1.59,1762
1.6,1730
1.61,1746
1.62,1748
1.63,1743
1.64,1756
1.65,1696
1.66,1684
1.67,1696
1.68,1689
1.69,1699
1.7,1630
1.71,1661
1.72,1685
1.73,1678
1.74,1658
1.75,1664
1.76,1650
1.77,1759
1.78,1743
1.79,1711
1.8,1691
1.81,1760
1.82,1858
1.83,1828
1.84,1807
1.85,1796
1.86,1866
1.87,1865
1.88,1819
1.89,1812
1.9,1872
1.91,1878
1.92,1850
1.93,1829
1.94,1819
1.95,1867
1.96,1898
1.97,1880
1.98,1855
1.99,1919
2.0,1885
2.01,1888
2.02,1856
2.03,1839
2.04,1854
2.05,1848
2.06,1824
2.07,1775
2.08,1755
2.09,1808
2.1,1845
2.11,1823
2.12,1786
2.13,1793
2.14,1959
2.15,1941
2.16,1888
2.17,1930
2.18,1953
2.19,1925
2.2,1948
2.21,1895
2.22,1926
2.23,1953
2.24,1914
2.25,1870
2.26,1930
2.27,1986
2.28,1993
2.29,1968
2.3,1944
2.31,1996
2.32,2002
2.33,2016
2.34,1975
2.35,1960
2.36,2040
2.37,2094
2.38,2071
2.39,2095
2.4,2048
2.41,2067
2.42,2048
2.43,1997
2.44,1964
2.45,2028
2.46,2080
2.47,2026
2.48,1996
2.49,1983
2.5,2015
2.51,2147
2.52,2108
2.53,2084
2.54,2112
2.55,2136
2.56,2117
2.57,2115
2.58,2064
2.59,2054
2.6,2052
2.61,2028
2.62,1994
2.63,1983
2.64,2011
2.65,2018
2.66,1983
2.67,1955
2.68,1948
2.69,2034
2.7,2020
2.71,2004
2.72,1960
2.73,2022
2.74,2100
2.75,2082
2.76,2112
2.77,2048
2.78,2072
2.79,2146
2.8,2127
2.81,2092
2.82,2079
2.83,2130
2.84,2213
2.85,2187
2.86,2182
2.87,2153
2.88,2179
2.89,2176
2.9,2130
2.91,2090
2.92,2118
2.93,2156
2.94,2160
2.95,2132
2.96,2109
2.97,2107
2.98,2135
2.99,2201
3.0,2164
3.01,2112
3.02,2173
3.03,2180
3.04,2162
3.05,2138
3.06,2122
3.07,2144
3.08,2245
3.09,2240
3.1,2212
3.11,2207
3.12,2188
3.13,2183
3.14,2149
3.15,2124
3.16,2134
3.17,2192
3.18,2195
3.19,2146
3.2,2117
3.21,2168
3.22,2227
3.23,2206
3.24,2178
3.25,2150
3.26,2157
3.27,2232
3.28,2201
3.29,2166
3.3,2129
3.31,2206
3.32,2251
3.33,2276
3.34,2221
3.35,2217
3.36,2232
3.37,2272
3.38,2195
3.39,2187
3.4,2138
3.41,2220
3.42,2303
3.43,2218
3.44,2188
3.45,2166
3.46,2152
3.47,2146
3.48,2156
3.49,2127
3.5,2111
3.51,2152
3.52,2208
3.53,2140
3.54,2148
3.55,2100
3.56,2143
3.57,2201
3.58,2253
3.59,2218
3.6,2220
3.61,2240
3.62,2225
3.63,2248
3.64,2161
3.65,2166
3.66,2176
3.67,2208
3.68,2214
3.69,2200
3.7,2176
3.71,2208
3.72,2199
3.73,2235
3.74,2204
3.75,2199
3.76,2163
3.77,2237
3.78,2195
3.79,2153
3.8,2116
3.81,2169
3.82,2199
3.83,2269
3.84,2224
3.85,2188
3.86,2170
3.87,2219
3.88,2191
3.89,2156
3.9,2120
3.91,2128
3.92,2184
3.93,2200
3.94,2176
3.95,2151
3.96,2128
3.97,2114
3.98,2126
3.99,2138
4.0,2102
4.01,2104
4.02,2102
4.03,2135
4.04,2092
4.05,2072
4.06,2056
4.07,2055
4.08,2142
4.09,2204
4.1,2159
4.11,2100
4.12,2158
4.13,2170
4.14,2195
4.15,2176
4.16,2122
4.17,2152
4.18,2176
4.19,2157
4.2,2125
4.21,2120
4.22,2142
4.23,2182
4.24,2176
4.25,2142
4.26,2135
4.27,2130
4.28,2198
4.29,2193
4.3,2179
4.31,2125
4.32,2186
4.33,2219
4.34,2232
4.35,2201
4.36,2181
4.37,2186
4.38,2190
4.39,2153
4.4,2115
4.41,2082
4.42,2160
4.43,2216
4.44,2193
4.45,2169
4.46,2192
4.47,2176
4.48,2291
4.49,2208
4.5,2181
4.51,2177
4.52,2215
4.53,2218
4.54,2184
4.55,2162
4.56,2150
4.57,2151
4.58,2208
4.59,2192
4.6,2154
4.61,2123
4.62,2164
4.63,2174
4.64,2176
4.65,2120
4.66,2100
4.67,2096
4.68,2113
4.69,2043
4.7,2029
4.71,2042
4.72,2059
4.73,2087
4.74,2026
4.75,2016
4.76,1998
4.77,1999
4.78,2057
4.79,2034
4.8,2001
4.81,1975
4.82,2050
4.83,2080
4.84,2040
4.85,2031
4.86,1998
4.87,2012
4.88,2069
4.89,2056
4.9,2010
4.91,1985
4.92,2068
4.93,2104
4.94,2086
4.95,2065
4.96,2055
4.97,2048
4.98,2128
4.99,2097
5.0,2053
5.01,2048
5.02,2090
5.03,2113
5.04,2083
5.05,2111
5.06,2060
5.07,2112
5.08,2192
5.09,2185
5.1,2201
5.11,2131
5.12,2170
5.13,2189
5.14,2155
5.15,2131
5.16,2143
5.17,2140
5.18,2240
5.19,2167
5.2,2126
5.21,2120
5.22,2216
5.23,2233
5.24,2213
5.25,2188
5.26,2170
5.27,2190
5.28,2212
5.29,2196
5.3,2161
5.31,2132
5.32,2208
5.33,2238
5.34,2245
5.35,2198
5.36,2200
5.37,2189
5.38,2190
5.39,2152
5.4,2121
5.41,2124
5.42,2155
5.43,2196
5.44,2184
5.45,2155
5.46,2132
5.47,2119
5.48,2160
5.49,2169
5.5,2142
5.51,2106
5.52,2172
5.53,2173
5.54,2163
5.55,2137
5.56,2144
5.57,2111
5.58,2128
5.59,2115
5.6,2084
5.61,2052
5.62,2101
5.63,2115
5.64,2080
5.65,2043
5.66,2023
5.67,2030
5.68,2143
5.69,2105
5.7,2079
5.71,2048
5.72,2086
5.73,2137
5.74,2130
5.75,2096
5.76,2080
5.77,2116
5.78,2132
5.79,2120
5.8,2075
5.81,2040
5.82,2095
5.83,2144
5.84,2149
5.85,2123
5.86,2112
5.87,2114
5.88,2101
5.89,2072
5.9,2087
5.91,2028
5.92,2078
5.93,2129
5.94,2102
5.95,2148
5.96,2099
5.97,2088
5.98,2160
5.99,2143
6.0,2098
6.01,2138
6.02,2216
6.03,2209
6.04,2180
6.05,2183
6.06,2154
6.07,2228
6.08,2221
6.09,2192
6.1,2207
6.11,2200
6.12,2207
6.13,2176
6.14,2192
6.15,2141
6.16,2158
6.17,2124
6.18,2086
6.19,2057
6.2,2089
6.21,2073
6.22,2052
6.23,2029
6.24,2002
6.25,1977
6.26,1954
6.27,1930
6.28,1905
6.29,1881
6.3,1882
6.31,1888
6.32,1870
6.33,1854
6.34,1848
6.35,1843
6.36,1823
6.37,1807
6.38,1779
6.39,1760
6.4,1758
6.41,1788
6.42,1807
6.43,1784
6.44,1773
6.45,1764
6.46,1760
6.47,1795
6.48,1788
6.49,1760
6.5,1744
6.51,1779
6.52,1801
6.53,1784
6.54,1755
6.55,1744
6.56,1759
6.57,1760
6.58,1768
6.59,1706
6.6,1742
6.61,1742
6.62,1722
6.63,1702
6.64,1683
6.65,1723
6.66,1738
6.67,1728
6.68,1755
6.69,1784
6.7,1818
6.71,1792
6.72,1779
6.73,1775
6.74,1779
6.75,1749
6.76,1721
6.77,1694
6.78,1743
6.79,1757
6.8,1734
6.81,1715
6.82,1695
6.83,1721
6.84,1699
6.85,1676
6.86,1650
6.87,1744
6.88,1815
6.89,1797
6.9,1782
6.91,1775
6.92,1794
6.93,1873
6.94,1840
6.95,1813
6.96,1858
6.97,1878
6.98,1846
6.99,1821
7.0,1862
7.01,1936
7.02,2032
7.03,1940
7.04,1912
7.05,1970
7.06,1960
7.07,1932
7.08,1907
7.09,1903
7.1,1939
7.11,2064
7.12,2047
7.13,1985
7.14,2031
7.15,2008
7.16,2055
7.17,2026
7.18,2001
7.19,2042
7.2,2048
7.21,2051
7.22,1988
7.23,1956
7.24,1998
7.25,1991
7.26,1966
7.27,1949
7.28,1934
7.29,1928
7.3,1940
7.31,1904
7.32,1871
7.33,1883
7.34,1912
7.35,1884
7.36,1862
7.37,1860
7.38,1846
7.39,1872
7.4,1840
7.41,1851
7.42,1853
7.43,1894
7.44,1882
7.45,1861
7.46,1847
7.47,1850
7.48,1910
7.49,1952
7.5,1872
7.51,1890
7.52,1925
7.53,1897
7.54,1867
7.55,1868
7.56,1921
7.57,2021
7.58,1985
7.59,1950
7.6,2002
7.61,2033
7.62,2064
7.63,2032
7.64,2006
7.65,2044
7.66,2091
7.67,2108
7.68,2048
7.69,2021
7.7,2092
7.71,2134
7.72,2097
7.73,2077
7.74,2082
7.75,2089
7.76,2048
7.77,2048
7.78,2034
7.79,2083
7.8,2103
7.81,2071
7.82,2048
7.83,2083
7.84,2064
7.85,2100
7.86,2112
7.87,2022
7.88,2084
7.89,2095
7.9,2087
7.91,2060
7.92,2040
7.93,2038
7.94,2132
7.95,2164
7.96,2160
7.97,2120
7.98,2159
7.99,2113
8.0,2082
8.01,2079
8.02,2135
8.03,2192
8.04,2140
8.05,2111
8.06,2135
8.07,2239
8.08,2155
8.09,2132
8.1,2120
8.11,2215
8.12,2193
8.13,2143
8.14,2120
8.15,2163
8.16,2264
8.17,2212
8.18,2208
8.19,2170
8.2,2212
8.21,2188
8.22,2137
8.23,2108
8.24,2171
8.25,2209
8.26,2161
8.27,2160
8.28,2159
8.29,2176
8.3,2207
8.31,2143
8.32,2077
8.33,2144
8.34,2210
8.35,2191
8.36,2171
8.37,2102
8.38,2139
8.39,2081
8.4,2112
8.41,2048
8.42,2051
8.43,2080
8.44,2047
8.45,2055
8.46,2016
8.47,1995
8.48,1978
8.49,2029
8.5,2077
8.51,2039
8.52,2009
8.53,2048
8.54,2018
8.55,1994
8.56,1970
8.57,1948
8.58,1932
8.59,1919
8.6,1920
8.61,1904
8.62,1876
8.63,1912
8.64,1901
8.65,1832
8.66,1810
8.67,1836
8.68,1782
8.69,1792
8.7,1746
8.71,1719
8.72,1747
8.73,1756
8.74,1734
8.75,1718
8.76,1701
8.77,1694
8.78,1741
8.79,1716
8.8,1687
8.81,1664
8.82,1702
8.83,1723
8.84,1728
8.85,1681
8.86,1672
8.87,1709
8.88,1712
8.89,1685
8.9,1656
8.91,1703
8.92,1743
8.93,1698
8.94,1719
8.95,1676
8.96,1738
8.97,1781
8.98,1751
8.99,1727
9.0,1759
9.01,1830
9.02,1816
9.03,1794
9.04,1831
9.05,1810
9.06,1874
9.07,1855
9.08,1801
9.09,1857
9.1,1878
9.11,1916
9.12,1886
9.13,1865
9.14,1897
9.15,1985
9.16,1963
9.17,1928
9.18,1936
9.19,1984
9.2,2050
9.21,2048
9.22,1988
9.23,1973
9.24,1995
9.25,1986
9.26,1996
9.27,1917
9.28,1973
9.29,2022
9.3,1987
9.31,1959
9.32,1944
9.33,2015
9.34,2011
9.35,1963
9.36,1940
9.37,2015
9.38,2010
9.39,1987
9.4,1948
9.41,1968
9.42,2037
9.43,2063
9.44,2019
9.45,1988
9.46,2048
9.47,2087
9.48,2032
9.49,2000
9.5,1989
9.51,2059
9.52,2111
9.53,2020
9.54,1983
9.55,2048
9.56,2079
9.57,2087
9.58,2058
9.59,2048
9.6,2046
9.61,2148
9.62,2105
9.63,2071
9.64,2112
9.65,2196
9.66,2196
9.67,2155
9.68,2131
9.69,2144
9.7,2255
9.71,2214
9.72,2180
9.73,2185
9.74,2271
9.75,2216
9.76,2180
9.77,2155
9.78,2143
9.79,2190
9.8,2273
9.81,2224
9.82,2180
9.83,2256
9.84,2219
9.85,2178
9.86,2150
9.87,2124
9.88,2240
9.89,2252
9.9,2208
9.91,2173
9.92,2226
9.93,2266
9.94,2262
9.95,2228
9.96,2227
9.97,2250
9.98,2277
9.99,2229
