0.0,931
0.01,953
0.02,965
0.03,955
0.04,942
0.05,929
0.06,940
0.07,952
0.08,946
0.09,944
0.1,929
0.11,951
0.12,958
0.13,955
0.14,944
0.15,932
0.16,922
0.17,931
0.18,943
0.19,935
0.2,928
0.21,915
0.22,932
0.23,944
0.24,946
0.25,937
0.26,924
0.27,913
0.28,924
0.29,932
0.3,925
0.31,919
0.32,908
0.33,923
0.34,940
0.35,936
0.36,923
0.37,916
0.38,903
0.39,942
0.4,923
0.41,919
0.42,910
0.43,901
0.44,917
0.45,933
0.46,933
0.47,921
0.48,909
0.49,901
0.5,914
0.51,928
0.52,919
0.53,911
0.54,901
0.55,920
0.56,937
0.57,951
0.58,950
0.59,910
0.6,910
0.61,930
0.62,935
0.63,926
0.64,918
0.65,920
0.66,935
0.67,948
0.68,939
0.69,932
0.7,924
0.71,924
0.72,946
0.73,950
0.74,942
0.75,938
0.76,956
0.77,965
0.78,999
0.79,980
0.8,984
0.81,953
0.82,959
0.83,1001
0.84,1001
0.85,1006
0.86,977
0.87,1024
0.88,1016
0.89,1025
0.9,1014
0.91,1000
0.92,990
0.93,995
0.94,1011
0.95,1004
0.96,992
0.97,979
0.98,994
0.99,1005
1.0,1007
1.01,992
1.02,980
1.03,968
1.04,973
1.05,988
1.06,980
1.07,972
1.08,959
1.09,975
1.1,981
1.11,984
1.12,974
1.13,964
1.14,951
1.15,958
1.16,969
1.17,968
1.18,959
1.19,947
1.2,961
1.21,971
1.22,976
1.23,964
1.24,953
1.25,950
1.26,946
1.27,959
1.28,956
1.29,959
1.3,938
1.31,959
1.32,976
1.33,978
1.34,955
1.35,941
1.36,946
1.37,964
1.38,966
1.39,951
1.4,938
1.41,937
1.42,952
1.43,968
1.44,973
1.45,952
1.46,946
1.47,947
1.48,992
1.49,967
1.5,959
1.51,949
1.52,970
1.53,986
1.54,987
1.55,976
1.56,964
1.57,955
1.58,970
1.59,988
1.6,985
1.61,977
1.62,983
1.63,1027
1.64,1064
1.65,1058
1.66,1056
1.67,1040
1.68,1045
1.69,1081
1.7,1093
1.71,1082
1.72,1066
1.73,1082
1.74,1091
1.75,1098
1.76,1084
1.77,1076
1.78,1076
1.79,1084
1.8,1080
1.81,1082
1.82,1072
1.83,1064
1.84,1088
1.85,1108
1.86,1123
1.87,1112
1.88,1100
1.89,1102
1.9,1163
1.91,1232
1.92,1218
1.93,1202
1.94,1203
1.95,1236
1.96,1287
1.97,1287
1.98,1280
1.99,1258
2.0,1259
2.01,1339
2.02,1353
2.03,1326
2.04,1306
2.05,1339
2.06,1372
2.07,1440
2.08,1380
2.09,1362
2.1,1368
2.11,1390
2.12,1466
2.13,1449
2.14,1428
2.15,1423
2.16,1455
2.17,1463
2.18,1444
2.19,1423
2.2,1407
2.21,1408
2.22,1488
2.23,1505
2.24,1487
2.25,1462
2.26,1495
2.27,1513
2.28,1527
2.29,1504
2.3,1482
2.31,1469
2.32,1471
2.33,1509
2.34,1501
2.35,1472
2.36,1447
2.37,1504
2.38,1494
2.39,1496
2.4,1483
2.41,1440
2.42,1476
2.43,1484
2.44,1486
2.45,1476
2.46,1438
2.47,1490
2.48,1480
2.49,1528
2.5,1508
2.51,1487
2.52,1474
2.53,1503
2.54,1503
2.55,1490
2.56,1495
2.57,1446
2.58,1490
2.59,1518
2.6,1510
2.61,1489
2.62,1479
2.63,1478
2.64,1546
2.65,1574
2.66,1546
2.67,1525
2.68,1547
2.69,1562
2.7,1560
2.71,1540
2.72,1520
2.73,1520
2.74,1520
2.75,1601
2.76,1607
2.77,1581
2.78,1555
2.79,1579
2.8,1576
2.81,1560
2.82,1533
2.83,1513
2.84,1500
2.85,1516
2.86,1563
2.87,1565
2.88,1521
2.89,1503
2.9,1514
2.91,1527
2.92,1514
2.93,1493
2.94,1480
2.95,1479
2.96,1520
2.97,1552
2.98,1531
2.99,1508
3.0,1503
3.01,1540
3.02,1569
3.03,1562
3.04,1544
3.05,1527
3.06,1524
3.07,1535
3.08,1558
3.09,1496
3.1,1473
3.11,1501
3.12,1511
3.13,1558
3.14,1559
3.15,1534
3.16,1539
3.17,1536
3.18,1528
3.19,1530
3.2,1493
3.21,1483
3.22,1516
3.23,1519
3.24,1498
3.25,1488
3.26,1462
3.27,1471
3.28,1524
3.29,1523
3.3,1504
3.31,1495
3.32,1520
3.33,1524
3.34,1510
3.35,1488
3.36,1466
3.37,1463
3.38,1495
3.39,1562
3.4,1544
3.41,1535
3.42,1532
3.43,1554
3.44,1589
3.45,1533
3.46,1511
3.47,1502
3.48,1516
3.49,1576
3.5,1585
3.51,1579
3.52,1538
3.53,1582
3.54,1609
3.55,1616
3.56,1584
3.57,1572
3.58,1568
3.59,1592
3.6,1599
3.61,1577
3.62,1581
3.63,1583
3.64,1598
3.65,1633
3.66,1632
3.67,1612
3.68,1583
3.69,1584
3.7,1581
3.71,1600
3.72,1557
3.73,1525
3.74,1549
3.75,1567
3.76,1538
3.77,1523
3.78,1496
3.79,1473
3.8,1466
3.81,1464
3.82,1440
3.83,1441
3.84,1408
3.85,1434
3.86,1446
3.87,1432
3.88,1423
3.89,1424
3.9,1413
3.91,1424
3.92,1443
3.93,1433
3.94,1433
3.95,1412
3.96,1428
3.97,1412
3.98,1443
3.99,1392
4.0,1393
4.01,1402
4.02,1444
4.03,1446
4.04,1440
4.05,1408
4.06,1457
4.07,1493
4.08,1514
4.09,1514
4.1,1520
4.11,1493
4.12,1516
4.13,1510
4.14,1493
4.15,1468
4.16,1510
4.17,1523
4.18,1540
4.19,1514
4.2,1491
4.21,1483
4.22,1485
4.23,1484
4.24,1468
4.25,1460
4.26,1439
4.27,1477
4.28,1510
4.29,1522
4.3,1506
4.31,1484
4.32,1480
4.33,1532
4.34,1556
4.35,1554
4.36,1512
4.37,1530
4.38,1567
4.39,1544
4.4,1518
4.41,1536
4.42,1500
4.43,1532
4.44,1592
4.45,1571
4.46,1576
4.47,1571
4.48,1620
4.49,1657
4.5,1626
4.51,1619
4.52,1616
4.53,1612
4.54,1663
4.55,1728
4.56,1709
4.57,1688
4.58,1666
4.59,1704
4.6,1739
4.61,1720
4.62,1712
4.63,1698
4.64,1683
4.65,1690
4.66,1682
4.67,1674
4.68,1688
4.69,1658
4.7,1674
4.71,1719
4.72,1663
4.73,1647
4.74,1676
4.75,1664
4.76,1664
4.77,1684
4.78,1616
4.79,1595
4.8,1606
4.81,1617
4.82,1631
4.83,1608
4.84,1599
4.85,1599
4.86,1588
4.87,1575
4.88,1558
4.89,1532
4.9,1514
4.91,1525
4.92,1519
4.93,1498
4.94,1480
4.95,1483
4.96,1442
4.97,1442
4.98,1442
4.99,1428
5.0,1413
5.01,1396
5.02,1393
5.03,1394
5.04,1384
5.05,1390
5.06,1404
5.07,1392
5.08,1389
5.09,1388
5.1,1381
5.11,1383
5.12,1388
5.13,1406
5.14,1408
5.15,1404
5.16,1401
5.17,1423
5.18,1448
5.19,1433
5.2,1426
5.21,1421
5.22,1405
5.23,1388
5.24,1407
5.25,1410
5.26,1397
5.27,1396
5.28,1393
5.29,1347
5.3,1347
5.31,1344
5.32,1328
5.33,1309
5.34,1318
5.35,1316
5.36,1306
5.37,1298
5.38,1289
5.39,1289
5.4,1284
5.41,1299
5.42,1270
5.43,1254
5.44,1236
5.45,1254
5.46,1252
5.47,1245
5.48,1235
5.49,1222
5.5,1209
5.51,1203
5.52,1202
5.53,1200
5.54,1178
5.55,1161
5.56,1171
5.57,1184
5.58,1196
5.59,1216
5.6,1208
5.61,1228
5.62,1247
5.63,1217
5.64,1232
5.65,1188
5.66,1193
5.67,1236
5.68,1247
5.69,1236
5.7,1213
5.71,1217
5.72,1247
5.73,1240
5.74,1255
5.75,1210
5.76,1203
5.77,1250
5.78,1272
5.79,1263
5.8,1248
5.81,1263
5.82,1236
5.83,1254
5.84,1247
5.85,1232
5.86,1230
5.87,1242
5.88,1262
5.89,1270
5.9,1259
5.91,1264
5.92,1250
5.93,1287
5.94,1352
5.95,1318
5.96,1298
5.97,1311
5.98,1331
5.99,1336
6.0,1344
6.01,1351
6.02,1331
6.03,1344
6.04,1337
6.05,1320
6.06,1308
6.07,1371
6.08,1336
6.09,1343
6.1,1331
6.11,1345
6.12,1311
6.13,1359
6.14,1386
6.15,1344
6.16,1346
6.17,1364
6.18,1383
6.19,1394
6.2,1363
6.21,1366
6.22,1374
6.23,1388
6.24,1407
6.25,1369
6.26,1360
6.27,1440
6.28,1421
6.29,1416
6.3,1399
6.31,1386
6.32,1380
6.33,1396
6.34,1384
6.35,1376
6.36,1384
6.37,1391
6.38,1392
6.39,1378
6.4,1358
6.41,1343
6.42,1335
6.43,1400
6.44,1416
6.45,1399
6.46,1391
6.47,1418
6.48,1424
6.49,1438
6.5,1396
6.51,1386
6.52,1405
6.53,1472
6.54,1463
6.55,1480
6.56,1430
6.57,1438
6.58,1443
6.59,1467
6.6,1404
6.61,1404
6.62,1472
6.63,1472
6.64,1457
6.65,1444
6.66,1476
6.67,1464
6.68,1470
6.69,1445
6.7,1434
6.71,1425
6.72,1437
6.73,1433
6.74,1408
6.75,1388
6.76,1417
6.77,1420
6.78,1417
6.79,1407
6.8,1377
6.81,1376
6.82,1380
6.83,1370
6.84,1359
6.85,1332
6.86,1372
6.87,1374
6.88,1368
6.89,1346
6.9,1360
6.91,1326
6.92,1341
6.93,1339
6.94,1303
6.95,1289
6.96,1328
6.97,1334
6.98,1330
6.99,1294
7.0,1287
7.01,1338
7.02,1349
7.03,1347
7.04,1310
7.05,1318
7.06,1319
7.07,1310
7.08,1284
7.09,1273
7.1,1284
7.11,1351
7.12,1353
7.13,1335
7.14,1316
7.15,1336
7.16,1357
7.17,1397
7.18,1371
7.19,1373
7.2,1391
7.21,1416
7.22,1407
7.23,1355
7.24,1360
7.25,1382
7.26,1440
7.27,1425
7.28,1416
7.29,1406
7.3,1406
7.31,1409
7.32,1389
7.33,1367
7.34,1385
7.35,1404
7.36,1410
7.37,1386
7.38,1380
7.39,1363
7.4,1373
7.41,1390
7.42,1371
7.43,1359
7.44,1363
7.45,1380
7.46,1403
7.47,1371
7.48,1361
7.49,1350
7.5,1372
7.51,1364
7.52,1346
7.53,1328
7.54,1323
7.55,1368
7.56,1352
7.57,1329
7.58,1309
7.59,1311
7.6,1339
7.61,1344
7.62,1298
7.63,1276
7.64,1281
7.65,1339
7.66,1306
7.67,1296
7.68,1270
7.69,1260
7.7,1291
7.71,1306
7.72,1287
7.73,1269
7.74,1268
7.75,1306
7.76,1347
7.77,1312
7.78,1292
7.79,1289
7.8,1316
7.81,1295
7.82,1280
7.83,1262
7.84,1300
7.85,1340
7.86,1349
7.87,1326
7.88,1312
7.89,1346
7.9,1392
7.91,1376
7.92,1352
7.93,1336
7.94,1368
7.95,1380
7.96,1356
7.97,1348
7.98,1318
7.99,1343
8.0,1409
8.01,1402
8.02,1393
8.03,1392
8.04,1405
8.05,1428
8.06,1408
8.07,1391
8.08,1424
8.09,1447
8.1,1483
8.11,1423
8.12,1407
8.13,1441
8.14,1493
8.15,1461
8.16,1496
8.17,1439
8.18,1455
8.19,1472
8.2,1402
8.21,1378
8.22,1376
8.23,1410
8.24,1495
8.25,1487
8.26,1472
8.27,1423
8.28,1465
8.29,1459
8.3,1439
8.31,1380
8.32,1432
8.33,1426
8.34,1407
8.35,1376
8.36,1367
8.37,1348
8.38,1388
8.39,1440
8.4,1380
8.41,1392
8.42,1390
8.43,1416
8.44,1391
8.45,1371
8.46,1353
8.47,1363
8.48,1426
8.49,1400
8.5,1379
8.51,1362
8.52,1383
8.53,1408
8.54,1389
8.55,1373
8.56,1361
8.57,1368
8.58,1387
8.59,1377
8.6,1357
8.61,1333
8.62,1360
8.63,1373
8.64,1358
8.65,1338
8.66,1319
8.67,1310
8.68,1348
8.69,1356
8.7,1348
8.71,1328
8.72,1360
8.73,1338
8.74,1331
8.75,1313
8.76,1295
8.77,1283
8.78,1286
8.79,1278
8.8,1260
8.81,1240
8.82,1245
8.83,1251
8.84,1258
8.85,1271
8.86,1238
8.87,1216
8.88,1226
8.89,1243
8.9,1234
8.91,1202
8.92,1194
8.93,1204
8.94,1206
8.95,1188
8.96,1173
8.97,1164
8.98,1176
8.99,1252
9.0,1253
9.01,1238
9.02,1220
9.03,1243
9.04,1260
9.05,1256
9.06,1234
9.07,1224
9.08,1227
9.09,1250
9.1,1250
9.11,1233
9.12,1214
9.13,1238
9.14,1255
9.15,1289
9.16,1286
9.17,1264
9.18,1256
9.19,1286
9.2,1284
9.21,1265
9.22,1262
9.23,1280
9.24,1294
9.25,1322
9.26,1308
9.27,1296
9.28,1276
9.29,1311
9.3,1319
9.31,1316
9.32,1282
9.33,1301
9.34,1310
9.35,1314
9.36,1293
9.37,1278
9.38,1269
9.39,1284
9.4,1323
9.41,1307
9.42,1295
9.43,1306
9.44,1326
9.45,1323
9.46,1305
9.47,1290
9.48,1282
9.49,1336
9.5,1388
9.51,1383
9.52,1364
9.53,1357
9.54,1364
9.55,1353
9.56,1331
9.57,1316
9.58,1324
9.59,1344
9.6,1348
9.61,1332
9.62,1321
9.63,1361
9.64,1362
9.65,1352
9.66,1334
9.67,1364
9.68,1359
9.69,1322
9.7,1316
9.71,1361
9.72,1391
9.73,1388
9.74,1352
9.75,1342
9.76,1353
9.77,1352
9.78,1351
9.79,1315
9.8,1315
9.81,1352
9.82,1365
9.83,1344
9.84,1323
9.85,1344
9.86,1331
9.87,1378
9.88,1364
9.89,1340
9.9,1336
9.91,1370
9.92,1378
9.93,1371
9.94,1336
9.95,1328
9.96,1344
9.97,1370
9.98,1354
9.99,1335
