0.0,1147
0.01,1148
0.02,1134
0.03,1117
0.04,1120
0.05,1142
0.06,1164
0.07,1155
0.08,1152
0.09,1165
0.1,1127
0.11,1143
0.12,1148
0.13,1136
0.14,1123
0.15,1111
0.16,1147
0.17,1168
0.18,1160
0.19,1145
0.2,1139
0.21,1139
0.22,1154
0.23,1146
0.24,1143
0.25,1112
0.26,1133
0.27,1159
0.28,1162
0.29,1149
0.3,1140
0.31,1132
0.32,1136
0.33,1153
0.34,1142
0.35,1129
0.36,1114
0.37,1137
0.38,1155
0.39,1154
0.4,1141
0.41,1132
0.42,1125
0.43,1151
0.44,1141
0.45,1132
0.46,1120
0.47,1108
0.48,1138
0.49,1155
0.5,1149
0.51,1137
0.52,1129
0.53,1121
0.54,1135
0.55,1148
0.56,1137
0.57,1124
0.58,1107
0.59,1148
0.6,1161
0.61,1154
0.62,1139
0.63,1129
0.64,1121
0.65,1132
0.66,1155
0.67,1145
0.68,1131
0.69,1115
0.7,1152
0.71,1173
0.72,1175
0.73,1162
0.74,1151
0.75,1148
0.76,1176
0.77,1216
0.78,1200
0.79,1206
0.8,1224
0.81,1235
0.82,1275
0.83,1269
0.84,1257
0.85,1249
0.86,1280
0.87,1330
0.88,1322
0.89,1331
0.9,1336
0.91,1391
0.92,1408
0.93,1387
0.94,1369
0.95,1364
0.96,1367
0.97,1377
0.98,1367
0.99,1352
1.0,1345
1.01,1430
1.02,1498
1.03,1480
1.04,1495
1.05,1472
1.06,1496
1.07,1631
1.08,1622
1.09,1594
1.1,1609
1.11,1672
1.12,1723
1.13,1696
1.14,1673
1.15,1662
1.16,1707
1.17,1848
1.18,1884
1.19,1809
1.2,1802
1.21,1857
1.22,1902
1.23,1888
1.24,1841
1.25,1824
1.26,1841
1.27,1983
1.28,1986
1.29,1948
1.3,1920
1.31,1971
1.32,2040
1.33,2047
1.34,1976
1.35,2015
1.36,2022
1.37,2089
1.38,2045
1.39,2007
1.4,2080
1.41,2114
1.42,2156
1.43,2133
1.44,2089
1.45,2111
1.46,2150
1.47,2114
1.48,2074
1.49,2036
1.5,2110
1.51,2151
1.52,2096
1.53,2064
1.54,2044
1.55,2057
1.56,2172
1.57,2199
1.58,2208
1.59,2112
1.6,2170
1.61,2194
1.62,2189
1.63,2153
1.64,2142
1.65,2120
1.66,2231
1.67,2269
1.68,2287
1.69,2187
1.7,2224
1.71,2244
1.72,2226
1.73,2191
1.74,2160
1.75,2158
1.76,2190
1.77,2192
1.78,2158
1.79,2118
1.8,2108
1.81,2136
1.82,2119
1.83,2135
1.84,2060
1.85,2047
1.86,2046
1.87,2121
1.88,2111
1.89,2081
1.9,2048
1.91,2089
1.92,2080
1.93,2112
1.94,2029
1.95,2006
1.96,2000
1.97,2018
1.98,2024
1.99,1974
2.0,1942
2.01,2020
2.02,2062
2.03,2064
2.04,2022
2.05,1995
2.06,1989
2.07,2019
2.08,2049
2.09,2024
2.1,1974
2.11,2036
2.12,2056
2.13,2049
2.14,2047
2.15,1995
2.16,1989
2.17,2054
2.18,2130
2.19,2100
2.2,2065
2.21,2116
2.22,2137
2.23,2103
2.24,2065
2.25,2038
2.26,2048
2.27,2169
2.28,2128
2.29,2088
2.3,2064
2.31,2092
2.32,2144
2.33,2186
2.34,2088
2.35,2078
2.36,2111
2.37,2208
2.38,2151
2.39,2115
2.4,2084
2.41,2168
2.42,2198
2.43,2218
2.44,2236
2.45,2186
2.46,2176
2.47,2215
2.48,2190
2.49,2139
2.5,2100
2.51,2173
2.52,2195
2.53,2198
2.54,2164
2.55,2156
2.56,2137
2.57,2188
2.58,2225
2.59,2192
2.6,2141
2.61,2204
2.62,2256
2.63,2192
2.64,2161
2.65,2142
2.66,2148
2.67,2201
2.68,2255
2.69,2224
2.7,2173
2.71,2216
2.72,2252
2.73,2168
2.74,2130
2.75,2120
2.76,2115
2.77,2173
2.78,2208
2.79,2179
2.8,2151
2.81,2134
2.82,2166
2.83,2224
2.84,2219
2.85,2176
2.86,2179
2.87,2214
2.88,2240
2.89,2180
2.9,2144
2.91,2196
2.92,2222
2.93,2268
2.94,2240
2.95,2198
2.96,2208
2.97,2284
2.98,2183
2.99,2145
3.0,2113
3.01,2140
3.02,2212
3.03,2217
3.04,2181
3.05,2176
3.06,2140
3.07,2129
3.08,2173
3.09,2145
3.1,2110
3.11,2156
3.12,2176
3.13,2169
3.14,2176
3.15,2109
3.16,2105
3.17,2154
3.18,2297
3.19,2239
3.2,2204
3.21,2191
3.22,2279
3.23,2266
3.24,2291
3.25,2212
3.26,2224
3.27,2239
3.28,2320
3.29,2254
3.3,2228
3.31,2219
3.32,2303
3.33,2287
3.34,2242
3.35,2208
3.36,2231
3.37,2164
3.38,2178
3.39,2271
3.4,2189
3.41,2151
3.42,2115
3.43,2133
3.44,2122
3.45,2095
3.46,2079
3.47,2065
3.48,2062
3.49,2038
3.5,2026
3.51,1994
3.52,1970
3.53,1938
3.54,1956
3.55,1954
3.56,1930
3.57,1901
3.58,1896
3.59,1891
3.6,1919
3.61,1851
3.62,1818
3.63,1794
3.64,1846
3.65,1865
3.66,1860
3.67,1834
3.68,1832
3.69,1844
3.7,1834
3.71,1855
3.72,1848
3.73,1834
3.74,1832
3.75,1853
3.76,1869
3.77,1847
3.78,1813
3.79,1781
3.8,1768
3.81,1779
3.82,1787
3.83,1751
3.84,1727
3.85,1808
3.86,1787
3.87,1780
3.88,1751
3.89,1728
3.9,1718
3.91,1755
3.92,1752
3.93,1726
3.94,1711
3.95,1760
3.96,1768
3.97,1775
3.98,1759
3.99,1745
4.0,1763
4.01,1831
4.02,1831
4.03,1840
4.04,1766
4.05,1856
4.06,1874
4.07,1868
4.08,1841
4.09,1819
4.1,1805
4.11,1850
4.12,1908
4.13,1882
4.14,1886
4.15,1928
4.16,1945
4.17,1964
4.18,1941
4.19,1926
4.2,1954
4.21,1993
4.22,2066
4.23,2036
4.24,2000
4.25,2032
4.26,2073
4.27,2065
4.28,2045
4.29,2014
4.3,1988
4.31,2028
4.32,2080
4.33,2040
4.34,2016
4.35,2030
4.36,2111
4.37,2144
4.38,2081
4.39,2055
4.4,2059
4.41,2123
4.42,2108
4.43,2066
4.44,2041
4.45,2093
4.46,2120
4.47,2139
4.48,2118
4.49,2132
4.5,2103
4.51,2150
4.52,2119
4.53,2084
4.54,2068
4.55,2110
4.56,2132
4.57,2151
4.58,2106
4.59,2128
4.6,2068
4.61,2104
4.62,2189
4.63,2165
4.64,2130
4.65,2108
4.66,2168
4.67,2174
4.68,2153
4.69,2135
4.7,2128
4.71,2119
4.72,2136
4.73,2099
4.74,2065
4.75,2028
4.76,2035
4.77,2058
4.78,2070
4.79,2055
4.8,2016
4.81,1997
4.82,2036
4.83,2123
4.84,2095
4.85,2064
4.86,2058
4.87,2139
4.88,2166
4.89,2154
4.9,2137
4.91,2127
4.92,2130
4.93,2175
4.94,2176
4.95,2124
4.96,2093
4.97,2131
4.98,2134
4.99,2167
5.0,2092
5.01,2071
5.02,2056
5.03,2080
5.04,2092
5.05,2068
5.06,2044
5.07,2010
5.08,2093
5.09,2120
5.1,2118
5.11,2119
5.12,2087
5.13,2080
5.14,2109
5.15,2201
5.16,2190
5.17,2155
5.18,2201
5.19,2156
5.2,2120
5.21,2091
5.22,2072
5.23,2080
5.24,2047
5.25,2031
5.26,2010
5.27,1997
5.28,2047
5.29,2016
5.3,1989
5.31,1958
5.32,1936
5.33,1937
5.34,1956
5.35,2005
5.36,1976
5.37,1946
5.38,1924
5.39,1980
5.4,1999
5.41,1976
5.42,1956
5.43,1951
5.44,1946
5.45,2017
5.46,2063
5.47,2016
5.48,1969
5.49,2052
5.5,2108
5.51,2112
5.52,2061
5.53,2044
5.54,2035
5.55,2104
5.56,2078
5.57,2037
5.58,2022
5.59,2067
5.6,2104
5.61,2088
5.62,2052
5.63,2046
5.64,2048
5.65,2138
5.66,2145
5.67,2115
5.68,2087
5.69,2172
5.7,2184
5.71,2143
5.72,2114
5.73,2092
5.74,2093
5.75,2207
5.76,2206
5.77,2187
5.78,2176
5.79,2272
5.8,2247
5.81,2224
5.82,2183
5.83,2178
5.84,2193
5.85,2264
5.86,2272
5.87,2208
5.88,2174
5.89,2270
5.9,2268
5.91,2257
5.92,2230
5.93,2209
5.94,2207
5.95,2247
5.96,2240
5.97,2216
5.98,2178
5.99,2244
6.0,2308
6.01,2352
6.02,2261
6.03,2239
6.04,2236
6.05,2252
6.06,2222
6.07,2187
6.08,2156
6.09,2208
6.1,2224
6.11,2287
6.12,2215
6.13,2190
6.14,2168
6.15,2150
6.16,2214
6.17,2177
6.18,2143
6.19,2111
6.2,2176
6.21,2192
6.22,2165
6.23,2142
6.24,2125
6.25,2115
6.26,2124
6.27,2155
6.28,2120
6.29,2095
6.3,2144
6.31,2124
6.32,2114
6.33,2097
6.34,2066
6.35,2048
6.36,2130
6.37,2142
6.38,2104
6.39,2080
6.4,2100
6.41,2117
6.42,2109
6.43,2080
6.44,2054
6.45,2050
6.46,2123
6.47,2125
6.48,2084
6.49,2065
6.5,2124
6.51,2133
6.52,2119
6.53,2092
6.54,2070
6.55,2072
6.56,2130
6.57,2119
6.58,2061
6.59,2025
6.6,2113
6.61,2121
6.62,2102
6.63,2096
6.64,2073
6.65,2051
6.66,2097
6.67,2091
6.68,2055
6.69,2027
6.7,2096
6.71,2098
6.72,2112
6.73,2095
6.74,2031
6.75,2046
6.76,2164
6.77,2161
6.78,2123
6.79,2091
6.8,2142
6.81,2134
6.82,2104
6.83,2112
6.84,2055
6.85,2070
6.86,2137
6.87,2137
6.88,2099
6.89,2068
6.9,2084
6.91,2098
6.92,2142
6.93,2112
6.94,2086
6.95,2075
6.96,2085
6.97,2155
6.98,2121
6.99,2091
7.0,2057
7.01,2112
7.02,2111
7.03,2073
7.04,2103
7.05,2014
7.06,2011
7.07,2056
7.08,2059
7.09,2070
7.1,1987
7.11,2048
7.12,2079
7.13,2069
7.14,2040
7.15,2048
7.16,2048
7.17,2023
7.18,2094
7.19,2069
7.2,2035
7.21,2030
7.22,2102
7.23,2111
7.24,2064
7.25,2063
7.26,2037
7.27,2070
7.28,2126
7.29,2092
7.3,2055
7.31,2063
7.32,2096
7.33,2098
7.34,2053
7.35,2038
7.36,2032
7.37,2113
7.38,2158
7.39,2116
7.4,2096
7.41,2114
7.42,2143
7.43,2188
7.44,2159
7.45,2146
7.46,2122
7.47,2160
7.48,2164
7.49,2123
7.5,2091
7.51,2093
7.52,2143
7.53,2292
7.54,2173
7.55,2171
7.56,2149
7.57,2214
7.58,2142
7.59,2126
7.6,2066
7.61,2100
7.62,2144
7.63,2148
7.64,2117
7.65,2099
7.66,2112
7.67,2132
7.68,2271
7.69,2187
7.7,2124
7.71,2188
7.72,2191
7.73,2174
7.74,2149
7.75,2126
7.76,2121
7.77,2175
7.78,2258
7.79,2217
7.8,2184
7.81,2208
7.82,2209
7.83,2174
7.84,2146
7.85,2126
7.86,2136
7.87,2200
7.88,2221
7.89,2183
7.9,2144
7.91,2175
7.92,2240
7.93,2217
7.94,2196
7.95,2168
7.96,2169
7.97,2217
7.98,2246
7.99,2200
8.0,2164
8.01,2154
8.02,2215
8.03,2272
8.04,2243
8.05,2215
8.06,2198
8.07,2201
8.08,2210
8.09,2153
8.1,2144
8.11,2112
8.12,2151
8.13,2175
8.14,2166
8.15,2139
8.16,2161
8.17,2112
8.18,2103
8.19,2172
8.2,2194
8.21,2140
8.22,2156
8.23,2140
8.24,2132
8.25,2112
8.26,2087
8.27,2090
8.28,2213
8.29,2262
8.3,2276
8.31,2184
8.32,2257
8.33,2296
8.34,2327
8.35,2276
8.36,2255
8.37,2268
8.38,2359
8.39,2386
8.4,2342
8.41,2319
8.42,2360
8.43,2391
8.44,2382
8.45,2346
8.46,2324
8.47,2323
8.48,2369
8.49,2368
8.5,2325
8.51,2291
8.52,2330
8.53,2363
8.54,2408
8.55,2376
8.56,2345
8.57,2360
8.58,2336
8.59,2275
8.6,2292
8.61,2256
8.62,2280
8.63,2263
8.64,2261
8.65,2228
8.66,2204
8.67,2189
8.68,2228
8.69,2294
8.7,2259
8.71,2226
8.72,2196
8.73,2251
8.74,2255
8.75,2224
8.76,2202
8.77,2184
8.78,2170
8.79,2182
8.8,2240
8.81,2240
8.82,2175
8.83,2204
8.84,2231
8.85,2182
8.86,2154
8.87,2137
8.88,2136
8.89,2227
8.9,2195
8.91,2158
8.92,2125
8.93,2192
8.94,2218
8.95,2225
8.96,2197
8.97,2180
8.98,2188
8.99,2236
9.0,2222
9.01,2231
9.02,2160
9.03,2202
9.04,2296
9.05,2281
9.06,2260
9.07,2230
9.08,2228
9.09,2257
9.1,2208
9.11,2168
9.12,2136
9.13,2186
9.14,2217
9.15,2240
9.16,2192
9.17,2176
9.18,2191
9.19,2160
9.2,2230
9.21,2211
9.22,2208
9.23,2150
9.24,2206
9.25,2222
9.26,2192
9.27,2171
9.28,2153
9.29,2138
9.3,2136
9.31,2174
9.32,2141
9.33,2109
9.34,2095
9.35,2141
9.36,2136
9.37,2104
9.38,2081
9.39,2064
9.4,2053
9.41,2088
9.42,2062
9.43,2032
9.44,2006
9.45,2003
9.46,2026
9.47,2011
9.48,1986
9.49,1984
9.5,2010
9.51,1935
9.52,1976
9.53,1944
9.54,1920
9.55,1850
9.56,1900
9.57,1889
9.58,1871
9.59,1854
9.6,1840
9.61,1832
9.62,1812
9.63,1799
9.64,1784
9.65,1744
9.66,1744
9.67,1768
9.68,1771
9.69,1739
9.7,1727
9.71,1732
9.72,1728
9.73,1691
9.74,1708
9.75,1645
9.76,1688
9.77,1690
9.78,1687
9.79,1666
9.8,1652
9.81,1641
9.82,1650
9.83,1661
9.84,1610
9.85,1592
9.86,1668
9.87,1635
9.88,1630
9.89,1611
9.9,1598
9.91,1617
9.92,1664
9.93,1693
9.94,1667
9.95,1640
9.96,1685
9.97,1731
9.98,1782
9.99,1759
