0.0,762
0.001,759
0.002,778
0.003,788
0.004,804
0.005,799
0.006,776
0.007,757
0.008,741
0.009,754
0.01,749
0.011,751
0.012,748
0.013,764
0.014,784
0.015,783
0.016,764
0.017,748
0.018,730
0.019,738
0.02,740
0.021,743
0.022,741
0.023,745
0.024,772
0.025,776
0.026,764
0.027,728
0.028,740
0.029,727
0.03,728
0.031,747
0.032,763
0.033,739
0.034,716
0.035,729
0.036,733
0.037,731
0.038,766
0.039,763
0.04,739
0.041,723
0.042,732
0.043,733
0.044,730
0.045,769
0.046,760
0.047,738
0.048,737
0.049,752
0.05,744
0.051,776
0.052,794
0.053,775
0.054,754
0.055,768
0.056,763
0.057,768
0.058,793
0.059,802
0.06,777
0.061,761
0.062,788
0.063,777
0.064,776
0.065,800
0.066,792
0.067,768
0.068,769
0.069,774
0.07,772
0.071,811
0.072,807
0.073,777
0.074,759
0.075,779
0.076,777
0.077,771
0.078,860
0.079,852
0.08,827
0.081,819
0.082,845
0.083,826
0.084,858
0.085,894
0.086,845
0.087,832
0.088,843
0.089,829
0.09,821
0.091,854
0.092,841
0.093,821
0.094,822
0.095,829
0.096,828
0.097,834
0.098,847
0.099,822
0.1,810
0.101,827
0.102,814
0.103,805
0.104,858
0.105,856
0.106,829
0.107,823
0.108,834
0.109,826
0.11,845
0.111,859
0.112,833
0.113,808
0.114,827
0.115,822
0.116,812
0.117,845
0.118,847
0.119,806
0.12,810
0.121,816
0.122,807
0.123,832
0.124,841
0.125,816
0.126,797
0.127,830
0.128,848
0.129,826
0.13,885
0.131,877
0.132,853
0.133,843
0.134,847
0.135,837
0.136,852
0.137,867
0.138,846
0.139,821
0.14,838
0.141,829
0.142,820
0.143,854
0.144,878
0.145,834
0.146,831
0.147,849
0.148,847
0.149,826
0.15,863
0.151,851
0.152,829
0.153,826
0.154,826
0.155,818
0.156,817
0.157,837
0.158,820
0.159,798
0.16,800
0.161,799
0.162,793
0.163,810
0.164,820
0.165,795
0.166,774
0.167,778
0.168,768
0.169,758
0.17,778
0.171,782
0.172,756
0.173,735
0.174,743
0.175,742
0.176,735
0.177,760
0.178,762
0.179,742
0.18,740
0.181,742
0.182,731
0.183,722
0.184,753
0.185,749
0.186,736
0.187,747
0.188,740
0.189,738
0.19,735
0.191,758
0.192,749
0.193,730
0.194,744
0.195,743
0.196,754
0.197,787
0.198,794
0.199,770
0.2,746
0.201,754
0.202,759
0.203,756
0.204,768
0.205,785
0.206,770
0.207,745
0.208,750
0.209,757
0.21,752
0.211,776
0.212,775
0.213,755
0.214,738
0.215,738
0.216,739
0.217,731
0.218,757
0.219,758
0.22,738
0.221,729
0.222,725
0.223,731
0.224,737
0.225,769
0.226,769
0.227,745
0.228,750
0.229,750
0.23,771
0.231,780
0.232,799
0.233,777
0.234,756
0.235,760
0.236,752
0.237,739
0.238,780
0.239,762
0.24,739
0.241,745
0.242,755
0.243,748
0.244,777
0.245,773
0.246,750
0.247,742
0.248,748
0.249,758
0.25,759
0.251,808
0.252,803
0.253,767
0.254,770
0.255,776
0.256,767
0.257,779
0.258,779
0.259,756
0.26,740
0.261,761
0.262,758
0.263,750
0.264,779
0.265,766
0.266,756
0.267,770
0.268,770
0.269,768
0.27,816
0.271,832
0.272,811
0.273,798
0.274,809
0.275,797
0.276,773
0.277,820
0.278,808
0.279,791
0.28,792
0.281,812
0.282,793
0.283,831
0.284,865
0.285,845
0.286,832
0.287,856
0.288,859
0.289,856
0.29,896
0.291,890
0.292,872
0.293,885
0.294,884
0.295,916
0.296,964
0.297,968
0.298,958
0.299,939
0.3,943
0.301,930
0.302,925
0.303,957
0.304,956
0.305,933
0.306,935
0.307,921
0.308,919
0.309,962
0.31,976
0.311,960
0.312,1000
0.313,1045
0.314,1023
0.315,1003
0.316,1047
0.317,1033
0.318,999
0.319,1002
0.32,992
0.321,967
0.322,1024
0.323,1010
0.324,986
0.325,972
0.326,986
0.327,974
0.328,940
0.329,972
0.33,954
0.331,935
0.332,947
0.333,959
0.334,940
0.335,963
0.336,977
0.337,965
0.338,958
0.339,973
0.34,1006
0.341,999
0.342,1016
0.343,998
0.344,997
0.345,996
0.346,1012
0.347,1017
0.348,1059
0.349,1042
0.35,1024
0.351,995
0.352,998
0.353,1016
0.354,1008
0.355,1034
0.356,1022
0.357,1024
0.358,1022
0.359,1016
0.36,1005
0.361,1096
0.362,1092
0.363,1117
0.364,1103
0.365,1132
0.366,1156
0.367,1169
0.368,1187
0.369,1148
0.37,1120
0.371,1116
0.372,1106
0.373,1110
0.374,1182
0.375,1193
0.376,1195
0.377,1201
0.378,1182
0.379,1175
0.38,1182
0.381,1175
0.382,1160
0.383,1174
0.384,1173
0.385,1152
0.386,1132
0.387,1163
0.388,1173
0.389,1161
0.39,1173
0.391,1184
0.392,1185
0.393,1232
0.394,1200
0.395,1196
0.396,1173
0.397,1178
0.398,1158
0.399,1165
0.4,1212
0.401,1320
0.402,1354
0.403,1481
0.404,1538
0.405,1608
0.406,1621
0.407,1720
0.408,1717
0.409,1659
0.41,1644
0.411,1587
0.412,1543
0.413,1568
0.414,1551
0.415,1559
0.416,1550
0.417,1543
0.418,1536
0.419,1548
0.42,1535
0.421,1501
0.422,1514
0.423,1535
0.424,1559
0.425,1593
0.426,1601
0.427,1583
0.428,1543
0.429,1551
0.43,1550
0.431,1560
0.432,1630
0.433,1678
0.434,1639
0.435,1719
0.436,1856
0.437,1918
0.438,2047
0.439,2076
0.44,2028
0.441,1980
0.442,1952
0.443,1913
0.444,1904
0.445,1967
0.446,1967
0.447,2005
0.448,2026
0.449,2048
0.45,2064
0.451,2049
0.452,2185
0.453,2215
0.454,2320
0.455,2304
0.456,2312
0.457,2256
0.458,2248
0.459,2179
0.46,2176
0.461,2168
0.462,2187
0.463,2135
0.464,2092
0.465,2065
0.466,1992
0.467,1946
0.468,1924
0.469,1876
0.47,1836
0.471,1845
0.472,1846
0.473,1837
0.474,1825
0.475,1807
0.476,1776
0.477,1792
0.478,1789
0.479,1814
0.48,1793
0.481,1791
0.482,1779
0.483,1753
0.484,1772
0.485,1792
0.486,1754
0.487,1744
0.488,1744
0.489,1741
0.49,1821
0.491,1918
0.492,1844
0.493,1860
0.494,1873
0.495,1855
0.496,1860
0.497,1887
0.498,1920
0.499,1907
0.5,1963
0.501,2048
0.502,2130
0.503,2179
0.504,2189
0.505,2181
0.506,2182
0.507,2158
0.508,2190
0.509,2181
0.51,2173
0.511,2130
0.512,2064
0.513,2016
0.514,1971
0.515,1927
0.516,1862
0.517,1864
0.518,1837
0.519,1787
0.52,1806
0.521,1808
0.522,1755
0.523,1756
0.524,1749
0.525,1823
0.526,1791
0.527,1777
0.528,1714
0.529,1709
0.53,1731
0.531,1725
0.532,1696
0.533,1717
0.534,1701
0.535,1654
0.536,1651
0.537,1776
0.538,1871
0.539,1893
0.54,1861
0.541,1816
0.542,1787
0.543,1818
0.544,1859
0.545,1919
0.546,1922
0.547,1968
0.548,1927
0.549,1916
0.55,1859
0.551,1864
0.552,1895
0.553,1871
0.554,1857
0.555,1819
0.556,1803
0.557,1776
0.558,1728
0.559,1715
0.56,1687
0.561,1701
0.562,1666
0.563,1664
0.564,1706
0.565,1702
0.566,1688
0.567,1644
0.568,1611
0.569,1650
0.57,1667
0.571,1672
0.572,1639
0.573,1663
0.574,1625
0.575,1640
0.576,1599
0.577,1550
0.578,1513
0.579,1514
0.58,1494
0.581,1456
0.582,1474
0.583,1494
0.584,1478
0.585,1476
0.586,1443
0.587,1416
0.588,1439
0.589,1415
0.59,1386
0.591,1389
0.592,1397
0.593,1408
0.594,1382
0.595,1394
0.596,1362
0.597,1335
0.598,1348
0.599,1332
0.6,1341
0.601,1408
0.602,1389
0.603,1393
0.604,1371
0.605,1382
0.606,1396
0.607,1400
0.608,1476
0.609,1451
0.61,1443
0.611,1439
0.612,1420
0.613,1545
0.614,1622
0.615,1699
0.616,1734
0.617,1719
0.618,1704
0.619,1658
0.62,1661
0.621,1700
0.622,1984
0.623,2074
0.624,2183
0.625,2245
0.626,2236
0.627,2277
0.628,2223
0.629,2160
0.63,2096
0.631,2050
0.632,1992
0.633,2009
0.634,1976
0.635,1899
0.636,1840
0.637,1816
0.638,1761
0.639,1708
0.64,1704
0.641,1687
0.642,1663
0.643,1622
0.644,1613
0.645,1720
0.646,1825
0.647,1892
0.648,1891
0.649,1852
0.65,1842
0.651,1802
0.652,1755
0.653,1759
0.654,1724
0.655,1670
0.656,1688
0.657,1645
0.658,1664
0.659,1620
0.66,1613
0.661,1580
0.662,1542
0.663,1532
0.664,1466
0.665,1443
0.666,1435
0.667,1403
0.668,1359
0.669,1334
0.67,1336
0.671,1285
0.672,1307
0.673,1291
0.674,1271
0.675,1246
0.676,1236
0.677,1216
0.678,1192
0.679,1207
0.68,1247
0.681,1293
0.682,1336
0.683,1370
0.684,1401
0.685,1428
0.686,1408
0.687,1384
0.688,1397
0.689,1380
0.69,1331
0.691,1321
0.692,1368
0.693,1372
0.694,1302
0.695,1284
0.696,1275
0.697,1239
0.698,1232
0.699,1244
0.7,1234
0.701,1203
0.702,1207
0.703,1168
0.704,1134
0.705,1176
0.706,1156
0.707,1119
0.708,1109
0.709,1105
0.71,1074
0.711,1095
0.712,1082
0.713,1039
0.714,1014
0.715,1058
0.716,1037
0.717,1022
0.718,1048
0.719,1055
0.72,1055
0.721,1034
0.722,1032
0.723,1025
0.724,1050
0.725,1047
0.726,1036
0.727,1030
0.728,1080
0.729,1056
0.73,1027
0.731,1059
0.732,1048
0.733,1018
0.734,1012
0.735,1001
0.736,979
0.737,1017
0.738,1023
0.739,980
0.74,968
0.741,968
0.742,956
0.743,925
0.744,972
0.745,974
0.746,952
0.747,976
0.748,939
0.749,912
0.75,944
0.751,936
0.752,908
0.753,906
0.754,924
0.755,900
0.756,904
0.757,920
0.758,910
0.759,887
0.76,898
0.761,886
0.762,871
0.763,911
0.764,886
0.765,862
0.766,870
0.767,879
0.768,872
0.769,889
0.77,902
0.771,880
0.772,861
0.773,869
0.774,861
0.775,837
0.776,861
0.777,861
0.778,838
0.779,837
0.78,864
0.781,847
0.782,880
0.783,878
0.784,870
0.785,863
0.786,904
0.787,904
0.788,878
0.789,916
0.79,899
0.791,890
0.792,900
0.793,890
0.794,857
0.795,888
0.796,912
0.797,882
0.798,880
0.799,910
0.8,890
0.801,871
0.802,917
0.803,916
0.804,904
0.805,918
0.806,906
0.807,877
0.808,887
0.809,912
0.81,898
0.811,897
0.812,916
0.813,893
0.814,862
0.815,900
0.816,900
0.817,901
0.818,911
0.819,907
0.82,896
0.821,894
0.822,911
0.823,906
0.824,910
0.825,949
0.826,927
0.827,903
0.828,931
0.829,926
0.83,917
0.831,935
0.832,921
0.833,891
0.834,901
0.835,926
0.836,920
0.837,924
0.838,936
0.839,893
0.84,889
0.841,917
0.842,919
0.843,924
0.844,945
0.845,936
0.846,894
0.847,921
0.848,932
0.849,948
0.85,960
0.851,944
0.852,928
0.853,932
0.854,931
0.855,954
0.856,948
0.857,958
0.858,928
0.859,902
0.86,920
0.861,927
0.862,926
0.863,935
0.864,942
0.865,916
0.866,924
0.867,957
0.868,967
0.869,972
0.87,983
0.871,954
0.872,920
0.873,947
0.874,964
0.875,967
0.876,984
0.877,985
0.878,951
0.879,945
0.88,972
0.881,965
0.882,963
0.883,987
0.884,961
0.885,932
0.886,992
0.887,981
0.888,977
0.889,992
0.89,1000
0.891,957
0.892,977
0.893,991
0.894,986
0.895,991
0.896,1003
0.897,972
0.898,942
0.899,970
0.9,975
0.901,970
0.902,983
0.903,964
0.904,934
0.905,943
0.906,961
0.907,954
0.908,951
0.909,966
0.91,928
0.911,906
0.912,938
0.913,941
0.914,952
0.915,952
0.916,946
0.917,914
0.918,936
0.919,944
0.92,920
0.921,919
0.922,954
0.923,924
0.924,891
0.925,918
0.926,931
0.927,922
0.928,932
0.929,928
0.93,896
0.931,896
0.932,919
0.933,908
0.934,900
0.935,922
0.936,916
0.937,881
0.938,920
0.939,935
0.94,921
0.941,923
0.942,941
0.943,908
0.944,912
0.945,932
0.946,926
0.947,921
0.948,948
0.949,914
0.95,880
0.951,903
0.952,927
0.953,900
0.954,912
0.955,912
0.956,867
0.957,884
0.958,891
0.959,881
0.96,879
0.961,892
0.962,863
0.963,847
0.964,899
0.965,896
0.966,887
0.967,901
0.968,890
0.969,861
0.97,880
0.971,890
0.972,880
0.973,878
0.974,887
0.975,861
0.976,861
0.977,883
0.978,876
0.979,865
0.98,886
0.981,876
0.982,851
0.983,875
0.984,886
0.985,880
0.986,872
0.987,885
0.988,864
0.989,849
0.99,893
0.991,878
0.992,864
0.993,872
0.994,871
0.995,850
0.996,844
0.997,874
0.998,866
0.999,863
