0.0,922
0.01,910
0.02,900
0.03,910
0.04,939
0.05,916
0.06,904
0.07,905
0.08,925
0.09,939
0.1,937
0.11,916
0.12,907
0.13,916
0.14,934
0.15,929
0.16,919
0.17,906
0.18,929
0.19,950
0.2,942
0.21,955
0.22,928
0.23,943
0.24,950
0.25,952
0.26,960
0.27,946
0.28,966
0.29,974
0.3,962
0.31,950
0.32,952
0.33,960
0.34,999
0.35,971
0.36,961
0.37,983
0.38,992
0.39,1012
0.4,1013
0.41,991
0.42,990
0.43,1021
0.44,1017
0.45,1034
0.46,1008
0.47,1015
0.48,1058
0.49,1135
0.5,1120
0.51,1084
0.52,1083
0.53,1120
0.54,1216
0.55,1204
0.56,1215
0.57,1194
0.58,1210
0.59,1248
0.6,1287
0.61,1261
0.62,1246
0.63,1239
0.64,1268
0.65,1306
0.66,1298
0.67,1280
0.68,1260
0.69,1280
0.7,1282
0.71,1265
0.72,1245
0.73,1229
0.74,1218
0.75,1226
0.76,1226
0.77,1213
0.78,1192
0.79,1187
0.8,1205
0.81,1221
0.82,1211
0.83,1215
0.84,1166
0.85,1199
0.86,1170
0.87,1187
0.88,1151
0.89,1149
0.9,1170
0.91,1153
0.92,1143
0.93,1141
0.94,1114
0.95,1119
0.96,1117
0.97,1130
0.98,1093
0.99,1075
1.0,1092
1.01,1103
1.02,1106
1.03,1089
1.04,1087
1.05,1064
1.06,1080
1.07,1092
1.08,1078
1.09,1072
1.1,1081
1.11,1110
1.12,1131
1.13,1104
1.14,1093
1.15,1084
1.16,1104
1.17,1177
1.18,1179
1.19,1172
1.2,1162
1.21,1209
1.22,1276
1.23,1249
1.24,1231
1.25,1231
1.26,1279
1.27,1324
1.28,1318
1.29,1300
1.3,1291
1.31,1326
1.32,1391
1.33,1357
1.34,1337
1.35,1347
1.36,1359
1.37,1448
1.38,1428
1.39,1405
1.4,1423
1.41,1454
1.42,1503
1.43,1483
1.44,1459
1.45,1445
1.46,1492
1.47,1584
1.48,1544
1.49,1520
1.5,1534
1.51,1545
1.52,1616
1.53,1586
1.54,1561
1.55,1549
1.56,1580
1.57,1600
1.58,1547
1.59,1526
1.6,1515
1.61,1568
1.62,1612
1.63,1601
1.64,1575
1.65,1560
1.66,1561
1.67,1610
1.68,1637
1.69,1611
1.7,1585
1.71,1596
1.72,1617
1.73,1646
1.74,1603
1.75,1567
1.76,1548
1.77,1549
1.78,1538
1.79,1516
1.8,1505
1.81,1494
1.82,1489
1.83,1473
1.84,1456
1.85,1439
1.86,1425
1.87,1431
1.88,1429
1.89,1420
1.9,1400
1.91,1379
1.92,1404
1.93,1410
1.94,1396
1.95,1381
1.96,1364
1.97,1358
1.98,1360
1.99,1360
2.0,1368
2.01,1348
2.02,1343
2.03,1321
2.04,1329
2.05,1313
2.06,1307
2.07,1307
2.08,1301
2.09,1300
2.1,1288
2.11,1269
2.12,1256
2.13,1271
2.14,1280
2.15,1271
2.16,1249
2.17,1244
2.18,1240
2.19,1257
2.2,1280
2.21,1263
2.22,1251
2.23,1280
2.24,1316
2.25,1307
2.26,1296
2.27,1283
2.28,1282
2.29,1328
2.3,1360
2.31,1357
2.32,1328
2.33,1338
2.34,1367
2.35,1411
2.36,1396
2.37,1399
2.38,1369
2.39,1394
2.4,1487
2.41,1480
2.42,1451
2.43,1439
2.44,1470
2.45,1518
2.46,1475
2.47,1483
2.48,1478
2.49,1569
2.5,1584
2.51,1558
2.52,1541
2.53,1555
2.54,1576
2.55,1597
2.56,1572
2.57,1583
2.58,1568
2.59,1546
2.6,1550
2.61,1527
2.62,1500
2.63,1502
2.64,1527
2.65,1568
2.66,1545
2.67,1535
2.68,1528
2.69,1529
2.7,1545
2.71,1519
2.72,1521
2.73,1500
2.74,1549
2.75,1551
2.76,1522
2.77,1506
2.78,1535
2.79,1523
2.8,1585
2.81,1584
2.82,1538
2.83,1569
2.84,1589
2.85,1555
2.86,1540
2.87,1530
2.88,1560
2.89,1584
2.9,1619
2.91,1589
2.92,1564
2.93,1615
2.94,1585
2.95,1602
2.96,1577
2.97,1568
2.98,1545
2.99,1582
3.0,1573
3.01,1554
3.02,1546
3.03,1607
3.04,1588
3.05,1631
3.06,1616
3.07,1610
3.08,1632
3.09,1605
3.1,1621
3.11,1577
3.12,1584
3.13,1592
3.14,1585
3.15,1632
3.16,1637
3.17,1615
3.18,1612
3.19,1628
3.2,1632
3.21,1631
3.22,1583
3.23,1575
3.24,1616
3.25,1631
3.26,1593
3.27,1568
3.28,1549
3.29,1591
3.3,1610
3.31,1600
3.32,1576
3.33,1595
3.34,1586
3.35,1595
3.36,1555
3.37,1544
3.38,1536
3.39,1532
3.4,1628
3.41,1615
3.42,1594
3.43,1544
3.44,1599
3.45,1584
3.46,1537
3.47,1508
3.48,1504
3.49,1526
3.5,1523
3.51,1631
3.52,1587
3.53,1537
3.54,1550
3.55,1565
3.56,1579
3.57,1560
3.58,1544
3.59,1536
3.6,1522
3.61,1528
3.62,1537
3.63,1498
3.64,1483
3.65,1490
3.66,1491
3.67,1483
3.68,1460
3.69,1441
3.7,1430
3.71,1418
3.72,1409
3.73,1397
3.74,1384
3.75,1384
3.76,1402
3.77,1393
3.78,1392
3.79,1395
3.8,1364
3.81,1343
3.82,1341
3.83,1352
3.84,1315
3.85,1301
3.86,1305
3.87,1318
3.88,1323
3.89,1309
3.9,1298
3.91,1305
3.92,1304
3.93,1317
3.94,1309
3.95,1302
3.96,1282
3.97,1285
3.98,1297
3.99,1307
4.0,1274
4.01,1295
4.02,1273
4.03,1295
4.04,1383
4.05,1385
4.06,1355
4.07,1367
4.08,1397
4.09,1456
4.1,1456
4.11,1444
4.12,1442
4.13,1460
4.14,1480
4.15,1440
4.16,1428
4.17,1453
4.18,1486
4.19,1536
4.2,1486
4.21,1466
4.22,1475
4.23,1466
4.24,1501
4.25,1462
4.26,1444
4.27,1458
4.28,1483
4.29,1488
4.3,1496
4.31,1457
4.32,1462
4.33,1473
4.34,1562
4.35,1533
4.36,1535
4.37,1583
4.38,1537
4.39,1552
4.4,1525
4.41,1536
4.42,1496
4.43,1540
4.44,1648
4.45,1624
4.46,1548
4.47,1596
4.48,1599
4.49,1625
4.5,1617
4.51,1607
4.52,1607
4.53,1643
4.54,1652
4.55,1622
4.56,1628
4.57,1644
4.58,1673
4.59,1712
4.6,1684
4.61,1642
4.62,1634
4.63,1635
4.64,1623
4.65,1600
4.66,1567
4.67,1569
4.68,1589
4.69,1663
4.7,1644
4.71,1636
4.72,1696
4.73,1632
4.74,1648
4.75,1652
4.76,1625
4.77,1674
4.78,1692
4.79,1684
4.8,1648
4.81,1622
4.82,1606
4.83,1619
4.84,1703
4.85,1664
4.86,1621
4.87,1643
4.88,1646
4.89,1645
4.9,1630
4.91,1630
4.92,1588
4.93,1616
4.94,1658
4.95,1633
4.96,1611
4.97,1644
4.98,1631
4.99,1652
5.0,1610
5.01,1598
5.02,1624
5.03,1592
5.04,1574
5.05,1562
5.06,1543
5.07,1583
5.08,1596
5.09,1612
5.1,1595
5.11,1614
5.12,1591
5.13,1593
5.14,1594
5.15,1571
5.16,1572
5.17,1589
5.18,1604
5.19,1653
5.2,1606
5.21,1586
5.22,1584
5.23,1579
5.24,1592
5.25,1591
5.26,1548
5.27,1578
5.28,1588
5.29,1600
5.3,1546
5.31,1538
5.32,1524
5.33,1566
5.34,1600
5.35,1576
5.36,1536
5.37,1561
5.38,1598
5.39,1549
5.4,1535
5.41,1540
5.42,1576
5.43,1567
5.44,1629
5.45,1609
5.46,1589
5.47,1582
5.48,1608
5.49,1624
5.5,1586
5.51,1562
5.52,1560
5.53,1572
5.54,1614
5.55,1610
5.56,1601
5.57,1597
5.58,1656
5.59,1658
5.6,1680
5.61,1647
5.62,1621
5.63,1619
5.64,1652
5.65,1606
5.66,1579
5.67,1583
5.68,1614
5.69,1639
5.7,1654
5.71,1664
5.72,1623
5.73,1616
5.74,1644
5.75,1637
5.76,1590
5.77,1584
5.78,1636
5.79,1616
5.8,1617
5.81,1588
5.82,1600
5.83,1566
5.84,1592
5.85,1660
5.86,1625
5.87,1592
5.88,1626
5.89,1625
5.9,1636
5.91,1587
5.92,1576
5.93,1580
5.94,1603
5.95,1644
5.96,1616
5.97,1571
5.98,1589
5.99,1600
6.0,1608
6.01,1583
6.02,1600
6.03,1565
6.04,1597
6.05,1584
6.06,1556
6.07,1531
6.08,1529
6.09,1554
6.1,1583
6.11,1557
6.12,1544
6.13,1543
6.14,1555
6.15,1560
6.16,1541
6.17,1537
6.18,1526
6.19,1579
6.2,1589
6.21,1611
6.22,1570
6.23,1557
6.24,1548
6.25,1557
6.26,1564
6.27,1504
6.28,1478
6.29,1510
6.3,1523
6.31,1508
6.32,1492
6.33,1489
6.34,1494
6.35,1515
6.36,1541
6.37,1522
6.38,1507
6.39,1533
6.4,1579
6.41,1541
6.42,1536
6.43,1498
6.44,1494
6.45,1528
6.46,1592
6.47,1569
6.48,1557
6.49,1570
6.5,1590
6.51,1599
6.52,1577
6.53,1584
6.54,1565
6.55,1568
6.56,1567
6.57,1537
6.58,1516
6.59,1535
6.6,1548
6.61,1578
6.62,1559
6.63,1544
6.64,1539
6.65,1551
6.66,1539
6.67,1520
6.68,1520
6.69,1497
6.7,1567
6.71,1584
6.72,1539
6.73,1512
6.74,1491
6.75,1481
6.76,1487
6.77,1488
6.78,1465
6.79,1462
6.8,1472
6.81,1476
6.82,1481
6.83,1452
6.84,1471
6.85,1455
6.86,1467
6.87,1513
6.88,1502
6.89,1476
6.9,1528
6.91,1504
6.92,1504
6.93,1480
6.94,1464
6.95,1464
6.96,1493
6.97,1546
6.98,1523
6.99,1500
7.0,1495
7.01,1501
7.02,1517
7.03,1519
7.04,1455
7.05,1450
7.06,1453
7.07,1524
7.08,1472
7.09,1435
7.1,1424
7.11,1462
7.12,1489
7.13,1504
7.14,1488
7.15,1471
7.16,1470
7.17,1488
7.18,1488
7.19,1471
7.2,1461
7.21,1488
7.22,1530
7.23,1544
7.24,1576
7.25,1504
7.26,1528
7.27,1507
7.28,1498
7.29,1476
7.3,1452
7.31,1506
7.32,1536
7.33,1491
7.34,1484
7.35,1454
7.36,1455
7.37,1479
7.38,1514
7.39,1487
7.4,1465
7.41,1484
7.42,1491
7.43,1480
7.44,1459
7.45,1447
7.46,1437
7.47,1472
7.48,1535
7.49,1502
7.5,1482
7.51,1477
7.52,1484
7.53,1485
7.54,1462
7.55,1438
7.56,1440
7.57,1450
7.58,1461
7.59,1436
7.6,1416
7.61,1448
7.62,1455
7.63,1500
7.64,1488
7.65,1495
7.66,1458
7.67,1457
7.68,1456
7.69,1432
7.7,1412
7.71,1424
7.72,1440
7.73,1480
7.74,1460
7.75,1454
7.76,1444
7.77,1443
7.78,1453
7.79,1432
7.8,1410
7.81,1416
7.82,1472
7.83,1457
7.84,1439
7.85,1424
7.86,1411
7.87,1414
7.88,1496
7.89,1488
7.9,1496
7.91,1443
7.92,1479
7.93,1481
7.94,1467
7.95,1447
7.96,1440
7.97,1434
7.98,1547
7.99,1514
8.0,1486
8.01,1467
8.02,1502
8.03,1510
8.04,1484
8.05,1464
8.06,1452
8.07,1453
8.08,1504
8.09,1478
8.1,1446
8.11,1422
8.12,1454
8.13,1469
8.14,1536
8.15,1500
8.16,1453
8.17,1449
8.18,1474
8.19,1469
8.2,1444
8.21,1424
8.22,1425
8.23,1460
8.24,1536
8.25,1508
8.26,1470
8.27,1488
8.28,1474
8.29,1494
8.3,1454
8.31,1429
8.32,1454
8.33,1463
8.34,1464
8.35,1437
8.36,1418
8.37,1431
8.38,1434
8.39,1495
8.4,1462
8.41,1440
8.42,1471
8.43,1470
8.44,1461
8.45,1441
8.46,1425
8.47,1430
8.48,1504
8.49,1571
8.5,1547
8.51,1483
8.52,1497
8.53,1501
8.54,1511
8.55,1490
8.56,1490
8.57,1476
8.58,1513
8.59,1520
8.6,1491
8.61,1472
8.62,1462
8.63,1485
8.64,1518
8.65,1504
8.66,1498
8.67,1472
8.68,1488
8.69,1492
8.7,1470
8.71,1446
8.72,1434
8.73,1479
8.74,1511
8.75,1519
8.76,1511
8.77,1463
8.78,1495
8.79,1467
8.8,1475
8.81,1436
8.82,1435
8.83,1475
8.84,1511
8.85,1463
8.86,1496
8.87,1467
8.88,1432
8.89,1503
8.9,1536
8.91,1483
8.92,1498
8.93,1511
8.94,1501
8.95,1492
8.96,1480
8.97,1437
8.98,1441
8.99,1490
9.0,1542
9.01,1514
9.02,1489
9.03,1504
9.04,1504
9.05,1501
9.06,1494
9.07,1462
9.08,1456
9.09,1492
9.1,1478
9.11,1459
9.12,1435
9.13,1443
9.14,1461
9.15,1503
9.16,1504
9.17,1462
9.18,1453
9.19,1466
9.2,1470
9.21,1448
9.22,1455
9.23,1419
9.24,1461
9.25,1502
9.26,1512
9.27,1471
9.28,1458
9.29,1471
9.3,1461
9.31,1454
9.32,1463
9.33,1407
9.34,1456
9.35,1446
9.36,1435
9.37,1440
9.38,1400
9.39,1391
9.4,1412
9.41,1459
9.42,1440
9.43,1418
9.44,1411
9.45,1432
9.46,1437
9.47,1417
9.48,1398
9.49,1382
9.5,1379
9.51,1408
9.52,1419
9.53,1360
9.54,1340
9.55,1356
9.56,1358
9.57,1357
9.58,1338
9.59,1323
9.6,1317
9.61,1317
9.62,1330
9.63,1314
9.64,1294
9.65,1276
9.66,1298
9.67,1309
9.68,1306
9.69,1287
9.7,1274
9.71,1269
9.72,1272
9.73,1274
9.74,1256
9.75,1237
9.76,1224
9.77,1244
9.78,1278
9.79,1232
9.8,1216
9.81,1208
9.82,1201
9.83,1216
9.84,1215
9.85,1181
9.86,1166
9.87,1195
9.88,1208
9.89,1224
9.9,1188
9.91,1184
9.92,1189
9.93,1244
9.94,1241
9.95,1207
9.96,1203
9.97,1228
9.98,1241
9.99,1248
