0.0,863
0.01,857
0.02,877
0.03,871
0.04,859
0.05,851
0.06,846
0.07,871
0.08,876
0.09,867
0.1,858
0.11,852
0.12,852
0.13,867
0.14,862
0.15,853
0.16,863
0.17,865
0.18,877
0.19,880
0.2,871
0.21,864
0.22,859
0.23,872
0.24,888
0.25,888
0.26,880
0.27,879
0.28,901
0.29,914
0.3,900
0.31,896
0.32,891
0.33,910
0.34,947
0.35,928
0.36,923
0.37,975
0.38,1007
0.39,1062
0.4,1056
0.41,1039
0.42,1036
0.43,1088
0.44,1149
0.45,1144
0.46,1131
0.47,1131
0.48,1170
0.49,1216
0.5,1187
0.51,1175
0.52,1169
0.53,1213
0.54,1286
0.55,1275
0.56,1258
0.57,1279
0.58,1283
0.59,1344
0.6,1318
0.61,1304
0.62,1301
0.63,1329
0.64,1425
0.65,1420
0.66,1398
0.67,1408
0.68,1426
0.69,1439
0.7,1449
0.71,1432
0.72,1404
0.73,1402
0.74,1456
0.75,1497
0.76,1474
0.77,1448
0.78,1497
0.79,1536
0.8,1529
0.81,1503
0.82,1481
0.83,1477
0.84,1510
0.85,1561
0.86,1539
0.87,1514
0.88,1505
0.89,1544
0.9,1585
0.91,1569
0.92,1549
0.93,1552
0.94,1536
0.95,1588
0.96,1603
0.97,1599
0.98,1552
0.99,1578
1.0,1582
1.01,1588
1.02,1549
1.03,1540
1.04,1549
1.05,1572
1.06,1593
1.07,1551
1.08,1527
1.09,1562
1.1,1610
1.11,1628
1.12,1587
1.13,1578
1.14,1579
1.15,1638
1.16,1642
1.17,1616
1.18,1586
1.19,1620
1.2,1628
1.21,1672
1.22,1633
1.23,1648
1.24,1615
1.25,1617
1.26,1615
1.27,1592
1.28,1587
1.29,1596
1.3,1619
1.31,1657
1.32,1630
1.33,1656
1.34,1616
1.35,1614
1.36,1619
1.37,1617
1.38,1580
1.39,1608
1.4,1624
1.41,1629
1.42,1631
1.43,1580
1.44,1576
1.45,1602
1.46,1625
1.47,1602
1.48,1573
1.49,1631
1.5,1611
1.51,1589
1.52,1600
1.53,1587
1.54,1592
1.55,1620
1.56,1672
1.57,1652
1.58,1631
1.59,1590
1.6,1615
1.61,1638
1.62,1603
1.63,1594
1.64,1536
1.65,1577
1.66,1619
1.67,1616
1.68,1580
1.69,1593
1.7,1608
1.71,1594
1.72,1608
1.73,1574
1.74,1583
1.75,1576
1.76,1534
1.77,1525
1.78,1502
1.79,1482
1.8,1472
1.81,1479
1.82,1469
1.83,1454
1.84,1438
1.85,1430
1.86,1415
1.87,1423
1.88,1397
1.89,1378
1.9,1364
1.91,1361
1.92,1388
1.93,1377
1.94,1339
1.95,1335
1.96,1346
1.97,1325
1.98,1323
1.99,1304
2.0,1285
2.01,1280
2.02,1301
2.03,1299
2.04,1290
2.05,1278
2.06,1279
2.07,1288
2.08,1281
2.09,1270
2.1,1268
2.11,1254
2.12,1273
2.13,1283
2.14,1273
2.15,1280
2.16,1253
2.17,1280
2.18,1312
2.19,1358
2.2,1336
2.21,1316
2.22,1376
2.23,1392
2.24,1406
2.25,1394
2.26,1382
2.27,1423
2.28,1391
2.29,1369
2.3,1346
2.31,1368
2.32,1405
2.33,1434
2.34,1413
2.35,1391
2.36,1386
2.37,1397
2.38,1378
2.39,1392
2.4,1360
2.41,1382
2.42,1396
2.43,1387
2.44,1385
2.45,1359
2.46,1403
2.47,1386
2.48,1364
2.49,1360
2.5,1406
2.51,1408
2.52,1392
2.53,1375
2.54,1370
2.55,1380
2.56,1457
2.57,1441
2.58,1415
2.59,1451
2.6,1463
2.61,1459
2.62,1437
2.63,1442
2.64,1466
2.65,1480
2.66,1437
2.67,1426
2.68,1469
2.69,1497
2.7,1484
2.71,1481
2.72,1488
2.73,1494
2.74,1477
2.75,1444
2.76,1512
2.77,1484
2.78,1516
2.79,1496
2.8,1477
2.81,1517
2.82,1528
2.83,1470
2.84,1493
2.85,1498
2.86,1499
2.87,1482
2.88,1457
2.89,1493
2.9,1528
2.91,1508
2.92,1474
2.93,1503
2.94,1502
2.95,1536
2.96,1497
2.97,1496
2.98,1521
2.99,1548
3.0,1523
3.01,1521
3.02,1513
3.03,1516
3.04,1528
3.05,1540
3.06,1530
3.07,1543
3.08,1544
3.09,1516
3.1,1511
3.11,1504
3.12,1528
3.13,1556
3.14,1557
3.15,1568
3.16,1576
3.17,1574
3.18,1553
3.19,1532
3.2,1514
3.21,1534
3.22,1565
3.23,1562
3.24,1547
3.25,1555
3.26,1546
3.27,1545
3.28,1532
3.29,1524
3.3,1599
3.31,1560
3.32,1556
3.33,1552
3.34,1532
3.35,1559
3.36,1526
3.37,1551
3.38,1513
3.39,1565
3.4,1568
3.41,1556
3.42,1517
3.43,1517
3.44,1535
3.45,1535
3.46,1527
3.47,1508
3.48,1507
3.49,1519
3.5,1501
3.51,1504
3.52,1535
3.53,1552
3.54,1574
3.55,1515
3.56,1534
3.57,1561
3.58,1571
3.59,1538
3.6,1526
3.61,1542
3.62,1552
3.63,1535
3.64,1494
3.65,1529
3.66,1532
3.67,1534
3.68,1514
3.69,1495
3.7,1482
3.71,1495
3.72,1500
3.73,1493
3.74,1464
3.75,1488
3.76,1473
3.77,1444
3.78,1436
3.79,1426
3.8,1435
3.81,1431
3.82,1414
3.83,1398
3.84,1456
3.85,1430
3.86,1406
3.87,1399
3.88,1407
3.89,1486
3.9,1477
3.91,1473
3.92,1516
3.93,1527
3.94,1571
3.95,1553
3.96,1530
3.97,1558
3.98,1560
3.99,1552
4.0,1524
4.01,1514
4.02,1526
4.03,1566
4.04,1589
4.05,1545
4.06,1540
4.07,1552
4.08,1531
4.09,1506
4.1,1484
4.11,1528
4.12,1556
4.13,1540
4.14,1583
4.15,1547
4.16,1545
4.17,1570
4.18,1600
4.19,1539
4.2,1527
4.21,1564
4.22,1556
4.23,1531
4.24,1503
4.25,1492
4.26,1496
4.27,1509
4.28,1488
4.29,1466
4.3,1479
4.31,1479
4.32,1480
4.33,1455
4.34,1478
4.35,1448
4.36,1482
4.37,1424
4.38,1455
4.39,1438
4.4,1473
4.41,1479
4.42,1461
4.43,1471
4.44,1450
4.45,1461
4.46,1453
4.47,1429
4.48,1416
4.49,1405
4.5,1438
4.51,1452
4.52,1446
4.53,1450
4.54,1415
4.55,1410
4.56,1418
4.57,1405
4.58,1385
4.59,1363
4.6,1372
4.61,1397
4.62,1421
4.63,1405
4.64,1389
4.65,1371
4.66,1366
4.67,1386
4.68,1391
4.69,1379
4.7,1382
4.71,1452
4.72,1433
4.73,1444
4.74,1480
4.75,1503
4.76,1545
4.77,1565
4.78,1578
4.79,1549
4.8,1532
4.81,1552
4.82,1552
4.83,1539
4.84,1514
4.85,1528
4.86,1465
4.87,1497
4.88,1532
4.89,1530
4.9,1528
4.91,1572
4.92,1583
4.93,1584
4.94,1550
4.95,1540
4.96,1567
4.97,1553
4.98,1551
4.99,1522
5.0,1495
5.01,1563
5.02,1552
5.03,1578
5.04,1567
5.05,1578
5.06,1584
5.07,1572
5.08,1567
5.09,1576
5.1,1516
5.11,1549
5.12,1585
5.13,1576
5.14,1550
5.15,1535
5.16,1527
5.17,1568
5.18,1562
5.19,1536
5.2,1516
5.21,1568
5.22,1559
5.23,1534
5.24,1514
5.25,1490
5.26,1481
5.27,1531
5.28,1568
5.29,1547
5.3,1524
5.31,1524
5.32,1536
5.33,1544
5.34,1490
5.35,1465
5.36,1465
5.37,1488
5.38,1477
5.39,1477
5.4,1439
5.41,1472
5.42,1457
5.43,1448
5.44,1447
5.45,1424
5.46,1426
5.47,1433
5.48,1420
5.49,1408
5.5,1393
5.51,1455
5.52,1428
5.53,1428
5.54,1412
5.55,1376
5.56,1358
5.57,1369
5.58,1392
5.59,1334
5.6,1332
5.61,1357
5.62,1383
5.63,1392
5.64,1385
5.65,1372
5.66,1371
5.67,1383
5.68,1388
5.69,1368
5.7,1357
5.71,1383
5.72,1408
5.73,1394
5.74,1354
5.75,1376
5.76,1396
5.77,1420
5.78,1400
5.79,1386
5.8,1379
5.81,1439
5.82,1408
5.83,1402
5.84,1415
5.85,1416
5.86,1447
5.87,1485
5.88,1463
5.89,1443
5.9,1472
5.91,1451
5.92,1496
5.93,1446
5.94,1431
5.95,1424
5.96,1446
5.97,1455
5.98,1441
5.99,1419
6.0,1426
6.01,1458
6.02,1476
6.03,1438
6.04,1428
6.05,1409
6.06,1416
6.07,1401
6.08,1392
6.09,1353
6.1,1424
6.11,1428
6.12,1458
6.13,1437
6.14,1414
6.15,1403
6.16,1404
6.17,1455
6.18,1402
6.19,1381
6.2,1366
6.21,1400
6.22,1409
6.23,1418
6.24,1385
6.25,1362
6.26,1408
6.27,1365
6.28,1355
6.29,1347
6.3,1408
6.31,1380
6.32,1370
6.33,1366
6.34,1329
6.35,1325
6.36,1421
6.37,1447
6.38,1435
6.39,1428
6.4,1468
6.41,1478
6.42,1471
6.43,1459
6.44,1462
6.45,1455
6.46,1481
6.47,1459
6.48,1445
6.49,1422
6.5,1447
6.51,1423
6.52,1421
6.53,1405
6.54,1389
6.55,1379
6.56,1406
6.57,1400
6.58,1366
6.59,1346
6.6,1344
6.61,1350
6.62,1355
6.63,1354
6.64,1338
6.65,1323
6.66,1310
6.67,1307
6.68,1307
6.69,1291
6.7,1274
6.71,1260
6.72,1269
6.73,1269
6.74,1258
6.75,1238
6.76,1222
6.77,1210
6.78,1210
6.79,1207
6.8,1194
6.81,1184
6.82,1165
6.83,1195
6.84,1175
6.85,1160
6.86,1152
6.87,1129
6.88,1124
6.89,1131
6.9,1152
6.91,1109
6.92,1093
6.93,1108
6.94,1127
6.95,1141
6.96,1123
6.97,1124
6.98,1109
6.99,1124
7.0,1128
7.01,1099
7.02,1085
7.03,1104
7.04,1124
7.05,1136
7.06,1114
7.07,1099
7.08,1094
7.09,1130
7.1,1135
7.11,1124
7.12,1110
7.13,1137
7.14,1174
7.15,1207
7.16,1196
7.17,1188
7.18,1168
7.19,1176
7.2,1206
7.21,1228
7.22,1216
7.23,1208
7.24,1243
7.25,1291
7.26,1254
7.27,1237
7.28,1224
7.29,1216
7.3,1225
7.31,1228
7.32,1216
7.33,1204
7.34,1185
7.35,1208
7.36,1223
7.37,1225
7.38,1210
7.39,1196
7.4,1192
7.41,1267
7.42,1277
7.43,1243
7.44,1231
7.45,1251
7.46,1264
7.47,1292
7.48,1275
7.49,1265
7.5,1281
7.51,1284
7.52,1277
7.53,1260
7.54,1253
7.55,1282
7.56,1294
7.57,1303
7.58,1296
7.59,1269
7.6,1268
7.61,1287
7.62,1312
7.63,1277
7.64,1264
7.65,1287
7.66,1295
7.67,1322
7.68,1290
7.69,1311
7.7,1263
7.71,1336
7.72,1388
7.73,1365
7.74,1348
7.75,1361
7.76,1376
7.77,1390
7.78,1374
7.79,1358
7.8,1383
7.81,1362
7.82,1348
7.83,1343
7.84,1318
7.85,1336
7.86,1363
7.87,1343
7.88,1335
7.89,1319
7.9,1332
7.91,1343
7.92,1310
7.93,1288
7.94,1299
7.95,1343
7.96,1359
7.97,1306
7.98,1291
7.99,1296
8.0,1315
8.01,1334
8.02,1321
8.03,1317
8.04,1310
8.05,1317
8.06,1358
8.07,1342
8.08,1331
8.09,1335
8.1,1352
8.11,1354
8.12,1334
8.13,1330
8.14,1325
8.15,1342
8.16,1343
8.17,1312
8.18,1291
8.19,1279
8.2,1286
8.21,1300
8.22,1288
8.23,1280
8.24,1292
8.25,1307
8.26,1320
8.27,1297
8.28,1277
8.29,1271
8.3,1315
8.31,1376
8.32,1359
8.33,1332
8.34,1355
8.35,1366
8.36,1351
8.37,1327
8.38,1309
8.39,1300
8.4,1353
8.41,1362
8.42,1345
8.43,1336
8.44,1344
8.45,1359
8.46,1400
8.47,1338
8.48,1319
8.49,1328
8.5,1351
8.51,1376
8.52,1333
8.53,1312
8.54,1339
8.55,1353
8.56,1386
8.57,1347
8.58,1333
8.59,1345
8.6,1347
8.61,1338
8.62,1317
8.63,1299
8.64,1344
8.65,1370
8.66,1389
8.67,1367
8.68,1347
8.69,1352
8.7,1364
8.71,1353
8.72,1332
8.73,1333
8.74,1392
8.75,1360
8.76,1359
8.77,1328
8.78,1327
8.79,1308
8.8,1327
8.81,1326
8.82,1339
8.83,1308
8.84,1324
8.85,1336
8.86,1314
8.87,1295
8.88,1282
8.89,1313
8.9,1351
8.91,1311
8.92,1291
8.93,1330
8.94,1333
8.95,1328
8.96,1328
8.97,1290
8.98,1301
8.99,1309
9.0,1297
9.01,1304
9.02,1274
9.03,1312
9.04,1323
9.05,1303
9.06,1285
9.07,1281
9.08,1298
9.09,1294
9.1,1277
9.11,1258
9.12,1287
9.13,1353
9.14,1344
9.15,1326
9.16,1316
9.17,1323
9.18,1341
9.19,1325
9.2,1336
9.21,1294
9.22,1329
9.23,1336
9.24,1316
9.25,1297
9.26,1279
9.27,1297
9.28,1309
9.29,1323
9.3,1285
9.31,1344
9.32,1335
9.33,1317
9.34,1302
9.35,1301
9.36,1416
9.37,1385
9.38,1372
9.39,1364
9.4,1374
9.41,1376
9.42,1360
9.43,1332
9.44,1326
9.45,1334
9.46,1316
9.47,1295
9.48,1285
9.49,1306
9.5,1338
9.51,1322
9.52,1305
9.53,1299
9.54,1317
9.55,1313
9.56,1292
9.57,1275
9.58,1308
9.59,1370
9.6,1364
9.61,1341
9.62,1329
9.63,1336
9.64,1412
9.65,1405
9.66,1380
9.67,1370
9.68,1423
9.69,1440
9.7,1384
9.71,1365
9.72,1356
9.73,1370
9.74,1400
9.75,1352
9.76,1332
9.77,1365
9.78,1371
9.79,1376
9.8,1343
9.81,1312
9.82,1350
9.83,1436
9.84,1381
9.85,1364
9.86,1375
9.87,1388
9.88,1379
9.89,1359
9.9,1338
9.91,1331
9.92,1358
9.93,1355
9.94,1335
9.95,1314
9.96,1323
9.97,1335
9.98,1327
9.99,1309
