0.0,893
0.01,896
0.02,903
0.03,891
0.04,881
0.05,874
0.06,898
0.07,913
0.08,905
0.09,920
0.1,892
0.11,895
0.12,906
0.13,921
0.14,908
0.15,895
0.16,905
0.17,944
0.18,928
0.19,927
0.2,911
0.21,904
0.22,913
0.23,944
0.24,942
0.25,931
0.26,919
0.27,938
0.28,945
0.29,945
0.3,934
0.31,926
0.32,923
0.33,933
0.34,947
0.35,941
0.36,930
0.37,920
0.38,938
0.39,949
0.4,948
0.41,939
0.42,932
0.43,928
0.44,970
0.45,946
0.46,934
0.47,943
0.48,940
0.49,959
0.5,957
0.51,945
0.52,957
0.53,936
0.54,962
0.55,979
0.56,962
0.57,953
0.58,1000
0.59,999
0.6,1001
0.61,988
0.62,990
0.63,977
0.64,1002
0.65,1024
0.66,994
0.67,981
0.68,1000
0.69,1016
0.7,1032
0.71,1028
0.72,1023
0.73,1005
0.74,1026
0.75,1037
0.76,1029
0.77,1028
0.78,1023
0.79,1067
0.8,1084
0.81,1069
0.82,1056
0.83,1050
0.84,1067
0.85,1100
0.86,1091
0.87,1075
0.88,1062
0.89,1085
0.9,1112
0.91,1111
0.92,1099
0.93,1086
0.94,1090
0.95,1138
0.96,1131
0.97,1114
0.98,1100
0.99,1142
1.0,1200
1.01,1229
1.02,1199
1.03,1186
1.04,1188
1.05,1212
1.06,1224
1.07,1198
1.08,1183
1.09,1212
1.1,1231
1.11,1223
1.12,1208
1.13,1194
1.14,1191
1.15,1231
1.16,1252
1.17,1232
1.18,1214
1.19,1247
1.2,1264
1.21,1260
1.22,1241
1.23,1229
1.24,1248
1.25,1282
1.26,1310
1.27,1324
1.28,1280
1.29,1292
1.3,1292
1.31,1288
1.32,1262
1.33,1253
1.34,1263
1.35,1282
1.36,1322
1.37,1266
1.38,1246
1.39,1270
1.4,1287
1.41,1312
1.42,1305
1.43,1270
1.44,1274
1.45,1300
1.46,1296
1.47,1259
1.48,1248
1.49,1260
1.5,1268
1.51,1253
1.52,1240
1.53,1264
1.54,1243
1.55,1262
1.56,1256
1.57,1237
1.58,1248
1.59,1264
1.6,1269
1.61,1290
1.62,1277
1.63,1266
1.64,1261
1.65,1285
1.66,1297
1.67,1295
1.68,1279
1.69,1303
1.7,1332
1.71,1336
1.72,1295
1.73,1283
1.74,1295
1.75,1315
1.76,1336
1.77,1314
1.78,1297
1.79,1318
1.8,1333
1.81,1321
1.82,1305
1.83,1292
1.84,1298
1.85,1318
1.86,1309
1.87,1286
1.88,1267
1.89,1312
1.9,1314
1.91,1307
1.92,1319
1.93,1272
1.94,1282
1.95,1320
1.96,1319
1.97,1296
1.98,1264
1.99,1319
2.0,1355
2.01,1358
2.02,1346
2.03,1324
2.04,1331
2.05,1325
2.06,1348
2.07,1302
2.08,1283
2.09,1312
2.1,1324
2.11,1328
2.12,1337
2.13,1334
2.14,1292
2.15,1300
2.16,1297
2.17,1288
2.18,1254
2.19,1289
2.2,1327
2.21,1309
2.22,1303
2.23,1298
2.24,1299
2.25,1319
2.26,1321
2.27,1302
2.28,1272
2.29,1309
2.3,1309
2.31,1300
2.32,1280
2.33,1269
2.34,1268
2.35,1320
2.36,1289
2.37,1272
2.38,1256
2.39,1268
2.4,1289
2.41,1305
2.42,1276
2.43,1278
2.44,1277
2.45,1291
2.46,1316
2.47,1290
2.48,1274
2.49,1320
2.5,1340
2.51,1384
2.52,1348
2.53,1331
2.54,1327
2.55,1384
2.56,1335
2.57,1319
2.58,1342
2.59,1359
2.6,1383
2.61,1407
2.62,1382
2.63,1379
2.64,1370
2.65,1376
2.66,1386
2.67,1377
2.68,1357
2.69,1350
2.7,1386
2.71,1393
2.72,1377
2.73,1359
2.74,1355
2.75,1319
2.76,1328
2.77,1310
2.78,1290
2.79,1288
2.8,1295
2.81,1313
2.82,1301
2.83,1311
2.84,1299
2.85,1300
2.86,1314
2.87,1300
2.88,1281
2.89,1295
2.9,1318
2.91,1333
2.92,1329
2.93,1310
2.94,1320
2.95,1318
2.96,1308
2.97,1286
2.98,1274
2.99,1305
3.0,1308
3.01,1309
3.02,1291
3.03,1280
3.04,1267
3.05,1280
3.06,1270
3.07,1262
3.08,1244
3.09,1284
3.1,1298
3.11,1298
3.12,1286
3.13,1271
3.14,1264
3.15,1285
3.16,1285
3.17,1278
3.18,1262
3.19,1264
3.2,1292
3.21,1306
3.22,1305
3.23,1302
3.24,1289
3.25,1286
3.26,1289
3.27,1277
3.28,1261
3.29,1249
3.3,1276
3.31,1285
3.32,1269
3.33,1250
3.34,1240
3.35,1242
3.36,1251
3.37,1251
3.38,1240
3.39,1215
3.4,1254
3.41,1256
3.42,1248
3.43,1232
3.44,1186
3.45,1189
3.46,1185
3.47,1178
3.48,1162
3.49,1152
3.5,1156
3.51,1170
3.52,1169
3.53,1163
3.54,1161
3.55,1159
3.56,1171
3.57,1160
3.58,1138
3.59,1128
3.6,1114
3.61,1147
3.62,1135
3.63,1122
3.64,1115
3.65,1110
3.66,1103
3.67,1113
3.68,1106
3.69,1092
3.7,1079
3.71,1093
3.72,1116
3.73,1109
3.74,1098
3.75,1102
3.76,1102
3.77,1129
3.78,1114
3.79,1102
3.8,1086
3.81,1094
3.82,1114
3.83,1144
3.84,1145
3.85,1142
3.86,1152
3.87,1157
3.88,1167
3.89,1157
3.9,1147
3.91,1122
3.92,1164
3.93,1188
3.94,1190
3.95,1176
3.96,1168
3.97,1171
3.98,1200
3.99,1199
4.0,1182
4.01,1167
4.02,1196
4.03,1216
4.04,1208
4.05,1208
4.06,1204
4.07,1202
4.08,1228
4.09,1247
4.1,1232
4.11,1200
4.12,1253
4.13,1260
4.14,1275
4.15,1239
4.16,1236
4.17,1240
4.18,1261
4.19,1256
4.2,1239
4.21,1225
4.22,1245
4.23,1284
4.24,1277
4.25,1265
4.26,1257
4.27,1255
4.28,1255
4.29,1255
4.3,1241
4.31,1227
4.32,1215
4.33,1247
4.34,1280
4.35,1258
4.36,1238
4.37,1256
4.38,1263
4.39,1262
4.4,1260
4.41,1248
4.42,1227
4.43,1257
4.44,1296
4.45,1257
4.46,1244
4.47,1235
4.48,1254
4.49,1296
4.5,1288
4.51,1288
4.52,1242
4.53,1271
4.54,1304
4.55,1328
4.56,1324
4.57,1283
4.58,1290
4.59,1290
4.6,1279
4.61,1258
4.62,1242
4.63,1270
4.64,1296
4.65,1302
4.66,1287
4.67,1275
4.68,1264
4.69,1276
4.7,1277
4.71,1262
4.72,1247
4.73,1234
4.74,1257
4.75,1268
4.76,1254
4.77,1236
4.78,1222
4.79,1216
4.8,1223
4.81,1225
4.82,1210
4.83,1208
4.84,1207
4.85,1224
4.86,1228
4.87,1207
4.88,1192
4.89,1182
4.9,1197
4.91,1191
4.92,1216
4.93,1169
4.94,1204
4.95,1229
4.96,1217
4.97,1209
4.98,1198
4.99,1198
5.0,1229
5.01,1247
5.02,1225
5.03,1218
5.04,1228
5.05,1242
5.06,1246
5.07,1232
5.08,1216
5.09,1218
5.1,1271
5.11,1267
5.12,1249
5.13,1228
5.14,1261
5.15,1288
5.16,1282
5.17,1262
5.18,1248
5.19,1257
5.2,1283
5.21,1277
5.22,1260
5.23,1243
5.24,1285
5.25,1271
5.26,1282
5.27,1265
5.28,1253
5.29,1264
5.3,1246
5.31,1311
5.32,1299
5.33,1279
5.34,1268
5.35,1299
5.36,1318
5.37,1304
5.38,1298
5.39,1296
5.4,1283
5.41,1350
5.42,1361
5.43,1340
5.44,1307
5.45,1339
5.46,1328
5.47,1322
5.48,1296
5.49,1296
5.5,1319
5.51,1323
5.52,1306
5.53,1284
5.54,1293
5.55,1316
5.56,1324
5.57,1305
5.58,1288
5.59,1284
5.6,1332
5.61,1301
5.62,1314
5.63,1279
5.64,1273
5.65,1303
5.66,1348
5.67,1344
5.68,1316
5.69,1303
5.7,1336
5.71,1328
5.72,1310
5.73,1294
5.74,1295
5.75,1323
5.76,1366
5.77,1350
5.78,1331
5.79,1313
5.8,1320
5.81,1355
5.82,1305
5.83,1285
5.84,1284
5.85,1305
5.86,1334
5.87,1324
5.88,1305
5.89,1284
5.9,1295
5.91,1303
5.92,1283
5.93,1262
5.94,1255
5.95,1279
5.96,1299
5.97,1279
5.98,1261
5.99,1254
6.0,1267
6.01,1258
6.02,1237
6.03,1223
6.04,1216
6.05,1292
6.06,1328
6.07,1317
6.08,1302
6.09,1295
6.1,1297
6.11,1307
6.12,1296
6.13,1268
6.14,1268
6.15,1287
6.16,1300
6.17,1285
6.18,1275
6.19,1267
6.2,1284
6.21,1309
6.22,1296
6.23,1289
6.24,1267
6.25,1311
6.26,1350
6.27,1332
6.28,1320
6.29,1312
6.3,1321
6.31,1376
6.32,1363
6.33,1330
6.34,1312
6.35,1345
6.36,1344
6.37,1317
6.38,1300
6.39,1285
6.4,1295
6.41,1307
6.42,1290
6.43,1283
6.44,1270
6.45,1312
6.46,1317
6.47,1312
6.48,1286
6.49,1283
6.5,1305
6.51,1345
6.52,1329
6.53,1310
6.54,1296
6.55,1337
6.56,1352
6.57,1385
6.58,1365
6.59,1349
6.6,1336
6.61,1360
6.62,1336
6.63,1315
6.64,1298
6.65,1309
6.66,1328
6.67,1322
6.68,1306
6.69,1300
6.7,1286
6.71,1291
6.72,1330
6.73,1312
6.74,1293
6.75,1276
6.76,1307
6.77,1328
6.78,1324
6.79,1312
6.8,1291
6.81,1277
6.82,1300
6.83,1305
6.84,1301
6.85,1269
6.86,1279
6.87,1297
6.88,1297
6.89,1278
6.9,1268
6.91,1286
6.92,1264
6.93,1302
6.94,1281
6.95,1261
6.96,1267
6.97,1300
6.98,1304
6.99,1288
7.0,1288
7.01,1276
7.02,1291
7.03,1282
7.04,1259
7.05,1243
7.06,1249
7.07,1296
7.08,1293
7.09,1274
7.1,1257
7.11,1246
7.12,1262
7.13,1266
7.14,1248
7.15,1232
7.16,1249
7.17,1285
7.18,1275
7.19,1260
7.2,1248
7.21,1254
7.22,1273
7.23,1297
7.24,1268
7.25,1248
7.26,1279
7.27,1289
7.28,1286
7.29,1273
7.3,1260
7.31,1256
7.32,1290
7.33,1352
7.34,1331
7.35,1310
7.36,1314
7.37,1324
7.38,1317
7.39,1297
7.4,1283
7.41,1273
7.42,1278
7.43,1288
7.44,1272
7.45,1264
7.46,1251
7.47,1279
7.48,1286
7.49,1269
7.5,1284
7.51,1245
7.52,1258
7.53,1286
7.54,1295
7.55,1247
7.56,1280
7.57,1286
7.58,1315
7.59,1301
7.6,1304
7.61,1282
7.62,1297
7.63,1284
7.64,1256
7.65,1238
7.66,1290
7.67,1263
7.68,1303
7.69,1268
7.7,1253
7.71,1244
7.72,1262
7.73,1266
7.74,1255
7.75,1240
7.76,1227
7.77,1258
7.78,1270
7.79,1252
7.8,1239
7.81,1227
7.82,1221
7.83,1237
7.84,1240
7.85,1223
7.86,1205
7.87,1217
7.88,1223
7.89,1214
7.9,1199
7.91,1191
7.92,1182
7.93,1183
7.94,1190
7.95,1170
7.96,1154
7.97,1144
7.98,1165
7.99,1172
8.0,1160
8.01,1142
8.02,1136
8.03,1132
8.04,1168
8.05,1120
8.06,1098
8.07,1117
8.08,1131
8.09,1132
8.1,1116
8.11,1103
8.12,1096
8.13,1130
8.14,1171
8.15,1160
8.16,1141
8.17,1138
8.18,1183
8.19,1223
8.2,1194
8.21,1179
8.22,1179
8.23,1180
8.24,1161
8.25,1142
8.26,1127
8.27,1155
8.28,1172
8.29,1198
8.3,1140
8.31,1135
8.32,1150
8.33,1161
8.34,1148
8.35,1129
8.36,1145
8.37,1181
8.38,1189
8.39,1179
8.4,1183
8.41,1181
8.42,1214
8.43,1187
8.44,1166
8.45,1198
8.46,1207
8.47,1231
8.48,1188
8.49,1172
8.5,1187
8.51,1256
8.52,1211
8.53,1196
8.54,1183
8.55,1213
8.56,1221
8.57,1207
8.58,1196
8.59,1184
8.6,1214
8.61,1227
8.62,1212
8.63,1197
8.64,1226
8.65,1253
8.66,1253
8.67,1264
8.68,1230
8.69,1232
8.7,1283
8.71,1244
8.72,1234
8.73,1208
8.74,1239
8.75,1264
8.76,1255
8.77,1238
8.78,1225
8.79,1234
8.8,1356
8.81,1350
8.82,1343
8.83,1336
8.84,1354
8.85,1384
8.86,1376
8.87,1346
8.88,1344
8.89,1351
8.9,1350
8.91,1361
8.92,1307
8.93,1331
8.94,1357
8.95,1325
8.96,1306
8.97,1296
8.98,1304
8.99,1343
9.0,1297
9.01,1274
9.02,1288
9.03,1311
9.04,1327
9.05,1311
9.06,1295
9.07,1285
9.08,1299
9.09,1318
9.1,1295
9.11,1276
9.12,1293
9.13,1305
9.14,1294
9.15,1289
9.16,1261
9.17,1280
9.18,1284
9.19,1268
9.2,1248
9.21,1257
9.22,1286
9.23,1291
9.24,1290
9.25,1250
9.26,1244
9.27,1270
9.28,1322
9.29,1301
9.3,1283
9.31,1289
9.32,1312
9.33,1284
9.34,1271
9.35,1257
9.36,1252
9.37,1292
9.38,1252
9.39,1263
9.4,1216
9.41,1272
9.42,1264
9.43,1256
9.44,1237
9.45,1264
9.46,1292
9.47,1279
9.48,1244
9.49,1240
9.5,1244
9.51,1273
9.52,1324
9.53,1300
9.54,1284
9.55,1279
9.56,1297
9.57,1325
9.58,1291
9.59,1270
9.6,1290
9.61,1303
9.62,1299
9.63,1296
9.64,1271
9.65,1280
9.66,1282
9.67,1279
9.68,1248
9.69,1262
9.7,1274
9.71,1273
9.72,1255
9.73,1272
9.74,1237
9.75,1294
9.76,1312
9.77,1282
9.78,1264
9.79,1272
9.8,1293
9.81,1295
9.82,1280
9.83,1264
9.84,1265
9.85,1311
9.86,1279
9.87,1280
9.88,1242
9.89,1266
9.9,1288
9.91,1268
9.92,1251
9.93,1269
9.94,1248
9.95,1268
9.96,1247
9.97,1231
9.98,1228
9.99,1261
