0.0,708
0.001,733
0.002,740
0.003,720
0.004,711
0.005,707
0.006,705
0.007,699
0.008,730
0.009,730
0.01,715
0.011,712
0.012,714
0.013,712
0.014,703
0.015,743
0.016,732
0.017,722
0.018,717
0.019,716
0.02,710
0.021,716
0.022,744
0.023,730
0.024,705
0.025,711
0.026,718
0.027,703
0.028,719
0.029,743
0.03,721
0.031,708
0.032,720
0.033,721
0.034,720
0.035,744
0.036,760
0.037,735
0.038,730
0.039,746
0.04,745
0.041,734
0.042,775
0.043,776
0.044,770
0.045,753
0.046,783
0.047,783
0.048,761
0.049,803
0.05,795
0.051,775
0.052,769
0.053,773
0.054,764
0.055,762
0.056,789
0.057,781
0.058,769
0.059,769
0.06,773
0.061,765
0.062,792
0.063,803
0.064,791
0.065,762
0.066,777
0.067,773
0.068,766
0.069,784
0.07,808
0.071,776
0.072,763
0.073,780
0.074,771
0.075,760
0.076,797
0.077,803
0.078,777
0.079,777
0.08,790
0.081,780
0.082,780
0.083,801
0.084,790
0.085,774
0.086,791
0.087,802
0.088,791
0.089,803
0.09,837
0.091,817
0.092,810
0.093,821
0.094,824
0.095,800
0.096,865
0.097,868
0.098,845
0.099,844
0.1,863
0.101,849
0.102,832
0.103,877
0.104,876
0.105,856
0.106,858
0.107,872
0.108,855
0.109,844
0.11,892
0.111,874
0.112,864
0.113,864
0.114,872
0.115,856
0.116,869
0.117,871
0.118,868
0.119,840
0.12,864
0.121,857
0.122,844
0.123,864
0.124,867
0.125,852
0.126,829
0.127,849
0.128,828
0.129,805
0.13,832
0.131,840
0.132,816
0.133,799
0.134,806
0.135,794
0.136,771
0.137,823
0.138,819
0.139,808
0.14,819
0.141,827
0.142,807
0.143,821
0.144,892
0.145,896
0.146,865
0.147,881
0.148,896
0.149,877
0.15,895
0.151,893
0.152,874
0.153,863
0.154,871
0.155,870
0.156,850
0.157,880
0.158,902
0.159,877
0.16,876
0.161,880
0.162,874
0.163,857
0.164,873
0.165,897
0.166,889
0.167,881
0.168,882
0.169,878
0.17,872
0.171,903
0.172,888
0.173,862
0.174,882
0.175,885
0.176,882
0.177,880
0.178,922
0.179,905
0.18,900
0.181,893
0.182,911
0.183,906
0.184,914
0.185,949
0.186,938
0.187,927
0.188,933
0.189,925
0.19,903
0.191,917
0.192,936
0.193,931
0.194,914
0.195,928
0.196,968
0.197,931
0.198,962
0.199,974
0.2,955
0.201,932
0.202,942
0.203,918
0.204,906
0.205,948
0.206,952
0.207,932
0.208,919
0.209,949
0.21,937
0.211,911
0.212,960
0.213,961
0.214,937
0.215,936
0.216,957
0.217,936
0.218,920
0.219,957
0.22,947
0.221,932
0.222,939
0.223,935
0.224,918
0.225,915
0.226,934
0.227,911
0.228,915
0.229,946
0.23,934
0.231,911
0.232,930
0.233,945
0.234,953
0.235,943
0.236,954
0.237,956
0.238,928
0.239,949
0.24,958
0.241,935
0.242,930
0.243,930
0.244,906
0.245,892
0.246,954
0.247,957
0.248,960
0.249,959
0.25,998
0.251,993
0.252,976
0.253,1008
0.254,1053
0.255,1032
0.256,1029
0.257,1031
0.258,1024
0.259,991
0.26,1022
0.261,1026
0.262,1004
0.263,1018
0.264,1007
0.265,980
0.266,1008
0.267,1039
0.268,1081
0.269,1082
0.27,1082
0.271,1108
0.272,1089
0.273,1079
0.274,1097
0.275,1096
0.276,1090
0.277,1094
0.278,1111
0.279,1081
0.28,1109
0.281,1104
0.282,1074
0.283,1085
0.284,1124
0.285,1118
0.286,1148
0.287,1166
0.288,1185
0.289,1212
0.29,1249
0.291,1272
0.292,1282
0.293,1249
0.294,1258
0.295,1289
0.296,1273
0.297,1240
0.298,1249
0.299,1253
0.3,1283
0.301,1288
0.302,1268
0.303,1260
0.304,1364
0.305,1387
0.306,1444
0.307,1592
0.308,1603
0.309,1584
0.31,1511
0.311,1537
0.312,1531
0.313,1525
0.314,1558
0.315,1566
0.316,1548
0.317,1479
0.318,1520
0.319,1543
0.32,1563
0.321,1607
0.322,1615
0.323,1589
0.324,1570
0.325,1543
0.326,1525
0.327,1534
0.328,1560
0.329,1542
0.33,1600
0.331,1597
0.332,1567
0.333,1549
0.334,1516
0.335,1496
0.336,1477
0.337,1447
0.338,1437
0.339,1412
0.34,1376
0.341,1381
0.342,1423
0.343,1512
0.344,1552
0.345,1583
0.346,1606
0.347,1590
0.348,1582
0.349,1613
0.35,1587
0.351,1617
0.352,1616
0.353,1587
0.354,1559
0.355,1575
0.356,1560
0.357,1518
0.358,1544
0.359,1619
0.36,1665
0.361,1676
0.362,1645
0.363,1616
0.364,1561
0.365,1558
0.366,1565
0.367,1565
0.368,1606
0.369,1611
0.37,1634
0.371,1643
0.372,1650
0.373,1604
0.374,1602
0.375,1609
0.376,1620
0.377,1631
0.378,1615
0.379,1572
0.38,1597
0.381,1565
0.382,1534
0.383,1574
0.384,1631
0.385,1615
0.386,1585
0.387,1588
0.388,1638
0.389,1633
0.39,1654
0.391,1723
0.392,1769
0.393,1791
0.394,1814
0.395,1832
0.396,1776
0.397,1906
0.398,1987
0.399,2061
0.4,2069
0.401,2046
0.402,2000
0.403,2059
0.404,2096
0.405,2002
0.406,2000
0.407,1946
0.408,1963
0.409,1972
0.41,1964
0.411,1955
0.412,1941
0.413,1959
0.414,1988
0.415,1904
0.416,1910
0.417,1974
0.418,1929
0.419,1978
0.42,1989
0.421,1992
0.422,1941
0.423,1863
0.424,1880
0.425,1896
0.426,1863
0.427,1828
0.428,1809
0.429,1780
0.43,1858
0.431,1860
0.432,1824
0.433,1762
0.434,1766
0.435,1741
0.436,1760
0.437,1764
0.438,1760
0.439,1819
0.44,1788
0.441,1812
0.442,1780
0.443,1760
0.444,1760
0.445,1774
0.446,1748
0.447,1708
0.448,1679
0.449,1651
0.45,1646
0.451,1645
0.452,1722
0.453,1699
0.454,1663
0.455,1647
0.456,1692
0.457,1637
0.458,1639
0.459,1626
0.46,1612
0.461,1588
0.462,1578
0.463,1550
0.464,1546
0.465,1580
0.466,1539
0.467,1513
0.468,1535
0.469,1557
0.47,1584
0.471,1598
0.472,1668
0.473,1676
0.474,1647
0.475,1647
0.476,1614
0.477,1600
0.478,1707
0.479,1696
0.48,1728
0.481,1714
0.482,1690
0.483,1709
0.484,1650
0.485,1652
0.486,1638
0.487,1606
0.488,1558
0.489,1587
0.49,1551
0.491,1487
0.492,1491
0.493,1476
0.494,1424
0.495,1389
0.496,1402
0.497,1364
0.498,1344
0.499,1362
0.5,1352
0.501,1368
0.502,1376
0.503,1372
0.504,1365
0.505,1352
0.506,1395
0.507,1376
0.508,1339
0.509,1340
0.51,1343
0.511,1322
0.512,1338
0.513,1367
0.514,1341
0.515,1324
0.516,1353
0.517,1325
0.518,1288
0.519,1334
0.52,1315
0.521,1278
0.522,1252
0.523,1250
0.524,1244
0.525,1196
0.526,1205
0.527,1198
0.528,1172
0.529,1148
0.53,1167
0.531,1130
0.532,1099
0.533,1114
0.534,1111
0.535,1086
0.536,1082
0.537,1098
0.538,1061
0.539,1056
0.54,1069
0.541,1086
0.542,1068
0.543,1088
0.544,1070
0.545,1046
0.546,1032
0.547,1068
0.548,1059
0.549,1040
0.55,1040
0.551,1024
0.552,999
0.553,1036
0.554,1050
0.555,1049
0.556,1014
0.557,1026
0.558,1018
0.559,1008
0.56,1029
0.561,1022
0.562,1010
0.563,992
0.564,1015
0.565,1006
0.566,976
0.567,985
0.568,1000
0.569,985
0.57,971
0.571,1003
0.572,976
0.573,949
0.574,996
0.575,1003
0.576,986
0.577,992
0.578,1009
0.579,979
0.58,957
0.581,1012
0.582,1015
0.583,993
0.584,987
0.585,994
0.586,966
0.587,958
0.588,1008
0.589,976
0.59,955
0.591,957
0.592,964
0.593,938
0.594,960
0.595,972
0.596,960
0.597,935
0.598,959
0.599,969
0.6,944
0.601,947
0.602,975
0.603,975
0.604,950
0.605,974
0.606,962
0.607,941
0.608,979
0.609,992
0.61,980
0.611,967
0.612,991
0.613,963
0.614,944
0.615,990
0.616,1016
0.617,987
0.618,992
0.619,986
0.62,956
0.621,931
0.622,982
0.623,981
0.624,968
0.625,973
0.626,985
0.627,963
0.628,956
0.629,992
0.63,979
0.631,984
0.632,1000
0.633,1003
0.634,972
0.635,961
0.636,977
0.637,974
0.638,971
0.639,1004
0.64,991
0.641,958
0.642,984
0.643,999
0.644,991
0.645,975
0.646,1002
0.647,976
0.648,946
0.649,997
0.65,1008
0.651,1015
0.652,991
0.653,1016
0.654,982
0.655,960
0.656,996
0.657,1004
0.658,998
0.659,1010
0.66,1017
0.661,988
0.662,968
0.663,1010
0.664,1010
0.665,998
0.666,1005
0.667,1018
0.668,987
0.669,974
0.67,992
0.671,997
0.672,986
0.673,1003
0.674,1000
0.675,966
0.676,975
0.677,994
0.678,1008
0.679,988
0.68,1018
0.681,992
0.682,962
0.683,998
0.684,1012
0.685,1007
0.686,1005
0.687,1033
0.688,1005
0.689,968
0.69,1004
0.691,1013
0.692,999
0.693,1007
0.694,1028
0.695,991
0.696,971
0.697,1004
0.698,1009
0.699,1008
0.7,1004
0.701,1024
0.702,992
0.703,982
0.704,1023
0.705,1028
0.706,1022
0.707,1028
0.708,1022
0.709,988
0.71,1007
0.711,1023
0.712,1021
0.713,1024
0.714,1035
0.715,1031
0.716,983
0.717,1020
0.718,1031
0.719,1024
0.72,1024
0.721,1056
0.722,1024
0.723,1000
0.724,1036
0.725,1041
0.726,1032
0.727,1027
0.728,1072
0.729,1041
0.73,1003
0.731,1030
0.732,1034
0.733,1021
0.734,1028
0.735,1067
0.736,1020
0.737,1019
0.738,1040
0.739,1032
0.74,1031
0.741,1073
0.742,1047
0.743,1013
0.744,1049
0.745,1072
0.746,1043
0.747,1045
0.748,1053
0.749,1016
0.75,993
0.751,1064
0.752,1046
0.753,1034
0.754,1060
0.755,1035
0.756,997
0.757,1042
0.758,1046
0.759,1035
0.76,1026
0.761,1039
0.762,1043
0.763,992
0.764,1009
0.765,1024
0.766,1024
0.767,1005
0.768,1029
0.769,1013
0.77,985
0.771,1011
0.772,1003
0.773,1005
0.774,1012
0.775,1029
0.776,986
0.777,970
0.778,1004
0.779,1005
0.78,1001
0.781,1017
0.782,1015
0.783,975
0.784,1006
0.785,1018
0.786,1014
0.787,994
0.788,1015
0.789,995
0.79,962
0.791,1000
0.792,1010
0.793,990
0.794,994
0.795,1005
0.796,975
0.797,963
0.798,1014
0.799,992
0.8,984
0.801,1002
0.802,1009
0.803,980
0.804,987
0.805,999
0.806,992
0.807,983
0.808,1015
0.809,995
0.81,967
0.811,1012
0.812,1022
0.813,1006
0.814,993
0.815,1031
0.816,996
0.817,963
0.818,1023
0.819,1023
0.82,1006
0.821,1006
0.822,1013
0.823,988
0.824,963
0.825,995
0.826,990
0.827,972
0.828,977
0.829,969
0.83,943
0.831,943
0.832,961
0.833,950
0.834,940
0.835,962
0.836,946
0.837,912
0.838,972
0.839,969
0.84,964
0.841,960
0.842,1002
0.843,986
0.844,952
0.845,993
0.846,1000
0.847,975
0.848,1000
0.849,1004
0.85,972
0.851,956
0.852,995
0.853,991
0.854,980
0.855,987
0.856,979
0.857,951
0.858,986
0.859,995
0.86,980
0.861,966
0.862,993
0.863,978
0.864,951
0.865,984
0.866,980
0.867,945
0.868,971
0.869,937
0.87,939
0.871,957
0.872,960
0.873,933
0.874,967
0.875,939
0.876,936
0.877,962
0.878,967
0.879,939
0.88,968
0.881,935
0.882,929
0.883,979
0.884,962
0.885,959
0.886,963
0.887,943
0.888,948
0.889,996
0.89,984
0.891,965
0.892,977
0.893,960
0.894,930
0.895,967
0.896,955
0.897,940
0.898,950
0.899,944
0.9,908
0.901,956
0.902,943
0.903,930
0.904,932
0.905,964
0.906,936
0.907,926
0.908,940
0.909,922
0.91,908
0.911,914
0.912,905
0.913,887
0.914,896
0.915,906
0.916,895
0.917,884
0.918,896
0.919,882
0.92,862
0.921,877
0.922,881
0.923,867
0.924,853
0.925,871
0.926,856
0.927,833
0.928,853
0.929,873
0.93,847
0.931,856
0.932,846
0.933,839
0.934,844
0.935,857
0.936,835
0.937,836
0.938,841
0.939,819
0.94,874
0.941,872
0.942,855
0.943,866
0.944,890
0.945,870
0.946,944
0.947,944
0.948,909
0.949,933
0.95,920
0.951,903
0.952,978
0.953,972
0.954,950
0.955,982
0.956,981
0.957,958
0.958,1038
0.959,1026
0.96,1000
0.961,1043
0.962,1016
0.963,1016
0.964,1057
0.965,1052
0.966,1023
0.967,1051
0.968,1026
0.969,1099
0.97,1095
0.971,1079
0.972,1120
0.973,1107
0.974,1104
0.975,1152
0.976,1136
0.977,1124
0.978,1129
0.979,1188
0.98,1143
0.981,1135
0.982,1193
0.983,1184
0.984,1157
0.985,1175
0.986,1179
0.987,1168
0.988,1226
0.989,1217
0.99,1189
0.991,1166
0.992,1215
0.993,1196
0.994,1183
0.995,1239
0.996,1219
0.997,1189
0.998,1200
0.999,1227
