0.0,1128
0.01,1120
0.02,1104
0.03,1089
0.04,1104
0.05,1137
0.06,1148
0.07,1130
0.08,1119
0.09,1118
0.1,1118
0.11,1123
0.12,1109
0.13,1093
0.14,1079
0.15,1116
0.16,1129
0.17,1126
0.18,1118
0.19,1114
0.2,1112
0.21,1149
0.22,1124
0.23,1138
0.24,1094
0.25,1104
0.26,1137
0.27,1152
0.28,1151
0.29,1129
0.3,1123
0.31,1133
0.32,1162
0.33,1164
0.34,1154
0.35,1145
0.36,1205
0.37,1230
0.38,1259
0.39,1227
0.4,1210
0.41,1221
0.42,1257
0.43,1269
0.44,1267
0.45,1247
0.46,1329
0.47,1437
0.48,1439
0.49,1432
0.5,1414
0.51,1467
0.52,1640
0.53,1622
0.54,1593
0.55,1590
0.56,1643
0.57,1680
0.58,1655
0.59,1619
0.6,1614
0.61,1644
0.62,1718
0.63,1696
0.64,1675
0.65,1649
0.66,1709
0.67,1823
0.68,1784
0.69,1757
0.7,1740
0.71,1752
0.72,1772
0.73,1791
0.74,1722
0.75,1696
0.76,1798
0.77,1790
0.78,1767
0.79,1776
0.8,1738
0.81,1733
0.82,1741
0.83,1711
0.84,1680
0.85,1667
0.86,1755
0.87,1730
0.88,1706
0.89,1687
0.9,1674
0.91,1679
0.92,1711
0.93,1710
0.94,1686
0.95,1676
0.96,1704
0.97,1750
0.98,1724
0.99,1720
1.0,1743
1.01,1694
1.02,1733
1.03,1719
1.04,1690
1.05,1662
1.06,1692
1.07,1688
1.08,1674
1.09,1697
1.1,1640
1.11,1624
1.12,1624
1.13,1622
1.14,1598
1.15,1572
1.16,1550
1.17,1585
1.18,1583
1.19,1569
1.2,1551
1.21,1584
1.22,1518
1.23,1522
1.24,1517
1.25,1492
1.26,1473
1.27,1455
1.28,1489
1.29,1496
1.3,1480
1.31,1467
1.32,1493
1.33,1444
1.34,1455
1.35,1440
1.36,1422
1.37,1406
1.38,1400
1.39,1426
1.4,1434
1.41,1418
1.42,1409
1.43,1402
1.44,1401
1.45,1405
1.46,1385
1.47,1366
1.48,1356
1.49,1415
1.5,1408
1.51,1391
1.52,1373
1.53,1391
1.54,1402
1.55,1365
1.56,1359
1.57,1342
1.58,1324
1.59,1306
1.6,1340
1.61,1343
1.62,1334
1.63,1321
1.64,1328
1.65,1309
1.66,1310
1.67,1311
1.68,1297
1.69,1280
1.7,1260
1.71,1336
1.72,1306
1.73,1297
1.74,1295
1.75,1286
1.76,1281
1.77,1287
1.78,1290
1.79,1270
1.8,1252
1.81,1241
1.82,1325
1.83,1291
1.84,1281
1.85,1268
1.86,1260
1.87,1254
1.88,1261
1.89,1258
1.9,1238
1.91,1226
1.92,1219
1.93,1265
1.94,1274
1.95,1279
1.96,1292
1.97,1255
1.98,1248
1.99,1248
2.0,1248
2.01,1232
2.02,1215
2.03,1199
2.04,1242
2.05,1256
2.06,1274
2.07,1235
2.08,1239
2.09,1236
2.1,1242
2.11,1235
2.12,1222
2.13,1210
2.14,1205
2.15,1241
2.16,1248
2.17,1243
2.18,1234
2.19,1232
2.2,1227
2.21,1240
2.22,1235
2.23,1217
2.24,1202
2.25,1204
2.26,1241
2.27,1247
2.28,1240
2.29,1237
2.3,1238
2.31,1238
2.32,1256
2.33,1258
2.34,1231
2.35,1226
2.36,1250
2.37,1243
2.38,1236
2.39,1254
2.4,1248
2.41,1249
2.42,1241
2.43,1259
2.44,1212
2.45,1208
2.46,1251
2.47,1266
2.48,1256
2.49,1253
2.5,1241
2.51,1238
2.52,1252
2.53,1275
2.54,1264
2.55,1221
2.56,1234
2.57,1260
2.58,1257
2.59,1244
2.6,1241
2.61,1249
2.62,1250
2.63,1251
2.64,1241
2.65,1219
2.66,1234
2.67,1218
2.68,1239
2.69,1243
2.7,1244
2.71,1231
2.72,1224
2.73,1223
2.74,1224
2.75,1204
2.76,1190
2.77,1177
2.78,1216
2.79,1224
2.8,1247
2.81,1207
2.82,1216
2.83,1209
2.84,1215
2.85,1216
2.86,1199
2.87,1189
2.88,1184
2.89,1232
2.9,1232
2.91,1220
2.92,1226
2.93,1223
2.94,1228
2.95,1215
2.96,1207
2.97,1195
2.98,1180
2.99,1205
3.0,1236
3.01,1225
3.02,1212
3.03,1207
3.04,1212
3.05,1213
3.06,1224
3.07,1197
3.08,1188
3.09,1236
3.1,1296
3.11,1264
3.12,1264
3.13,1249
3.14,1286
3.15,1330
3.16,1357
3.17,1341
3.18,1342
3.19,1347
3.2,1365
3.21,1369
3.22,1356
3.23,1342
3.24,1334
3.25,1382
3.26,1383
3.27,1374
3.28,1357
3.29,1341
3.3,1370
3.31,1396
3.32,1408
3.33,1395
3.34,1378
3.35,1367
3.36,1371
3.37,1407
3.38,1416
3.39,1358
3.4,1351
3.41,1385
3.42,1398
3.43,1401
3.44,1393
3.45,1389
3.46,1389
3.47,1395
3.48,1444
3.49,1386
3.5,1372
3.51,1354
3.52,1374
3.53,1388
3.54,1386
3.55,1387
3.56,1383
3.57,1371
3.58,1370
3.59,1372
3.6,1355
3.61,1392
3.62,1328
3.63,1378
3.64,1413
3.65,1368
3.66,1364
3.67,1360
3.68,1351
3.69,1368
3.7,1350
3.71,1324
3.72,1296
3.73,1308
3.74,1341
3.75,1362
3.76,1343
3.77,1324
3.78,1326
3.79,1353
3.8,1353
3.81,1333
3.82,1314
3.83,1328
3.84,1360
3.85,1369
3.86,1388
3.87,1367
3.88,1392
3.89,1365
3.9,1417
3.91,1442
3.92,1430
3.93,1409
3.94,1405
3.95,1478
3.96,1500
3.97,1526
3.98,1471
3.99,1464
4.0,1460
4.01,1469
4.02,1453
4.03,1436
4.04,1415
4.05,1432
4.06,1471
4.07,1471
4.08,1457
4.09,1474
4.1,1447
4.11,1447
4.12,1456
4.13,1445
4.14,1424
4.15,1412
4.16,1423
4.17,1442
4.18,1431
4.19,1410
4.2,1398
4.21,1432
4.22,1406
4.23,1414
4.24,1399
4.25,1399
4.26,1372
4.27,1415
4.28,1416
4.29,1403
4.3,1385
4.31,1375
4.32,1370
4.33,1398
4.34,1375
4.35,1365
4.36,1354
4.37,1352
4.38,1420
4.39,1416
4.4,1402
4.41,1407
4.42,1376
4.43,1351
4.44,1401
4.45,1383
4.46,1377
4.47,1368
4.48,1407
4.49,1423
4.5,1408
4.51,1417
4.52,1370
4.53,1360
4.54,1363
4.55,1385
4.56,1372
4.57,1367
4.58,1354
4.59,1458
4.6,1438
4.61,1454
4.62,1441
4.63,1438
4.64,1421
4.65,1426
4.66,1437
4.67,1447
4.68,1452
4.69,1479
4.7,1552
4.71,1524
4.72,1512
4.73,1510
4.74,1493
4.75,1483
4.76,1482
4.77,1483
4.78,1463
4.79,1440
4.8,1421
4.81,1451
4.82,1492
4.83,1439
4.84,1423
4.85,1412
4.86,1399
4.87,1396
4.88,1401
4.89,1390
4.9,1377
4.91,1365
4.92,1412
4.93,1453
4.94,1456
4.95,1404
4.96,1407
4.97,1410
4.98,1410
4.99,1421
5.0,1406
5.01,1404
5.02,1388
5.03,1424
5.04,1425
5.05,1419
5.06,1412
5.07,1395
5.08,1387
5.09,1388
5.1,1398
5.11,1380
5.12,1356
5.13,1338
5.14,1368
5.15,1380
5.16,1377
5.17,1366
5.18,1350
5.19,1349
5.2,1349
5.21,1346
5.22,1329
5.23,1312
5.24,1294
5.25,1320
5.26,1375
5.27,1313
5.28,1293
5.29,1277
5.3,1280
5.31,1280
5.32,1278
5.33,1261
5.34,1249
5.35,1276
5.36,1296
5.37,1308
5.38,1297
5.39,1284
5.4,1282
5.41,1272
5.42,1290
5.43,1306
5.44,1312
5.45,1312
5.46,1323
5.47,1346
5.48,1343
5.49,1340
5.5,1344
5.51,1348
5.52,1350
5.53,1349
5.54,1342
5.55,1330
5.56,1312
5.57,1299
5.58,1345
5.59,1349
5.6,1367
5.61,1341
5.62,1347
5.63,1345
5.64,1346
5.65,1339
5.66,1311
5.67,1291
5.68,1346
5.69,1349
5.7,1333
5.71,1344
5.72,1342
5.73,1323
5.74,1312
5.75,1288
5.76,1356
5.77,1353
5.78,1340
5.79,1335
5.8,1347
5.81,1492
5.82,1536
5.83,1520
5.84,1567
5.85,1578
5.86,1566
5.87,1560
5.88,1547
5.89,1580
5.9,1567
5.91,1543
5.92,1521
5.93,1585
5.94,1619
5.95,1600
5.96,1597
5.97,1613
5.98,1659
5.99,1630
6.0,1604
6.01,1640
6.02,1656
6.03,1662
6.04,1630
6.05,1627
6.06,1632
6.07,1663
6.08,1597
6.09,1600
6.1,1656
6.11,1628
6.12,1604
6.13,1596
6.14,1610
6.15,1621
6.16,1593
6.17,1566
6.18,1613
6.19,1639
6.2,1610
6.21,1585
6.22,1620
6.23,1659
6.24,1608
6.25,1592
6.26,1634
6.27,1712
6.28,1727
6.29,1696
6.3,1671
6.31,1746
6.32,1785
6.33,1713
6.34,1770
6.35,1750
6.36,1754
6.37,1726
6.38,1706
6.39,1713
6.4,1849
6.41,1829
6.42,1796
6.43,1820
6.44,1948
6.45,1894
6.46,1869
6.47,1859
6.48,1886
6.49,1856
6.5,1824
6.51,1860
6.52,1883
6.53,1863
6.54,1840
6.55,1817
6.56,1847
6.57,1890
6.58,1860
6.59,1821
6.6,1875
6.61,1887
6.62,1846
6.63,1851
6.64,1850
6.65,1907
6.66,1873
6.67,1834
6.68,1875
6.69,1926
6.7,1936
6.71,1868
6.72,1910
6.73,1930
6.74,1899
6.75,1860
6.76,1882
6.77,1885
6.78,1913
6.79,1868
6.8,1852
6.81,1900
6.82,1892
6.83,1852
6.84,1835
6.85,1908
6.86,1984
6.87,1936
6.88,1911
6.89,1900
6.9,1964
6.91,1951
6.92,1919
6.93,1972
6.94,1969
6.95,1948
6.96,1935
6.97,1892
6.98,1947
6.99,1952
7.0,1916
7.01,1936
7.02,1964
7.03,1950
7.04,1916
7.05,1886
7.06,1970
7.07,2011
7.08,1965
7.09,1924
7.1,1967
7.11,1989
7.12,1955
7.13,1918
7.14,1907
7.15,1953
7.16,1975
7.17,1892
7.18,1892
7.19,1924
7.2,1952
7.21,1908
7.22,1884
7.23,1912
7.24,1912
7.25,1839
7.26,1856
7.27,1898
7.28,1939
7.29,1902
7.3,1873
7.31,1926
7.32,1923
7.33,1883
7.34,1850
7.35,1909
7.36,1898
7.37,1865
7.38,1845
7.39,1835
7.4,1861
7.41,1868
7.42,1831
7.43,1851
7.44,1880
7.45,1868
7.46,1839
7.47,1818
7.48,1810
7.49,1896
7.5,1864
7.51,1828
7.52,1868
7.53,1909
7.54,1878
7.55,1850
7.56,1840
7.57,1894
7.58,1900
7.59,1859
7.6,1879
7.61,1865
7.62,1908
7.63,1884
7.64,1863
7.65,1854
7.66,1899
7.67,1869
7.68,1823
7.69,1860
7.7,1866
7.71,1860
7.72,1827
7.73,1798
7.74,1814
7.75,1792
7.76,1746
7.77,1782
7.78,1802
7.79,1787
7.8,1791
7.81,1744
7.82,1766
7.83,1764
7.84,1737
7.85,1700
7.86,1808
7.87,1827
7.88,1836
7.89,1793
7.9,1773
7.91,1787
7.92,1911
7.93,1976
7.94,1942
7.95,1904
7.96,1975
7.97,2020
7.98,2037
7.99,2016
8.0,1972
8.01,2048
8.02,2102
8.03,2047
8.04,1984
8.05,2067
8.06,2018
8.07,2095
8.08,2047
8.09,2047
8.1,2031
8.11,2043
8.12,1984
8.13,1951
8.14,1951
8.15,1948
8.16,1962
8.17,2008
8.18,1967
8.19,1920
8.2,1896
8.21,1887
8.22,1904
8.23,1827
8.24,1799
8.25,1818
8.26,1816
8.27,1794
8.28,1776
8.29,1757
8.3,1737
8.31,1736
8.32,1716
8.33,1687
8.34,1663
8.35,1663
8.36,1688
8.37,1683
8.38,1658
8.39,1680
8.4,1630
8.41,1631
8.42,1612
8.43,1584
8.44,1616
8.45,1587
8.46,1596
8.47,1576
8.48,1591
8.49,1550
8.5,1579
8.51,1550
8.52,1527
8.53,1503
8.54,1487
8.55,1536
8.56,1554
8.57,1535
8.58,1535
8.59,1510
8.6,1514
8.61,1586
8.62,1599
8.63,1537
8.64,1556
8.65,1615
8.66,1688
8.67,1664
8.68,1645
8.69,1636
8.7,1712
8.71,1716
8.72,1687
8.73,1663
8.74,1713
8.75,1744
8.76,1734
8.77,1716
8.78,1701
8.79,1711
8.8,1800
8.81,1782
8.82,1750
8.83,1759
8.84,1804
8.85,1803
8.86,1778
8.87,1764
8.88,1751
8.89,1782
8.9,1854
8.91,1826
8.92,1798
8.93,1819
8.94,1817
8.95,1790
8.96,1771
8.97,1768
8.98,1781
8.99,1826
9.0,1795
9.01,1766
9.02,1782
9.03,1812
9.04,1814
9.05,1832
9.06,1767
9.07,1791
9.08,1880
9.09,1858
9.1,1828
9.11,1797
9.12,1871
9.13,1892
9.14,1872
9.15,1845
9.16,1872
9.17,1826
9.18,1857
9.19,1820
9.2,1787
9.21,1804
9.22,1862
9.23,1918
9.24,1838
9.25,1840
9.26,1848
9.27,1896
9.28,1875
9.29,1844
9.3,1866
9.31,1900
9.32,1884
9.33,1858
9.34,1852
9.35,1839
9.36,1952
9.37,2024
9.38,1942
9.39,1916
9.4,1958
9.41,1978
9.42,1998
9.43,1929
9.44,1961
9.45,1932
9.46,2016
9.47,2000
9.48,1968
9.49,1940
9.5,1974
9.51,1979
9.52,1950
9.53,1978
9.54,1967
9.55,1928
9.56,1984
9.57,1902
9.58,1918
9.59,1903
9.6,1954
9.61,1888
9.62,1862
9.63,1844
9.64,1852
9.65,1912
9.66,1887
9.67,1853
9.68,1856
9.69,1920
9.7,1923
9.71,1899
9.72,1884
9.73,1872
9.74,1881
9.75,1876
9.76,1844
9.77,1824
9.78,1876
9.79,1887
9.8,1865
9.81,1848
9.82,1833
9.83,1825
9.84,1847
9.85,1840
9.86,1808
9.87,1780
9.88,1826
9.89,1843
9.9,1812
9.91,1780
9.92,1767
9.93,1780
9.94,1906
9.95,1842
9.96,1812
9.97,1792
9.98,1832
9.99,1832
