0.0,1214
0.01,1199
0.02,1182
0.03,1208
0.04,1200
0.05,1181
0.06,1167
0.07,1179
0.08,1211
0.09,1227
0.1,1211
0.11,1202
0.12,1194
0.13,1199
0.14,1212
0.15,1200
0.16,1184
0.17,1172
0.18,1209
0.19,1236
0.2,1217
0.21,1200
0.22,1186
0.23,1176
0.24,1203
0.25,1205
0.26,1192
0.27,1175
0.28,1175
0.29,1208
0.3,1252
0.31,1230
0.32,1244
0.33,1224
0.34,1211
0.35,1274
0.36,1274
0.37,1258
0.38,1239
0.39,1288
0.4,1290
0.41,1294
0.42,1274
0.43,1259
0.44,1260
0.45,1298
0.46,1330
0.47,1336
0.48,1301
0.49,1320
0.5,1354
0.51,1384
0.52,1370
0.53,1351
0.54,1364
0.55,1372
0.56,1364
0.57,1352
0.58,1408
0.59,1418
0.6,1420
0.61,1432
0.62,1416
0.63,1378
0.64,1452
0.65,1485
0.66,1472
0.67,1452
0.68,1458
0.69,1492
0.7,1526
0.71,1510
0.72,1490
0.73,1474
0.74,1476
0.75,1530
0.76,1592
0.77,1577
0.78,1576
0.79,1632
0.8,1613
0.81,1640
0.82,1587
0.83,1579
0.84,1588
0.85,1703
0.86,1723
0.87,1700
0.88,1664
0.89,1684
0.9,1702
0.91,1736
0.92,1709
0.93,1694
0.94,1696
0.95,1738
0.96,1819
0.97,1879
0.98,1608
0.99,1616
1.0,1674
1.01,1731
1.02,1713
1.03,1688
1.04,1671
1.05,1685
1.06,1713
1.07,1681
1.08,1656
1.09,1658
1.1,1706
1.11,1762
1.12,1736
1.13,1720
1.14,1693
1.15,1710
1.16,1730
1.17,1705
1.18,1678
1.19,1683
1.2,1759
1.21,1765
1.22,1735
1.23,1707
1.24,1686
1.25,1689
1.26,1732
1.27,1729
1.28,1720
1.29,1696
1.3,1711
1.31,1726
1.32,1692
1.33,1668
1.34,1655
1.35,1668
1.36,1777
1.37,1770
1.38,1741
1.39,1711
1.4,1756
1.41,1799
1.42,1795
1.43,1765
1.44,1744
1.45,1760
1.46,1811
1.47,1779
1.48,1760
1.49,1759
1.5,1798
1.51,1773
1.52,1746
1.53,1729
1.54,1738
1.55,1752
1.56,1722
1.57,1695
1.58,1666
1.59,1766
1.6,1740
1.61,1736
1.62,1711
1.63,1696
1.64,1676
1.65,1698
1.66,1717
1.67,1712
1.68,1667
1.69,1669
1.7,1702
1.71,1707
1.72,1681
1.73,1660
1.74,1648
1.75,1654
1.76,1668
1.77,1671
1.78,1646
1.79,1619
1.8,1663
1.81,1711
1.82,1728
1.83,1682
1.84,1671
1.85,1658
1.86,1736
1.87,1763
1.88,1735
1.89,1706
1.9,1747
1.91,1771
1.92,1783
1.93,1746
1.94,1724
1.95,1726
1.96,1786
1.97,1791
1.98,1757
1.99,1743
2.0,1792
2.01,1833
2.02,1802
2.03,1783
2.04,1766
2.05,1783
2.06,1860
2.07,1835
2.08,1805
2.09,1791
2.1,1827
2.11,1857
2.12,1824
2.13,1780
2.14,1765
2.15,1766
2.16,1790
2.17,1770
2.18,1743
2.19,1721
2.2,1785
2.21,1796
2.22,1760
2.23,1738
2.24,1726
2.25,1725
2.26,1734
2.27,1716
2.28,1688
2.29,1663
2.3,1720
2.31,1761
2.32,1747
2.33,1712
2.34,1704
2.35,1696
2.36,1712
2.37,1728
2.38,1695
2.39,1669
2.4,1682
2.41,1706
2.42,1714
2.43,1694
2.44,1678
2.45,1670
2.46,1682
2.47,1734
2.48,1718
2.49,1694
2.5,1668
2.51,1687
2.52,1702
2.53,1720
2.54,1693
2.55,1682
2.56,1677
2.57,1676
2.58,1681
2.59,1659
2.6,1638
2.61,1616
2.62,1657
2.63,1661
2.64,1651
2.65,1635
2.66,1629
2.67,1621
2.68,1636
2.69,1594
2.7,1572
2.71,1536
2.72,1600
2.73,1588
2.74,1570
2.75,1551
2.76,1539
2.77,1529
2.78,1529
2.79,1509
2.8,1482
2.81,1460
2.82,1454
2.83,1488
2.84,1481
2.85,1457
2.86,1458
2.87,1444
2.88,1444
2.89,1447
2.9,1422
2.91,1408
2.92,1432
2.93,1482
2.94,1448
2.95,1440
2.96,1438
2.97,1456
2.98,1455
2.99,1455
3.0,1433
3.01,1415
3.02,1422
3.03,1478
3.04,1529
3.05,1509
3.06,1493
3.07,1494
3.08,1515
3.09,1576
3.1,1544
3.11,1518
3.12,1540
3.13,1572
3.14,1615
3.15,1573
3.16,1561
3.17,1568
3.18,1576
3.19,1589
3.2,1571
3.21,1565
3.22,1608
3.23,1684
3.24,1665
3.25,1660
3.26,1630
3.27,1643
3.28,1713
3.29,1740
3.3,1713
3.31,1685
3.32,1718
3.33,1736
3.34,1722
3.35,1700
3.36,1696
3.37,1696
3.38,1745
3.39,1820
3.4,1776
3.41,1762
3.42,1777
3.43,1826
3.44,1880
3.45,1863
3.46,1844
3.47,1832
3.48,1840
3.49,1856
3.5,1801
3.51,1768
3.52,1776
3.53,1791
3.54,1787
3.55,1759
3.56,1757
3.57,1748
3.58,1758
3.59,1771
3.6,1740
3.61,1719
3.62,1726
3.63,1764
3.64,1796
3.65,1754
3.66,1726
3.67,1728
3.68,1724
3.69,1712
3.7,1687
3.71,1677
3.72,1696
3.73,1732
3.74,1723
3.75,1706
3.76,1696
3.77,1675
3.78,1703
3.79,1710
3.8,1686
3.81,1675
3.82,1760
3.83,1764
3.84,1816
3.85,1739
3.86,1717
3.87,1713
3.88,1778
3.89,1798
3.9,1772
3.91,1744
3.92,1770
3.93,1787
3.94,1802
3.95,1776
3.96,1749
3.97,1740
3.98,1751
3.99,1786
4.0,1757
4.01,1734
4.02,1714
4.03,1750
4.04,1756
4.05,1752
4.06,1722
4.07,1704
4.08,1708
4.09,1741
4.1,1770
4.11,1746
4.12,1731
4.13,1771
4.14,1786
4.15,1775
4.16,1751
4.17,1740
4.18,1731
4.19,1722
4.2,1709
4.21,1684
4.22,1657
4.23,1648
4.24,1690
4.25,1684
4.26,1665
4.27,1648
4.28,1640
4.29,1630
4.3,1642
4.31,1633
4.32,1608
4.33,1592
4.34,1585
4.35,1602
4.36,1604
4.37,1584
4.38,1583
4.39,1578
4.4,1574
4.41,1608
4.42,1588
4.43,1583
4.44,1546
4.45,1593
4.46,1599
4.47,1586
4.48,1584
4.49,1584
4.5,1543
4.51,1565
4.52,1553
4.53,1536
4.54,1511
4.55,1548
4.56,1566
4.57,1568
4.58,1542
4.59,1540
4.6,1540
4.61,1560
4.62,1528
4.63,1515
4.64,1483
4.65,1560
4.66,1548
4.67,1536
4.68,1510
4.69,1494
4.7,1490
4.71,1572
4.72,1608
4.73,1579
4.74,1557
4.75,1607
4.76,1675
4.77,1635
4.78,1615
4.79,1605
4.8,1604
4.81,1617
4.82,1641
4.83,1622
4.84,1595
4.85,1573
4.86,1609
4.87,1612
4.88,1593
4.89,1575
4.9,1550
4.91,1546
4.92,1553
4.93,1566
4.94,1536
4.95,1524
4.96,1558
4.97,1584
4.98,1567
4.99,1595
5.0,1538
5.01,1552
5.02,1559
5.03,1583
5.04,1517
5.05,1494
5.06,1514
5.07,1557
5.08,1546
5.09,1527
5.1,1510
5.11,1495
5.12,1500
5.13,1502
5.14,1481
5.15,1465
5.16,1452
5.17,1503
5.18,1519
5.19,1526
5.2,1521
5.21,1522
5.22,1521
5.23,1527
5.24,1530
5.25,1504
5.26,1484
5.27,1463
5.28,1500
5.29,1506
5.3,1488
5.31,1478
5.32,1485
5.33,1483
5.34,1503
5.35,1519
5.36,1500
5.37,1470
5.38,1470
5.39,1491
5.4,1491
5.41,1481
5.42,1480
5.43,1478
5.44,1470
5.45,1474
5.46,1470
5.47,1442
5.48,1434
5.49,1465
5.5,1472
5.51,1447
5.52,1424
5.53,1448
5.54,1413
5.55,1424
5.56,1416
5.57,1381
5.58,1388
5.59,1416
5.6,1426
5.61,1421
5.62,1402
5.63,1392
5.64,1390
5.65,1405
5.66,1390
5.67,1399
5.68,1360
5.69,1407
5.7,1426
5.71,1453
5.72,1439
5.73,1425
5.74,1455
5.75,1471
5.76,1459
5.77,1437
5.78,1418
5.79,1494
5.8,1542
5.81,1556
5.82,1541
5.83,1560
5.84,1516
5.85,1567
5.86,1596
5.87,1576
5.88,1551
5.89,1583
5.9,1626
5.91,1609
5.92,1595
5.93,1592
5.94,1595
5.95,1642
5.96,1689
5.97,1644
5.98,1623
5.99,1670
6.0,1726
6.01,1718
6.02,1690
6.03,1672
6.04,1676
6.05,1767
6.06,1789
6.07,1760
6.08,1732
6.09,1769
6.1,1794
6.11,1852
6.12,1823
6.13,1799
6.14,1788
6.15,1795
6.16,1816
6.17,1792
6.18,1763
6.19,1776
6.2,1855
6.21,1822
6.22,1808
6.23,1784
6.24,1808
6.25,1914
6.26,1924
6.27,1880
6.28,1868
6.29,1926
6.3,1978
6.31,1958
6.32,1926
6.33,1908
6.34,1898
6.35,1992
6.36,1988
6.37,1951
6.38,1920
6.39,1945
6.4,1965
6.41,2012
6.42,1913
6.43,1891
6.44,1890
6.45,1937
6.46,1921
6.47,1885
6.48,1848
6.49,1885
6.5,1927
6.51,1884
6.52,1871
6.53,1831
6.54,1827
6.55,1895
6.56,1886
6.57,1852
6.58,1822
6.59,1845
6.6,1857
6.61,1858
6.62,1827
6.63,1808
6.64,1794
6.65,1826
6.66,1811
6.67,1791
6.68,1750
6.69,1779
6.7,1806
6.71,1800
6.72,1776
6.73,1750
6.74,1733
6.75,1771
6.76,1829
6.77,1807
6.78,1776
6.79,1760
6.8,1856
6.81,1824
6.82,1786
6.83,1766
6.84,1760
6.85,1760
6.86,1753
6.87,1732
6.88,1702
6.89,1724
6.9,1750
6.91,1724
6.92,1699
6.93,1692
6.94,1667
6.95,1683
6.96,1720
6.97,1704
6.98,1675
6.99,1646
7.0,1687
7.01,1740
7.02,1729
7.03,1721
7.04,1736
7.05,1717
7.06,1763
7.07,1742
7.08,1713
7.09,1688
7.1,1741
7.11,1753
7.12,1737
7.13,1715
7.14,1700
7.15,1698
7.16,1756
7.17,1791
7.18,1768
7.19,1734
7.2,1742
7.21,1776
7.22,1792
7.23,1767
7.24,1741
7.25,1766
7.26,1720
7.27,1764
7.28,1782
7.29,1760
7.3,1710
7.31,1795
7.32,1830
7.33,1807
7.34,1776
7.35,1791
7.36,1756
7.37,1855
7.38,1842
7.39,1811
7.4,1792
7.41,1824
7.42,1848
7.43,1818
7.44,1794
7.45,1800
7.46,1792
7.47,1840
7.48,1831
7.49,1797
7.5,1767
7.51,1805
7.52,1888
7.53,1824
7.54,1811
7.55,1780
7.56,1825
7.57,1843
7.58,1828
7.59,1802
7.6,1786
7.61,1843
7.62,1860
7.63,1849
7.64,1822
7.65,1793
7.66,1790
7.67,1798
7.68,1771
7.69,1741
7.7,1716
7.71,1771
7.72,1775
7.73,1807
7.74,1776
7.75,1758
7.76,1792
7.77,1780
7.78,1793
7.79,1763
7.8,1744
7.81,1765
7.82,1796
7.83,1794
7.84,1792
7.85,1768
7.86,1740
7.87,1798
7.88,1758
7.89,1748
7.9,1708
7.91,1748
7.92,1743
7.93,1761
7.94,1735
7.95,1712
7.96,1704
7.97,1748
7.98,1888
7.99,1878
8.0,1848
8.01,1823
8.02,1874
8.03,1907
8.04,1889
8.05,1871
8.06,1843
8.07,1888
8.08,1904
8.09,1886
8.1,1837
8.11,1833
8.12,1874
8.13,1920
8.14,1859
8.15,1834
8.16,1821
8.17,1819
8.18,1832
8.19,1817
8.2,1792
8.21,1735
8.22,1855
8.23,1862
8.24,1864
8.25,1843
8.26,1825
8.27,1847
8.28,1844
8.29,1802
8.3,1789
8.31,1856
8.32,1890
8.33,1915
8.34,1848
8.35,1855
8.36,1839
8.37,1949
8.38,1937
8.39,1898
8.4,1870
8.41,1908
8.42,1921
8.43,1896
8.44,1873
8.45,1857
8.46,1873
8.47,1891
8.48,1860
8.49,1826
8.5,1826
8.51,1850
8.52,1881
8.53,1853
8.54,1835
8.55,1832
8.56,1829
8.57,1864
8.58,1832
8.59,1800
8.6,1783
8.61,1825
8.62,1826
8.63,1807
8.64,1776
8.65,1764
8.66,1770
8.67,1781
8.68,1752
8.69,1725
8.7,1699
8.71,1759
8.72,1836
8.73,1805
8.74,1796
8.75,1770
8.76,1761
8.77,1808
8.78,1779
8.79,1749
8.8,1724
8.81,1788
8.82,1791
8.83,1783
8.84,1752
8.85,1748
8.86,1738
8.87,1847
8.88,1870
8.89,1823
8.9,1799
8.91,1838
8.92,1844
8.93,1817
8.94,1808
8.95,1785
8.96,1836
8.97,1907
8.98,1873
8.99,1842
9.0,1816
9.01,1860
9.02,1874
9.03,1854
9.04,1827
9.05,1810
9.06,1810
9.07,1856
9.08,1832
9.09,1792
9.1,1770
9.11,1834
9.12,1840
9.13,1812
9.14,1795
9.15,1784
9.16,1777
9.17,1796
9.18,1758
9.19,1729
9.2,1705
9.21,1754
9.22,1761
9.23,1760
9.24,1738
9.25,1723
9.26,1718
9.27,1729
9.28,1759
9.29,1698
9.3,1683
9.31,1719
9.32,1739
9.33,1734
9.34,1708
9.35,1697
9.36,1695
9.37,1718
9.38,1711
9.39,1686
9.4,1659
9.41,1712
9.42,1715
9.43,1706
9.44,1686
9.45,1671
9.46,1667
9.47,1751
9.48,1788
9.49,1759
9.5,1697
9.51,1708
9.52,1736
9.53,1769
9.54,1748
9.55,1764
9.56,1712
9.57,1723
9.58,1752
9.59,1732
9.6,1702
9.61,1675
9.62,1720
9.63,1740
9.64,1743
9.65,1737
9.66,1702
9.67,1710
9.68,1743
9.69,1775
9.7,1710
9.71,1680
9.72,1758
9.73,1768
9.74,1752
9.75,1728
9.76,1710
9.77,1705
9.78,1734
9.79,1717
9.8,1692
9.81,1682
9.82,1718
9.83,1746
9.84,1722
9.85,1706
9.86,1696
9.87,1685
9.88,1692
9.89,1673
9.9,1667
9.91,1654
9.92,1676
9.93,1704
9.94,1663
9.95,1656
9.96,1645
9.97,1648
9.98,1724
9.99,1728
