0.0,715
0.001,707
0.002,711
0.003,711
0.004,736
0.005,745
0.006,721
0.007,699
0.008,705
0.009,707
0.01,706
0.011,735
0.012,727
0.013,703
0.014,699
0.015,699
0.016,702
0.017,718
0.018,738
0.019,718
0.02,698
0.021,707
0.022,710
0.023,708
0.024,736
0.025,742
0.026,719
0.027,709
0.028,715
0.029,717
0.03,715
0.031,753
0.032,752
0.033,724
0.034,734
0.035,729
0.036,726
0.037,780
0.038,781
0.039,753
0.04,756
0.041,760
0.042,762
0.043,762
0.044,790
0.045,779
0.046,752
0.047,762
0.048,791
0.049,783
0.05,807
0.051,822
0.052,790
0.053,784
0.054,800
0.055,800
0.056,792
0.057,895
0.058,866
0.059,854
0.06,853
0.061,853
0.062,846
0.063,884
0.064,879
0.065,843
0.066,826
0.067,830
0.068,825
0.069,835
0.07,861
0.071,834
0.072,812
0.073,823
0.074,827
0.075,816
0.076,829
0.077,840
0.078,820
0.079,814
0.08,841
0.081,833
0.082,852
0.083,868
0.084,847
0.085,816
0.086,825
0.087,840
0.088,826
0.089,860
0.09,850
0.091,832
0.092,819
0.093,817
0.094,815
0.095,848
0.096,862
0.097,819
0.098,804
0.099,819
0.1,809
0.101,799
0.102,828
0.103,804
0.104,794
0.105,795
0.106,814
0.107,803
0.108,824
0.109,831
0.11,809
0.111,794
0.112,812
0.113,805
0.114,819
0.115,843
0.116,831
0.117,807
0.118,818
0.119,826
0.12,831
0.121,850
0.122,854
0.123,831
0.124,815
0.125,828
0.126,829
0.127,828
0.128,849
0.129,844
0.13,813
0.131,816
0.132,818
0.133,810
0.134,833
0.135,847
0.136,846
0.137,850
0.138,873
0.139,888
0.14,908
0.141,951
0.142,914
0.143,905
0.144,928
0.145,924
0.146,917
0.147,964
0.148,976
0.149,935
0.15,920
0.151,927
0.152,926
0.153,976
0.154,975
0.155,961
0.156,952
0.157,978
0.158,956
0.159,941
0.16,1017
0.161,1001
0.162,979
0.163,972
0.164,987
0.165,953
0.166,984
0.167,975
0.168,949
0.169,939
0.17,963
0.171,922
0.172,905
0.173,934
0.174,931
0.175,895
0.176,897
0.177,895
0.178,868
0.179,898
0.18,904
0.181,897
0.182,902
0.183,928
0.184,917
0.185,900
0.186,965
0.187,951
0.188,925
0.189,936
0.19,976
0.191,960
0.192,1026
0.193,1042
0.194,1047
0.195,1040
0.196,1086
0.197,1033
0.198,1049
0.199,1046
0.2,1032
0.201,1007
0.202,1028
0.203,1063
0.204,1068
0.205,1106
0.206,1090
0.207,1066
0.208,1084
0.209,1074
0.21,1054
0.211,1103
0.212,1094
0.213,1075
0.214,1063
0.215,1064
0.216,1116
0.217,1139
0.218,1170
0.219,1151
0.22,1116
0.221,1120
0.222,1104
0.223,1089
0.224,1076
0.225,1071
0.226,1047
0.227,1064
0.228,1063
0.229,1029
0.23,1045
0.231,1064
0.232,1030
0.233,1016
0.234,1068
0.235,1073
0.236,1078
0.237,1135
0.238,1146
0.239,1149
0.24,1136
0.241,1155
0.242,1132
0.243,1147
0.244,1159
0.245,1185
0.246,1159
0.247,1188
0.248,1180
0.249,1152
0.25,1225
0.251,1246
0.252,1203
0.253,1231
0.254,1199
0.255,1229
0.256,1292
0.257,1290
0.258,1312
0.259,1274
0.26,1272
0.261,1259
0.262,1264
0.263,1293
0.264,1260
0.265,1265
0.266,1264
0.267,1265
0.268,1247
0.269,1269
0.27,1242
0.271,1237
0.272,1267
0.273,1260
0.274,1217
0.275,1224
0.276,1217
0.277,1232
0.278,1219
0.279,1247
0.28,1261
0.281,1302
0.282,1291
0.283,1259
0.284,1239
0.285,1296
0.286,1310
0.287,1366
0.288,1429
0.289,1413
0.29,1407
0.291,1444
0.292,1409
0.293,1404
0.294,1517
0.295,1544
0.296,1533
0.297,1516
0.298,1518
0.299,1515
0.3,1495
0.301,1498
0.302,1516
0.303,1520
0.304,1500
0.305,1467
0.306,1440
0.307,1454
0.308,1423
0.309,1454
0.31,1554
0.311,1532
0.312,1519
0.313,1602
0.314,1608
0.315,1577
0.316,1590
0.317,1602
0.318,1630
0.319,1591
0.32,1632
0.321,1656
0.322,1686
0.323,1670
0.324,1629
0.325,1615
0.326,1589
0.327,1633
0.328,1626
0.329,1625
0.33,1632
0.331,1569
0.332,1566
0.333,1592
0.334,1543
0.335,1606
0.336,1680
0.337,1652
0.338,1609
0.339,1651
0.34,1618
0.341,1610
0.342,1586
0.343,1572
0.344,1557
0.345,1587
0.346,1575
0.347,1653
0.348,1751
0.349,1756
0.35,1856
0.351,1837
0.352,1840
0.353,1790
0.354,1727
0.355,1734
0.356,1703
0.357,1697
0.358,1795
0.359,1834
0.36,1884
0.361,1855
0.362,1856
0.363,1800
0.364,1773
0.365,1781
0.366,1829
0.367,1813
0.368,1791
0.369,1792
0.37,1737
0.371,1736
0.372,1703
0.373,1699
0.374,1717
0.375,1716
0.376,1695
0.377,1759
0.378,1708
0.379,1685
0.38,1674
0.381,1685
0.382,1739
0.383,1736
0.384,1702
0.385,1656
0.386,1632
0.387,1659
0.388,1800
0.389,1851
0.39,2058
0.391,2023
0.392,1954
0.393,2015
0.394,1970
0.395,2020
0.396,2007
0.397,2022
0.398,1990
0.399,1952
0.4,1944
0.401,1904
0.402,1915
0.403,1895
0.404,1858
0.405,1834
0.406,1827
0.407,1824
0.408,1752
0.409,1798
0.41,1806
0.411,1892
0.412,1872
0.413,1852
0.414,1860
0.415,1811
0.416,1799
0.417,1741
0.418,1701
0.419,1703
0.42,1687
0.421,1643
0.422,1644
0.423,1600
0.424,1565
0.425,1552
0.426,1564
0.427,1553
0.428,1676
0.429,1691
0.43,1703
0.431,1704
0.432,1730
0.433,1693
0.434,1681
0.435,1681
0.436,1653
0.437,1591
0.438,1575
0.439,1546
0.44,1570
0.441,1620
0.442,1602
0.443,1583
0.444,1524
0.445,1506
0.446,1471
0.447,1475
0.448,1456
0.449,1556
0.45,1594
0.451,1648
0.452,1649
0.453,1645
0.454,1645
0.455,1637
0.456,1614
0.457,1654
0.458,1631
0.459,1644
0.46,1687
0.461,1664
0.462,1615
0.463,1570
0.464,1574
0.465,1550
0.466,1549
0.467,1564
0.468,1538
0.469,1540
0.47,1536
0.471,1517
0.472,1470
0.473,1452
0.474,1462
0.475,1561
0.476,1600
0.477,1568
0.478,1541
0.479,1536
0.48,1591
0.481,1577
0.482,1587
0.483,1624
0.484,1639
0.485,1709
0.486,1712
0.487,1695
0.488,1612
0.489,1599
0.49,1585
0.491,1551
0.492,1488
0.493,1508
0.494,1459
0.495,1407
0.496,1412
0.497,1389
0.498,1335
0.499,1343
0.5,1328
0.501,1301
0.502,1312
0.503,1279
0.504,1242
0.505,1240
0.506,1236
0.507,1215
0.508,1224
0.509,1224
0.51,1186
0.511,1172
0.512,1203
0.513,1224
0.514,1226
0.515,1246
0.516,1208
0.517,1164
0.518,1180
0.519,1182
0.52,1209
0.521,1216
0.522,1212
0.523,1188
0.524,1184
0.525,1189
0.526,1169
0.527,1154
0.528,1170
0.529,1145
0.53,1100
0.531,1115
0.532,1122
0.533,1108
0.534,1101
0.535,1093
0.536,1084
0.537,1072
0.538,1064
0.539,1048
0.54,1030
0.541,1048
0.542,1008
0.543,982
0.544,1014
0.545,1017
0.546,1010
0.547,1017
0.548,1018
0.549,988
0.55,1003
0.551,1004
0.552,996
0.553,984
0.554,1007
0.555,973
0.556,964
0.557,1008
0.558,984
0.559,968
0.56,983
0.561,966
0.562,939
0.563,956
0.564,973
0.565,962
0.566,956
0.567,966
0.568,936
0.569,924
0.57,947
0.571,935
0.572,921
0.573,941
0.574,959
0.575,930
0.576,959
0.577,959
0.578,960
0.579,957
0.58,952
0.581,930
0.582,928
0.583,973
0.584,945
0.585,925
0.586,939
0.587,927
0.588,916
0.589,931
0.59,939
0.591,956
0.592,937
0.593,956
0.594,923
0.595,935
0.596,959
0.597,937
0.598,927
0.599,954
0.6,925
0.601,901
0.602,932
0.603,932
0.604,922
0.605,946
0.606,944
0.607,913
0.608,938
0.609,967
0.61,940
0.611,941
0.612,953
0.613,932
0.614,916
0.615,939
0.616,944
0.617,924
0.618,960
0.619,928
0.62,900
0.621,909
0.622,922
0.623,936
0.624,923
0.625,938
0.626,900
0.627,916
0.628,922
0.629,914
0.63,916
0.631,940
0.632,907
0.633,879
0.634,928
0.635,919
0.636,903
0.637,946
0.638,918
0.639,881
0.64,892
0.641,904
0.642,901
0.643,902
0.644,926
0.645,906
0.646,884
0.647,913
0.648,916
0.649,906
0.65,918
0.651,910
0.652,892
0.653,886
0.654,913
0.655,908
0.656,920
0.657,923
0.658,893
0.659,882
0.66,919
0.661,901
0.662,897
0.663,919
0.664,893
0.665,862
0.666,907
0.667,901
0.668,910
0.669,909
0.67,907
0.671,882
0.672,911
0.673,927
0.674,932
0.675,909
0.676,930
0.677,904
0.678,877
0.679,919
0.68,920
0.681,927
0.682,936
0.683,914
0.684,891
0.685,911
0.686,913
0.687,903
0.688,899
0.689,928
0.69,900
0.691,874
0.692,920
0.693,911
0.694,893
0.695,910
0.696,900
0.697,888
0.698,875
0.699,889
0.7,892
0.701,874
0.702,892
0.703,872
0.704,859
0.705,890
0.706,886
0.707,881
0.708,894
0.709,880
0.71,856
0.711,862
0.712,876
0.713,861
0.714,858
0.715,871
0.716,851
0.717,848
0.718,896
0.719,875
0.72,862
0.721,875
0.722,875
0.723,853
0.724,872
0.725,894
0.726,867
0.727,862
0.728,872
0.729,860
0.73,870
0.731,881
0.732,873
0.733,852
0.734,879
0.735,871
0.736,842
0.737,863
0.738,866
0.739,850
0.74,847
0.741,845
0.742,834
0.743,845
0.744,886
0.745,860
0.746,851
0.747,859
0.748,856
0.749,858
0.75,891
0.751,881
0.752,863
0.753,868
0.754,876
0.755,863
0.756,888
0.757,896
0.758,882
0.759,854
0.76,885
0.761,874
0.762,861
0.763,907
0.764,907
0.765,896
0.766,892
0.767,892
0.768,883
0.769,913
0.77,912
0.771,887
0.772,888
0.773,927
0.774,900
0.775,888
0.776,956
0.777,941
0.778,916
0.779,928
0.78,938
0.781,912
0.782,938
0.783,944
0.784,920
0.785,903
0.786,939
0.787,932
0.788,915
0.789,952
0.79,956
0.791,916
0.792,932
0.793,926
0.794,920
0.795,939
0.796,940
0.797,919
0.798,906
0.799,921
0.8,911
0.801,917
0.802,964
0.803,947
0.804,900
0.805,921
0.806,912
0.807,898
0.808,972
0.809,986
0.81,944
0.811,924
0.812,943
0.813,929
0.814,920
0.815,965
0.816,955
0.817,923
0.818,931
0.819,929
0.82,919
0.821,947
0.822,948
0.823,923
0.824,900
0.825,916
0.826,904
0.827,896
0.828,925
0.829,916
0.83,883
0.831,882
0.832,882
0.833,875
0.834,894
0.835,901
0.836,877
0.837,858
0.838,885
0.839,872
0.84,856
0.841,906
0.842,900
0.843,862
0.844,868
0.845,873
0.846,869
0.847,918
0.848,912
0.849,868
0.85,866
0.851,904
0.852,885
0.853,914
0.854,911
0.855,875
0.856,882
0.857,890
0.858,882
0.859,923
0.86,907
0.861,880
0.862,893
0.863,895
0.864,886
0.865,942
0.866,940
0.867,927
0.868,912
0.869,912
0.87,903
0.871,949
0.872,944
0.873,907
0.874,917
0.875,905
0.876,893
0.877,928
0.878,922
0.879,884
0.88,890
0.881,915
0.882,904
0.883,935
0.884,946
0.885,911
0.886,918
0.887,917
0.888,908
0.889,918
0.89,946
0.891,928
0.892,899
0.893,915
0.894,917
0.895,907
0.896,952
0.897,953
0.898,925
0.899,911
0.9,941
0.901,933
0.902,944
0.903,983
0.904,966
0.905,936
0.906,958
0.907,933
0.908,922
0.909,960
0.91,952
0.911,925
0.912,909
0.913,932
0.914,929
0.915,910
0.916,944
0.917,924
0.918,907
0.919,894
0.92,905
0.921,899
0.922,920
0.923,926
0.924,905
0.925,884
0.926,912
0.927,911
0.928,892
0.929,943
0.93,944
0.931,908
0.932,899
0.933,909
0.934,902
0.935,911
0.936,945
0.937,930
0.938,902
0.939,905
0.94,901
0.941,896
0.942,930
0.943,924
0.944,893
0.945,880
0.946,900
0.947,938
0.948,897
0.949,925
0.95,935
0.951,951
0.952,915
0.953,902
0.954,907
0.955,924
0.956,911
0.957,901
0.958,944
0.959,941
0.96,939
0.961,916
0.962,901
0.963,904
0.964,936
0.965,916
0.966,912
0.967,963
0.968,976
0.969,965
0.97,949
0.971,942
0.972,960
0.973,951
0.974,962
0.975,938
0.976,997
0.977,1015
0.978,998
0.979,958
0.98,941
0.981,954
0.982,945
0.983,946
0.984,935
0.985,968
0.986,982
0.987,975
0.988,944
0.989,921
0.99,959
0.991,948
0.992,916
0.993,935
0.994,960
0.995,914
0.996,894
0.997,906
0.998,901
0.999,904
