0.0,863
0.01,879
0.02,880
0.03,868
0.04,860
0.05,860
0.06,869
0.07,874
0.08,870
0.09,860
0.1,852
0.11,880
0.12,884
0.13,873
0.14,871
0.15,856
0.16,858
0.17,870
0.18,868
0.19,859
0.2,851
0.21,857
0.22,870
0.23,886
0.24,875
0.25,870
0.26,864
0.27,865
0.28,879
0.29,873
0.3,862
0.31,856
0.32,858
0.33,873
0.34,895
0.35,874
0.36,865
0.37,858
0.38,860
0.39,872
0.4,869
0.41,861
0.42,852
0.43,856
0.44,869
0.45,880
0.46,867
0.47,860
0.48,852
0.49,855
0.5,866
0.51,867
0.52,855
0.53,847
0.54,852
0.55,866
0.56,875
0.57,865
0.58,855
0.59,850
0.6,851
0.61,870
0.62,872
0.63,855
0.64,847
0.65,874
0.66,887
0.67,890
0.68,880
0.69,871
0.7,872
0.71,916
0.72,928
0.73,928
0.74,902
0.75,912
0.76,953
0.77,955
0.78,953
0.79,952
0.8,937
0.81,947
0.82,993
0.83,1006
0.84,1002
0.85,984
0.86,1008
0.87,1029
0.88,1016
0.89,1004
0.9,996
0.91,990
0.92,1009
0.93,1020
0.94,1009
0.95,999
0.96,1001
0.97,1029
0.98,1055
0.99,1024
1.0,1023
1.01,1020
1.02,1017
1.03,1040
1.04,1035
1.05,1023
1.06,1012
1.07,1064
1.08,1086
1.09,1098
1.1,1071
1.11,1088
1.12,1075
1.13,1126
1.14,1097
1.15,1099
1.16,1077
1.17,1120
1.18,1136
1.19,1124
1.2,1120
1.21,1095
1.22,1094
1.23,1116
1.24,1126
1.25,1122
1.26,1110
1.27,1097
1.28,1149
1.29,1174
1.3,1167
1.31,1149
1.32,1140
1.33,1152
1.34,1183
1.35,1183
1.36,1132
1.37,1120
1.38,1140
1.39,1151
1.4,1151
1.41,1133
1.42,1118
1.43,1119
1.44,1121
1.45,1147
1.46,1121
1.47,1110
1.48,1101
1.49,1128
1.5,1141
1.51,1126
1.52,1112
1.53,1099
1.54,1109
1.55,1128
1.56,1108
1.57,1094
1.58,1084
1.59,1115
1.6,1123
1.61,1117
1.62,1101
1.63,1097
1.64,1092
1.65,1128
1.66,1151
1.67,1140
1.68,1123
1.69,1139
1.7,1165
1.71,1181
1.72,1193
1.73,1154
1.74,1146
1.75,1152
1.76,1178
1.77,1180
1.78,1168
1.79,1153
1.8,1177
1.81,1183
1.82,1187
1.83,1176
1.84,1169
1.85,1148
1.86,1156
1.87,1176
1.88,1163
1.89,1152
1.9,1146
1.91,1212
1.92,1208
1.93,1176
1.94,1160
1.95,1149
1.96,1170
1.97,1183
1.98,1179
1.99,1167
2.0,1153
2.01,1203
2.02,1216
2.03,1206
2.04,1188
2.05,1172
2.06,1174
2.07,1193
2.08,1208
2.09,1180
2.1,1166
2.11,1184
2.12,1193
2.13,1201
2.14,1186
2.15,1167
2.16,1159
2.17,1168
2.18,1184
2.19,1176
2.2,1164
2.21,1148
2.22,1170
2.23,1180
2.24,1175
2.25,1158
2.26,1145
2.27,1140
2.28,1142
2.29,1141
2.3,1128
2.31,1112
2.32,1105
2.33,1125
2.34,1141
2.35,1131
2.36,1116
2.37,1097
2.38,1090
2.39,1089
2.4,1091
2.41,1075
2.42,1066
2.43,1060
2.44,1085
2.45,1087
2.46,1078
2.47,1067
2.48,1058
2.49,1057
2.5,1086
2.51,1102
2.52,1060
2.53,1045
2.54,1064
2.55,1064
2.56,1070
2.57,1063
2.58,1050
2.59,1035
2.6,1034
2.61,1037
2.62,1040
2.63,1027
2.64,1017
2.65,1005
2.66,1027
2.67,1027
2.68,1016
2.69,1004
2.7,1009
2.71,1012
2.72,1020
2.73,1032
2.74,1019
2.75,1012
2.76,1011
2.77,1034
2.78,1039
2.79,1032
2.8,1021
2.81,1009
2.82,1004
2.83,1003
2.84,1008
2.85,987
2.86,1000
2.87,1005
2.88,1022
2.89,1030
2.9,991
2.91,1010
2.92,987
2.93,1002
2.94,992
2.95,992
2.96,980
2.97,969
2.98,993
2.99,1024
3.0,1024
3.01,995
3.02,996
3.03,979
3.04,992
3.05,988
3.06,978
3.07,976
3.08,976
3.09,984
3.1,1005
3.11,981
3.12,975
3.13,968
3.14,973
3.15,987
3.16,983
3.17,978
3.18,974
3.19,1024
3.2,1031
3.21,1042
3.22,1026
3.23,1028
3.24,1050
3.25,1082
3.26,1117
3.27,1112
3.28,1106
3.29,1120
3.3,1152
3.31,1168
3.32,1147
3.33,1144
3.34,1143
3.35,1189
3.36,1224
3.37,1185
3.38,1178
3.39,1165
3.4,1192
3.41,1199
3.42,1212
3.43,1223
3.44,1200
3.45,1171
3.46,1193
3.47,1208
3.48,1179
3.49,1170
3.5,1164
3.51,1185
3.52,1191
3.53,1186
3.54,1168
3.55,1165
3.56,1163
3.57,1172
3.58,1184
3.59,1164
3.6,1150
3.61,1192
3.62,1225
3.63,1237
3.64,1227
3.65,1217
3.66,1204
3.67,1215
3.68,1230
3.69,1224
3.7,1210
3.71,1230
3.72,1241
3.73,1257
3.74,1279
3.75,1240
3.76,1236
3.77,1251
3.78,1260
3.79,1272
3.8,1280
3.81,1247
3.82,1252
3.83,1272
3.84,1304
3.85,1281
3.86,1262
3.87,1266
3.88,1278
3.89,1289
3.9,1288
3.91,1261
3.92,1267
3.93,1319
3.94,1320
3.95,1320
3.96,1326
3.97,1306
3.98,1300
3.99,1316
4.0,1299
4.01,1287
4.02,1293
4.03,1331
4.04,1324
4.05,1300
4.06,1279
4.07,1262
4.08,1267
4.09,1298
4.1,1308
4.11,1280
4.12,1262
4.13,1295
4.14,1308
4.15,1312
4.16,1319
4.17,1288
4.18,1294
4.19,1312
4.2,1301
4.21,1294
4.22,1280
4.23,1304
4.24,1307
4.25,1310
4.26,1281
4.27,1264
4.28,1295
4.29,1288
4.3,1296
4.31,1320
4.32,1317
4.33,1323
4.34,1342
4.35,1346
4.36,1344
4.37,1339
4.38,1349
4.39,1355
4.4,1375
4.41,1354
4.42,1344
4.43,1332
4.44,1340
4.45,1338
4.46,1326
4.47,1318
4.48,1310
4.49,1304
4.5,1322
4.51,1332
4.52,1319
4.53,1312
4.54,1330
4.55,1367
4.56,1364
4.57,1342
4.58,1362
4.59,1343
4.6,1317
4.61,1316
4.62,1302
4.63,1283
4.64,1315
4.65,1279
4.66,1276
4.67,1288
4.68,1268
4.69,1261
4.7,1264
4.71,1278
4.72,1280
4.73,1274
4.74,1256
4.75,1285
4.76,1284
4.77,1272
4.78,1256
4.79,1239
4.8,1227
4.81,1227
4.82,1248
4.83,1224
4.84,1214
4.85,1202
4.86,1232
4.87,1244
4.88,1237
4.89,1225
4.9,1210
4.91,1214
4.92,1256
4.93,1304
4.94,1280
4.95,1264
4.96,1310
4.97,1327
4.98,1336
4.99,1320
5.0,1318
5.01,1352
5.02,1369
5.03,1418
5.04,1394
5.05,1407
5.06,1416
5.07,1451
5.08,1484
5.09,1470
5.1,1449
5.11,1433
5.12,1455
5.13,1503
5.14,1484
5.15,1483
5.16,1483
5.17,1517
5.18,1536
5.19,1506
5.2,1489
5.21,1471
5.22,1475
5.23,1512
5.24,1500
5.25,1488
5.26,1470
5.27,1499
5.28,1520
5.29,1480
5.3,1455
5.31,1453
5.32,1464
5.33,1548
5.34,1570
5.35,1542
5.36,1535
5.37,1546
5.38,1540
5.39,1515
5.4,1521
5.41,1504
5.42,1568
5.43,1567
5.44,1549
5.45,1576
5.46,1627
5.47,1640
5.48,1652
5.49,1664
5.5,1615
5.51,1607
5.52,1631
5.53,1616
5.54,1608
5.55,1572
5.56,1603
5.57,1648
5.58,1637
5.59,1612
5.6,1587
5.61,1584
5.62,1598
5.63,1586
5.64,1571
5.65,1548
5.66,1595
5.67,1619
5.68,1656
5.69,1632
5.7,1564
5.71,1547
5.72,1579
5.73,1575
5.74,1586
5.75,1588
5.76,1597
5.77,1664
5.78,1613
5.79,1596
5.8,1581
5.81,1587
5.82,1616
5.83,1630
5.84,1630
5.85,1622
5.86,1636
5.87,1654
5.88,1680
5.89,1648
5.9,1624
5.91,1606
5.92,1641
5.93,1704
5.94,1748
5.95,1776
5.96,1821
5.97,1792
5.98,1808
5.99,1776
6.0,1745
6.01,1736
6.02,1736
6.03,1718
6.04,1772
6.05,1696
6.06,1702
6.07,1758
6.08,1741
6.09,1739
6.1,1723
6.11,1712
6.12,1704
6.13,1727
6.14,1728
6.15,1674
6.16,1663
6.17,1684
6.18,1706
6.19,1698
6.2,1722
6.21,1741
6.22,1724
6.23,1760
6.24,1792
6.25,1695
6.26,1697
6.27,1701
6.28,1688
6.29,1664
6.3,1663
6.31,1664
6.32,1704
6.33,1754
6.34,1734
6.35,1704
6.36,1699
6.37,1700
6.38,1733
6.39,1696
6.4,1647
6.41,1639
6.42,1656
6.43,1657
6.44,1632
6.45,1641
6.46,1586
6.47,1594
6.48,1647
6.49,1649
6.5,1728
6.51,1681
6.52,1684
6.53,1680
6.54,1644
6.55,1615
6.56,1600
6.57,1625
6.58,1662
6.59,1638
6.6,1612
6.61,1588
6.62,1584
6.63,1604
6.64,1568
6.65,1544
6.66,1527
6.67,1574
6.68,1580
6.69,1554
6.7,1528
6.71,1508
6.72,1507
6.73,1536
6.74,1508
6.75,1485
6.76,1491
6.77,1512
6.78,1507
6.79,1490
6.8,1479
6.81,1468
6.82,1475
6.83,1543
6.84,1552
6.85,1563
6.86,1521
6.87,1537
6.88,1535
6.89,1507
6.9,1490
6.91,1486
6.92,1498
6.93,1515
6.94,1488
6.95,1472
6.96,1466
6.97,1513
6.98,1528
6.99,1503
7.0,1478
7.01,1471
7.02,1471
7.03,1520
7.04,1469
7.05,1428
7.06,1431
7.07,1501
7.08,1502
7.09,1481
7.1,1474
7.11,1464
7.12,1468
7.13,1457
7.14,1432
7.15,1410
7.16,1449
7.17,1472
7.18,1466
7.19,1455
7.2,1429
7.21,1425
7.22,1460
7.23,1568
7.24,1499
7.25,1498
7.26,1535
7.27,1526
7.28,1506
7.29,1490
7.3,1468
7.31,1473
7.32,1496
7.33,1528
7.34,1499
7.35,1474
7.36,1488
7.37,1492
7.38,1495
7.39,1484
7.4,1448
7.41,1456
7.42,1461
7.43,1466
7.44,1439
7.45,1416
7.46,1459
7.47,1475
7.48,1504
7.49,1480
7.5,1468
7.51,1469
7.52,1484
7.53,1468
7.54,1439
7.55,1419
7.56,1429
7.57,1475
7.58,1485
7.59,1483
7.6,1472
7.61,1440
7.62,1449
7.63,1484
7.64,1427
7.65,1409
7.66,1437
7.67,1428
7.68,1399
7.69,1379
7.7,1358
7.71,1360
7.72,1398
7.73,1343
7.74,1321
7.75,1307
7.76,1359
7.77,1322
7.78,1298
7.79,1291
7.8,1272
7.81,1288
7.82,1317
7.83,1299
7.84,1280
7.85,1288
7.86,1295
7.87,1290
7.88,1271
7.89,1263
7.9,1265
7.91,1292
7.92,1298
7.93,1279
7.94,1263
7.95,1336
7.96,1335
7.97,1392
7.98,1343
7.99,1360
8.0,1378
8.01,1387
8.02,1327
8.03,1311
8.04,1349
8.05,1348
8.06,1376
8.07,1351
8.08,1335
8.09,1336
8.1,1368
8.11,1351
8.12,1312
8.13,1320
8.14,1327
8.15,1306
8.16,1331
8.17,1289
8.18,1299
8.19,1260
8.2,1295
8.21,1259
8.22,1248
8.23,1224
8.24,1248
8.25,1229
8.26,1226
8.27,1212
8.28,1215
8.29,1179
8.3,1176
8.31,1176
8.32,1163
8.33,1148
8.34,1168
8.35,1232
8.36,1192
8.37,1170
8.38,1151
8.39,1152
8.4,1171
8.41,1175
8.42,1153
8.43,1136
8.44,1172
8.45,1188
8.46,1179
8.47,1192
8.48,1167
8.49,1178
8.5,1195
8.51,1179
8.52,1160
8.53,1170
8.54,1212
8.55,1268
8.56,1280
8.57,1232
8.58,1228
8.59,1236
8.6,1244
8.61,1228
8.62,1227
8.63,1238
8.64,1257
8.65,1280
8.66,1243
8.67,1225
8.68,1224
8.69,1241
8.7,1245
8.71,1226
8.72,1215
8.73,1238
8.74,1251
8.75,1263
8.76,1218
8.77,1203
8.78,1220
8.79,1319
8.8,1333
8.81,1314
8.82,1314
8.83,1324
8.84,1352
8.85,1310
8.86,1305
8.87,1296
8.88,1332
8.89,1360
8.9,1322
8.91,1299
8.92,1344
8.93,1376
8.94,1378
8.95,1361
8.96,1376
8.97,1359
8.98,1377
8.99,1356
9.0,1346
9.01,1335
9.02,1366
9.03,1408
9.04,1381
9.05,1362
9.06,1354
9.07,1387
9.08,1364
9.09,1368
9.1,1368
9.11,1393
9.12,1392
9.13,1372
9.14,1349
9.15,1338
9.16,1377
9.17,1427
9.18,1401
9.19,1376
9.2,1406
9.21,1432
9.22,1383
9.23,1363
9.24,1350
9.25,1365
9.26,1456
9.27,1471
9.28,1412
9.29,1415
9.3,1415
9.31,1418
9.32,1392
9.33,1369
9.34,1373
9.35,1407
9.36,1409
9.37,1386
9.38,1363
9.39,1399
9.4,1410
9.41,1443
9.42,1404
9.43,1388
9.44,1384
9.45,1402
9.46,1407
9.47,1368
9.48,1345
9.49,1416
9.5,1433
9.51,1456
9.52,1406
9.53,1393
9.54,1424
9.55,1400
9.56,1380
9.57,1356
9.58,1425
9.59,1410
9.6,1396
9.61,1374
9.62,1359
9.63,1376
9.64,1455
9.65,1444
9.66,1420
9.67,1420
9.68,1439
9.69,1482
9.7,1402
9.71,1382
9.72,1376
9.73,1423
9.74,1460
9.75,1440
9.76,1419
9.77,1442
9.78,1425
9.79,1411
9.8,1386
9.81,1391
9.82,1380
9.83,1408
9.84,1376
9.85,1343
9.86,1374
9.87,1387
9.88,1379
9.89,1392
9.9,1343
9.91,1354
9.92,1375
9.93,1350
9.94,1327
9.95,1326
9.96,1366
9.97,1418
9.98,1407
9.99,1375
