0.0,955
0.001,933
0.002,933
0.003,932
0.004,944
0.005,921
0.006,911
0.007,919
0.008,940
0.009,956
0.01,942
0.011,923
0.012,915
0.013,920
0.014,925
0.015,914
0.016,905
0.017,897
0.018,917
0.019,935
0.02,936
0.021,928
0.022,935
0.023,912
0.024,931
0.025,933
0.026,913
0.027,925
0.028,933
0.029,962
0.03,965
0.031,948
0.032,952
0.033,949
0.034,1025
0.035,1048
0.036,1047
0.037,1024
0.038,1059
0.039,1092
0.04,1099
0.041,1083
0.042,1070
0.043,1095
0.044,1093
0.045,1100
0.046,1086
0.047,1082
0.048,1106
0.049,1145
0.05,1214
0.051,1209
0.052,1180
0.053,1181
0.054,1282
0.055,1338
0.056,1318
0.057,1312
0.058,1315
0.059,1332
0.06,1375
0.061,1312
0.062,1301
0.063,1314
0.064,1428
0.065,1369
0.066,1378
0.067,1343
0.068,1386
0.069,1487
0.07,1457
0.071,1436
0.072,1459
0.073,1479
0.074,1452
0.075,1430
0.076,1446
0.077,1504
0.078,1588
0.079,1563
0.08,1536
0.081,1541
0.082,1567
0.083,1546
0.084,1515
0.085,1521
0.086,1554
0.087,1572
0.088,1520
0.089,1497
0.09,1500
0.091,1607
0.092,1644
0.093,1615
0.094,1588
0.095,1623
0.096,1622
0.097,1598
0.098,1585
0.099,1543
0.1,1532
0.101,1552
0.102,1568
0.103,1536
0.104,1504
0.105,1536
0.106,1568
0.107,1536
0.108,1512
0.109,1502
0.11,1492
0.111,1542
0.112,1534
0.113,1508
0.114,1494
0.115,1514
0.116,1517
0.117,1513
0.118,1488
0.119,1468
0.12,1457
0.121,1496
0.122,1479
0.123,1457
0.124,1440
0.125,1452
0.126,1472
0.127,1450
0.128,1433
0.129,1419
0.13,1405
0.131,1399
0.132,1391
0.133,1384
0.134,1351
0.135,1398
0.136,1372
0.137,1362
0.138,1356
0.139,1335
0.14,1320
0.141,1343
0.142,1304
0.143,1286
0.144,1272
0.145,1292
0.146,1305
0.147,1295
0.148,1284
0.149,1268
0.15,1261
0.151,1279
0.152,1260
0.153,1244
0.154,1234
0.155,1257
0.156,1270
0.157,1263
0.158,1248
0.159,1232
0.16,1229
0.161,1257
0.162,1248
0.163,1231
0.164,1217
0.165,1243
0.166,1280
0.167,1254
0.168,1237
0.169,1226
0.17,1239
0.171,1281
0.172,1297
0.173,1307
0.174,1266
0.175,1311
0.176,1397
0.177,1396
0.178,1380
0.179,1366
0.18,1370
0.181,1411
0.182,1404
0.183,1404
0.184,1376
0.185,1401
0.186,1452
0.187,1429
0.188,1430
0.189,1396
0.19,1422
0.191,1439
0.192,1409
0.193,1388
0.194,1402
0.195,1434
0.196,1450
0.197,1432
0.198,1413
0.199,1416
0.2,1428
0.201,1444
0.202,1427
0.203,1402
0.204,1440
0.205,1440
0.206,1398
0.207,1383
0.208,1392
0.209,1376
0.21,1435
0.211,1444
0.212,1436
0.213,1423
0.214,1442
0.215,1463
0.216,1440
0.217,1448
0.218,1456
0.219,1467
0.22,1459
0.221,1448
0.222,1431
0.223,1477
0.224,1508
0.225,1531
0.226,1536
0.227,1496
0.228,1486
0.229,1530
0.23,1519
0.231,1510
0.232,1509
0.233,1536
0.234,1553
0.235,1536
0.236,1535
0.237,1475
0.238,1482
0.239,1502
0.24,1459
0.241,1434
0.242,1456
0.243,1507
0.244,1520
0.245,1503
0.246,1489
0.247,1492
0.248,1538
0.249,1620
0.25,1613
0.251,1619
0.252,1651
0.253,1647
0.254,1632
0.255,1604
0.256,1603
0.257,1579
0.258,1624
0.259,1617
0.26,1583
0.261,1563
0.262,1600
0.263,1592
0.264,1597
0.265,1584
0.266,1567
0.267,1580
0.268,1575
0.269,1557
0.27,1544
0.271,1555
0.272,1585
0.273,1562
0.274,1558
0.275,1553
0.276,1536
0.277,1543
0.278,1546
0.279,1532
0.28,1523
0.281,1543
0.282,1552
0.283,1548
0.284,1542
0.285,1544
0.286,1539
0.287,1535
0.288,1534
0.289,1514
0.29,1563
0.291,1558
0.292,1564
0.293,1542
0.294,1547
0.295,1553
0.296,1579
0.297,1701
0.298,1719
0.299,1680
0.3,1712
0.301,1696
0.302,1700
0.303,1659
0.304,1662
0.305,1648
0.306,1679
0.307,1671
0.308,1671
0.309,1682
0.31,1706
0.311,1700
0.312,1676
0.313,1695
0.314,1652
0.315,1679
0.316,1658
0.317,1634
0.318,1619
0.319,1648
0.32,1714
0.321,1665
0.322,1643
0.323,1663
0.324,1649
0.325,1664
0.326,1656
0.327,1636
0.328,1611
0.329,1645
0.33,1650
0.331,1636
0.332,1600
0.333,1597
0.334,1580
0.335,1605
0.336,1583
0.337,1578
0.338,1596
0.339,1605
0.34,1601
0.341,1574
0.342,1550
0.343,1531
0.344,1568
0.345,1532
0.346,1547
0.347,1540
0.348,1580
0.349,1616
0.35,1600
0.351,1631
0.352,1600
0.353,1608
0.354,1630
0.355,1650
0.356,1591
0.357,1602
0.358,1631
0.359,1652
0.36,1657
0.361,1644
0.362,1640
0.363,1658
0.364,1668
0.365,1681
0.366,1661
0.367,1691
0.368,1725
0.369,1727
0.37,1692
0.371,1670
0.372,1692
0.373,1707
0.374,1686
0.375,1687
0.376,1722
0.377,1712
0.378,1694
0.379,1696
0.38,1681
0.381,1675
0.382,1681
0.383,1684
0.384,1668
0.385,1680
0.386,1691
0.387,1690
0.388,1685
0.389,1671
0.39,1679
0.391,1679
0.392,1656
0.393,1627
0.394,1618
0.395,1672
0.396,1679
0.397,1649
0.398,1632
0.399,1602
0.4,1605
0.401,1594
0.402,1574
0.403,1577
0.404,1545
0.405,1578
0.406,1569
0.407,1568
0.408,1600
0.409,1542
0.41,1558
0.411,1541
0.412,1530
0.413,1513
0.414,1551
0.415,1588
0.416,1583
0.417,1602
0.418,1578
0.419,1624
0.42,1596
0.421,1648
0.422,1679
0.423,1711
0.424,1703
0.425,1682
0.426,1658
0.427,1676
0.428,1696
0.429,1650
0.43,1632
0.431,1646
0.432,1663
0.433,1663
0.434,1641
0.435,1640
0.436,1602
0.437,1594
0.438,1602
0.439,1568
0.44,1550
0.441,1600
0.442,1600
0.443,1579
0.444,1572
0.445,1604
0.446,1631
0.447,1647
0.448,1598
0.449,1593
0.45,1664
0.451,1672
0.452,1648
0.453,1640
0.454,1639
0.455,1642
0.456,1648
0.457,1620
0.458,1598
0.459,1652
0.46,1631
0.461,1632
0.462,1633
0.463,1672
0.464,1652
0.465,1703
0.466,1727
0.467,1709
0.468,1727
0.469,1749
0.47,1738
0.471,1728
0.472,1700
0.473,1756
0.474,1773
0.475,1786
0.476,1788
0.477,1815
0.478,1799
0.479,1796
0.48,1777
0.481,1772
0.482,1754
0.483,1747
0.484,1792
0.485,1748
0.486,1746
0.487,1755
0.488,1766
0.489,1749
0.49,1722
0.491,1711
0.492,1702
0.493,1736
0.494,1742
0.495,1684
0.496,1709
0.497,1727
0.498,1724
0.499,1693
0.5,1668
0.501,1664
0.502,1643
0.503,1629
0.504,1631
0.505,1639
0.506,1655
0.507,1639
0.508,1632
0.509,1611
0.51,1588
0.511,1586
0.512,1576
0.513,1575
0.514,1575
0.515,1599
0.516,1646
0.517,1652
0.518,1704
0.519,1648
0.52,1671
0.521,1674
0.522,1683
0.523,1747
0.524,1687
0.525,1681
0.526,1714
0.527,1768
0.528,1791
0.529,1771
0.53,1760
0.531,1806
0.532,1790
0.533,1759
0.534,1776
0.535,1764
0.536,1754
0.537,1765
0.538,1704
0.539,1704
0.54,1728
0.541,1752
0.542,1744
0.543,1723
0.544,1759
0.545,1808
0.546,1873
0.547,1885
0.548,1951
0.549,2004
0.55,1993
0.551,1924
0.552,1898
0.553,1892
0.554,1901
0.555,1920
0.556,1931
0.557,1937
0.558,1936
0.559,1984
0.56,2007
0.561,2010
0.562,2031
0.563,2039
0.564,2021
0.565,1998
0.566,1952
0.567,1951
0.568,1923
0.569,1896
0.57,1920
0.571,1856
0.572,1871
0.573,1896
0.574,1969
0.575,1931
0.576,1943
0.577,1999
0.578,1980
0.579,1951
0.58,1872
0.581,1887
0.582,1874
0.583,1863
0.584,1870
0.585,1836
0.586,1840
0.587,1817
0.588,1800
0.589,1783
0.59,1794
0.591,1812
0.592,1806
0.593,1786
0.594,1784
0.595,1795
0.596,1786
0.597,1784
0.598,1770
0.599,1745
0.6,1732
0.601,1760
0.602,1751
0.603,1729
0.604,1733
0.605,1748
0.606,1740
0.607,1727
0.608,1727
0.609,1768
0.61,1680
0.611,1712
0.612,1727
0.613,1774
0.614,1839
0.615,1776
0.616,1778
0.617,1807
0.618,1840
0.619,1892
0.62,1888
0.621,1864
0.622,1852
0.623,1841
0.624,1820
0.625,1808
0.626,1775
0.627,1744
0.628,1737
0.629,1750
0.63,1740
0.631,1739
0.632,1732
0.633,1712
0.634,1714
0.635,1698
0.636,1687
0.637,1696
0.638,1712
0.639,1676
0.64,1682
0.641,1652
0.642,1626
0.643,1621
0.644,1626
0.645,1626
0.646,1646
0.647,1630
0.648,1616
0.649,1614
0.65,1604
0.651,1582
0.652,1569
0.653,1574
0.654,1573
0.655,1616
0.656,1583
0.657,1579
0.658,1574
0.659,1573
0.66,1550
0.661,1538
0.662,1535
0.663,1528
0.664,1570
0.665,1551
0.666,1533
0.667,1528
0.668,1531
0.669,1512
0.67,1502
0.671,1480
0.672,1473
0.673,1536
0.674,1497
0.675,1480
0.676,1449
0.677,1442
0.678,1460
0.679,1443
0.68,1441
0.681,1512
0.682,1482
0.683,1472
0.684,1463
0.685,1464
0.686,1458
0.687,1486
0.688,1457
0.689,1464
0.69,1468
0.691,1456
0.692,1446
0.693,1439
0.694,1471
0.695,1507
0.696,1500
0.697,1497
0.698,1523
0.699,1534
0.7,1528
0.701,1514
0.702,1500
0.703,1496
0.704,1544
0.705,1532
0.706,1521
0.707,1527
0.708,1546
0.709,1545
0.71,1526
0.711,1520
0.712,1513
0.713,1522
0.714,1506
0.715,1503
0.716,1487
0.717,1532
0.718,1518
0.719,1535
0.72,1500
0.721,1495
0.722,1490
0.723,1536
0.724,1479
0.725,1458
0.726,1485
0.727,1506
0.728,1492
0.729,1483
0.73,1471
0.731,1455
0.732,1473
0.733,1483
0.734,1477
0.735,1472
0.736,1477
0.737,1508
0.738,1532
0.739,1514
0.74,1506
0.741,1503
0.742,1547
0.743,1580
0.744,1560
0.745,1568
0.746,1597
0.747,1604
0.748,1660
0.749,1618
0.75,1608
0.751,1604
0.752,1625
0.753,1630
0.754,1625
0.755,1596
0.756,1596
0.757,1616
0.758,1625
0.759,1606
0.76,1597
0.761,1586
0.762,1572
0.763,1574
0.764,1556
0.765,1532
0.766,1520
0.767,1540
0.768,1567
0.769,1559
0.77,1553
0.771,1542
0.772,1531
0.773,1524
0.774,1518
0.775,1494
0.776,1492
0.777,1496
0.778,1515
0.779,1525
0.78,1505
0.781,1493
0.782,1480
0.783,1473
0.784,1503
0.785,1491
0.786,1477
0.787,1473
0.788,1502
0.789,1524
0.79,1523
0.791,1504
0.792,1464
0.793,1482
0.794,1463
0.795,1480
0.796,1430
0.797,1420
0.798,1456
0.799,1470
0.8,1474
0.801,1474
0.802,1472
0.803,1435
0.804,1443
0.805,1440
0.806,1418
0.807,1402
0.808,1432
0.809,1485
0.81,1552
0.811,1505
0.812,1487
0.813,1480
0.814,1500
0.815,1494
0.816,1484
0.817,1488
0.818,1485
0.819,1500
0.82,1501
0.821,1489
0.822,1476
0.823,1472
0.824,1536
0.825,1579
0.826,1558
0.827,1564
0.828,1558
0.829,1560
0.83,1560
0.831,1529
0.832,1507
0.833,1536
0.834,1512
0.835,1502
0.836,1485
0.837,1481
0.838,1498
0.839,1536
0.84,1535
0.841,1504
0.842,1488
0.843,1480
0.844,1487
0.845,1549
0.846,1534
0.847,1526
0.848,1519
0.849,1554
0.85,1611
0.851,1592
0.852,1584
0.853,1571
0.854,1558
0.855,1551
0.856,1534
0.857,1524
0.858,1507
0.859,1515
0.86,1518
0.861,1506
0.862,1495
0.863,1485
0.864,1478
0.865,1462
0.866,1449
0.867,1431
0.868,1422
0.869,1409
0.87,1436
0.871,1428
0.872,1447
0.873,1407
0.874,1394
0.875,1382
0.876,1378
0.877,1390
0.878,1365
0.879,1358
0.88,1361
0.881,1379
0.882,1372
0.883,1359
0.884,1350
0.885,1344
0.886,1332
0.887,1326
0.888,1312
0.889,1300
0.89,1290
0.891,1318
0.892,1316
0.893,1302
0.894,1291
0.895,1284
0.896,1281
0.897,1272
0.898,1259
0.899,1248
0.9,1247
0.901,1241
0.902,1280
0.903,1296
0.904,1258
0.905,1245
0.906,1246
0.907,1234
0.908,1233
0.909,1221
0.91,1215
0.911,1223
0.912,1234
0.913,1245
0.914,1256
0.915,1232
0.916,1219
0.917,1223
0.918,1239
0.919,1228
0.92,1207
0.921,1199
0.922,1222
0.923,1230
0.924,1226
0.925,1238
0.926,1220
0.927,1216
0.928,1227
0.929,1232
0.93,1248
0.931,1239
0.932,1222
0.933,1249
0.934,1267
0.935,1249
0.936,1243
0.937,1231
0.938,1247
0.939,1275
0.94,1265
0.941,1254
0.942,1265
0.943,1287
0.944,1319
0.945,1285
0.946,1288
0.947,1280
0.948,1331
0.949,1314
0.95,1311
0.951,1288
0.952,1302
0.953,1346
0.954,1342
0.955,1325
0.956,1314
0.957,1308
0.958,1339
0.959,1381
0.96,1368
0.961,1376
0.962,1373
0.963,1397
0.964,1424
0.965,1404
0.966,1398
0.967,1407
0.968,1408
0.969,1437
0.97,1432
0.971,1409
0.972,1408
0.973,1464
0.974,1477
0.975,1460
0.976,1464
0.977,1439
0.978,1453
0.979,1481
0.98,1457
0.981,1446
0.982,1436
0.983,1460
0.984,1487
0.985,1468
0.986,1452
0.987,1456
0.988,1448
0.989,1493
0.99,1479
0.991,1464
0.992,1461
0.993,1491
0.994,1534
0.995,1575
0.996,1501
0.997,1504
0.998,1500
0.999,1540
