0.0,703
0.001,693
0.002,728
0.003,726
0.004,705
0.005,708
0.006,708
0.007,701
0.008,721
0.009,729
0.01,710
0.011,709
0.012,707
0.013,700
0.014,712
0.015,731
0.016,714
0.017,708
0.018,708
0.019,700
0.02,710
0.021,729
0.022,712
0.023,695
0.024,701
0.025,695
0.026,685
0.027,721
0.028,706
0.029,689
0.03,695
0.031,693
0.032,682
0.033,719
0.034,713
0.035,695
0.036,700
0.037,698
0.038,687
0.039,712
0.04,719
0.041,701
0.042,704
0.043,698
0.044,690
0.045,703
0.046,719
0.047,704
0.048,699
0.049,701
0.05,693
0.051,701
0.052,723
0.053,706
0.054,694
0.055,696
0.056,688
0.057,690
0.058,719
0.059,705
0.06,693
0.061,701
0.062,704
0.063,690
0.064,736
0.065,713
0.066,698
0.067,712
0.068,707
0.069,696
0.07,735
0.071,725
0.072,706
0.073,713
0.074,713
0.075,702
0.076,734
0.077,732
0.078,714
0.079,730
0.08,733
0.081,723
0.082,742
0.083,753
0.084,734
0.085,731
0.086,731
0.087,722
0.088,740
0.089,748
0.09,724
0.091,746
0.092,725
0.093,714
0.094,741
0.095,752
0.096,728
0.097,732
0.098,732
0.099,721
0.1,741
0.101,745
0.102,727
0.103,729
0.104,733
0.105,725
0.106,743
0.107,759
0.108,739
0.109,734
0.11,736
0.111,730
0.112,749
0.113,766
0.114,744
0.115,734
0.116,738
0.117,733
0.118,735
0.119,760
0.12,741
0.121,726
0.122,730
0.123,723
0.124,732
0.125,752
0.126,735
0.127,736
0.128,745
0.129,733
0.13,772
0.131,764
0.132,745
0.133,770
0.134,772
0.135,753
0.136,806
0.137,780
0.138,755
0.139,764
0.14,758
0.141,760
0.142,799
0.143,781
0.144,764
0.145,784
0.146,764
0.147,797
0.148,804
0.149,780
0.15,787
0.151,800
0.152,776
0.153,822
0.154,809
0.155,790
0.156,824
0.157,803
0.158,792
0.159,833
0.16,811
0.161,803
0.162,821
0.163,807
0.164,817
0.165,824
0.166,799
0.167,800
0.168,804
0.169,789
0.17,816
0.171,817
0.172,797
0.173,789
0.174,800
0.175,791
0.176,801
0.177,819
0.178,797
0.179,785
0.18,806
0.181,777
0.182,776
0.183,815
0.184,781
0.185,775
0.186,783
0.187,774
0.188,798
0.189,800
0.19,783
0.191,782
0.192,788
0.193,756
0.194,766
0.195,770
0.196,762
0.197,744
0.198,747
0.199,737
0.2,731
0.201,761
0.202,763
0.203,732
0.204,735
0.205,726
0.206,736
0.207,764
0.208,776
0.209,763
0.21,766
0.211,775
0.212,780
0.213,772
0.214,803
0.215,797
0.216,788
0.217,798
0.218,801
0.219,782
0.22,791
0.221,816
0.222,794
0.223,788
0.224,796
0.225,774
0.226,759
0.227,795
0.228,794
0.229,782
0.23,793
0.231,785
0.232,788
0.233,789
0.234,812
0.235,806
0.236,793
0.237,804
0.238,793
0.239,776
0.24,805
0.241,780
0.242,752
0.243,754
0.244,743
0.245,719
0.246,752
0.247,759
0.248,771
0.249,772
0.25,790
0.251,786
0.252,814
0.253,816
0.254,789
0.255,779
0.256,769
0.257,744
0.258,754
0.259,776
0.26,752
0.261,753
0.262,750
0.263,735
0.264,735
0.265,750
0.266,730
0.267,717
0.268,721
0.269,716
0.27,708
0.271,745
0.272,746
0.273,733
0.274,736
0.275,727
0.276,733
0.277,778
0.278,764
0.279,750
0.28,775
0.281,771
0.282,785
0.283,813
0.284,826
0.285,807
0.286,801
0.287,788
0.288,766
0.289,780
0.29,770
0.291,744
0.292,763
0.293,779
0.294,788
0.295,811
0.296,848
0.297,840
0.298,823
0.299,825
0.3,802
0.301,804
0.302,829
0.303,807
0.304,812
0.305,797
0.306,810
0.307,795
0.308,819
0.309,811
0.31,799
0.311,811
0.312,801
0.313,787
0.314,818
0.315,810
0.316,806
0.317,805
0.318,832
0.319,836
0.32,884
0.321,881
0.322,879
0.323,917
0.324,917
0.325,928
0.326,950
0.327,975
0.328,1030
0.329,1010
0.33,1016
0.331,1023
0.332,1028
0.333,1036
0.334,1028
0.335,1059
0.336,1060
0.337,1047
0.338,1072
0.339,1048
0.34,1039
0.341,1014
0.342,1038
0.343,1032
0.344,1038
0.345,1031
0.346,1005
0.347,978
0.348,983
0.349,965
0.35,998
0.351,1026
0.352,1007
0.353,1001
0.354,986
0.355,1012
0.356,1044
0.357,1093
0.358,1102
0.359,1087
0.36,1092
0.361,1068
0.362,1036
0.363,1053
0.364,1042
0.365,1045
0.366,1110
0.367,1126
0.368,1153
0.369,1189
0.37,1200
0.371,1189
0.372,1184
0.373,1170
0.374,1154
0.375,1146
0.376,1136
0.377,1147
0.378,1150
0.379,1184
0.38,1181
0.381,1243
0.382,1248
0.383,1240
0.384,1252
0.385,1276
0.386,1336
0.387,1337
0.388,1340
0.389,1302
0.39,1309
0.391,1296
0.392,1292
0.393,1308
0.394,1344
0.395,1342
0.396,1376
0.397,1487
0.398,1564
0.399,1579
0.4,1563
0.401,1534
0.402,1506
0.403,1557
0.404,1544
0.405,1591
0.406,1626
0.407,1600
0.408,1586
0.409,1549
0.41,1530
0.411,1516
0.412,1536
0.413,1492
0.414,1468
0.415,1486
0.416,1492
0.417,1524
0.418,1566
0.419,1548
0.42,1626
0.421,1594
0.422,1551
0.423,1588
0.424,1618
0.425,1652
0.426,1673
0.427,1656
0.428,1642
0.429,1615
0.43,1603
0.431,1668
0.432,1688
0.433,1678
0.434,1646
0.435,1663
0.436,1611
0.437,1606
0.438,1613
0.439,1628
0.44,1633
0.441,1650
0.442,1642
0.443,1667
0.444,1632
0.445,1602
0.446,1604
0.447,1607
0.448,1568
0.449,1555
0.45,1514
0.451,1462
0.452,1497
0.453,1483
0.454,1572
0.455,1575
0.456,1580
0.457,1709
0.458,1736
0.459,1804
0.46,1807
0.461,1835
0.462,1761
0.463,1704
0.464,1688
0.465,1662
0.466,1695
0.467,1758
0.468,1713
0.469,1658
0.47,1647
0.471,1636
0.472,1646
0.473,1623
0.474,1610
0.475,1561
0.476,1552
0.477,1580
0.478,1562
0.479,1654
0.48,1623
0.481,1596
0.482,1680
0.483,1706
0.484,1715
0.485,1702
0.486,1706
0.487,1696
0.488,1663
0.489,1651
0.49,1627
0.491,1647
0.492,1618
0.493,1573
0.494,1544
0.495,1512
0.496,1519
0.497,1523
0.498,1688
0.499,1736
0.5,1804
0.501,1819
0.502,1827
0.503,1777
0.504,1788
0.505,1799
0.506,1738
0.507,1704
0.508,1737
0.509,1691
0.51,1683
0.511,1713
0.512,1692
0.513,1655
0.514,1646
0.515,1619
0.516,1621
0.517,1599
0.518,1543
0.519,1499
0.52,1464
0.521,1440
0.522,1437
0.523,1420
0.524,1560
0.525,1591
0.526,1569
0.527,1610
0.528,1635
0.529,1651
0.53,1737
0.531,1759
0.532,1771
0.533,1775
0.534,1715
0.535,1704
0.536,1663
0.537,1627
0.538,1740
0.539,1722
0.54,1702
0.541,1702
0.542,1661
0.543,1612
0.544,1684
0.545,1673
0.546,1680
0.547,1706
0.548,1664
0.549,1687
0.55,1828
0.551,1857
0.552,1925
0.553,1888
0.554,1899
0.555,1850
0.556,1806
0.557,1791
0.558,1824
0.559,1897
0.56,1870
0.561,1806
0.562,1795
0.563,1899
0.564,1919
0.565,1936
0.566,1908
0.567,1879
0.568,1784
0.569,1748
0.57,1681
0.571,1646
0.572,1632
0.573,1623
0.574,1663
0.575,1717
0.576,1784
0.577,1748
0.578,1745
0.579,1689
0.58,1652
0.581,1664
0.582,1631
0.583,1635
0.584,1591
0.585,1544
0.586,1583
0.587,1576
0.588,1560
0.589,1543
0.59,1509
0.591,1479
0.592,1453
0.593,1482
0.594,1494
0.595,1464
0.596,1432
0.597,1568
0.598,1684
0.599,1800
0.6,1861
0.601,1826
0.602,1757
0.603,1708
0.604,1664
0.605,1627
0.606,1722
0.607,1727
0.608,1727
0.609,1697
0.61,1661
0.611,1661
0.612,1642
0.613,1572
0.614,1776
0.615,1820
0.616,1935
0.617,1887
0.618,1842
0.619,1855
0.62,1832
0.621,1765
0.622,1759
0.623,1728
0.624,1669
0.625,1643
0.626,1607
0.627,1572
0.628,1632
0.629,1687
0.63,1674
0.631,1676
0.632,1668
0.633,1652
0.634,1631
0.635,1577
0.636,1530
0.637,1508
0.638,1449
0.639,1440
0.64,1402
0.641,1386
0.642,1450
0.643,1472
0.644,1445
0.645,1458
0.646,1426
0.647,1388
0.648,1369
0.649,1341
0.65,1298
0.651,1324
0.652,1292
0.653,1280
0.654,1291
0.655,1264
0.656,1231
0.657,1311
0.658,1253
0.659,1229
0.66,1248
0.661,1195
0.662,1170
0.663,1199
0.664,1178
0.665,1187
0.666,1184
0.667,1133
0.668,1176
0.669,1168
0.67,1130
0.671,1170
0.672,1165
0.673,1127
0.674,1151
0.675,1117
0.676,1097
0.677,1116
0.678,1116
0.679,1071
0.68,1092
0.681,1064
0.682,1044
0.683,1048
0.684,1026
0.685,998
0.686,1021
0.687,1033
0.688,1004
0.689,1007
0.69,991
0.691,972
0.692,997
0.693,989
0.694,992
0.695,995
0.696,976
0.697,960
0.698,977
0.699,975
0.7,957
0.701,960
0.702,968
0.703,940
0.704,943
0.705,976
0.706,953
0.707,932
0.708,948
0.709,942
0.71,927
0.711,946
0.712,965
0.713,955
0.714,930
0.715,969
0.716,959
0.717,927
0.718,964
0.719,954
0.72,938
0.721,938
0.722,932
0.723,903
0.724,900
0.725,920
0.726,903
0.727,889
0.728,897
0.729,884
0.73,864
0.731,873
0.732,892
0.733,876
0.734,864
0.735,886
0.736,862
0.737,837
0.738,875
0.739,880
0.74,878
0.741,884
0.742,885
0.743,872
0.744,863
0.745,912
0.746,908
0.747,903
0.748,917
0.749,907
0.75,896
0.751,896
0.752,913
0.753,915
0.754,909
0.755,946
0.756,926
0.757,898
0.758,926
0.759,930
0.76,925
0.761,931
0.762,938
0.763,927
0.764,902
0.765,935
0.766,952
0.767,924
0.768,935
0.769,932
0.77,893
0.771,892
0.772,925
0.773,922
0.774,918
0.775,944
0.776,907
0.777,877
0.778,888
0.779,917
0.78,909
0.781,914
0.782,928
0.783,900
0.784,876
0.785,920
0.786,915
0.787,913
0.788,928
0.789,926
0.79,901
0.791,893
0.792,923
0.793,936
0.794,943
0.795,964
0.796,944
0.797,909
0.798,916
0.799,946
0.8,949
0.801,953
0.802,963
0.803,931
0.804,907
0.805,935
0.806,947
0.807,946
0.808,959
0.809,949
0.81,920
0.811,901
0.812,934
0.813,939
0.814,937
0.815,952
0.816,932
0.817,901
0.818,895
0.819,929
0.82,931
0.821,926
0.822,939
0.823,910
0.824,881
0.825,897
0.826,923
0.827,923
0.828,925
0.829,930
0.83,896
0.831,867
0.832,903
0.833,907
0.834,908
0.835,922
0.836,916
0.837,884
0.838,878
0.839,906
0.84,910
0.841,910
0.842,913
0.843,896
0.844,869
0.845,866
0.846,892
0.847,895
0.848,892
0.849,900
0.85,875
0.851,845
0.852,865
0.853,884
0.854,880
0.855,885
0.856,884
0.857,856
0.858,855
0.859,884
0.86,878
0.861,867
0.862,879
0.863,862
0.864,832
0.865,837
0.866,866
0.867,866
0.868,862
0.869,886
0.87,864
0.871,854
0.872,862
0.873,891
0.874,872
0.875,880
0.876,875
0.877,850
0.878,833
0.879,863
0.88,864
0.881,855
0.882,864
0.883,850
0.884,829
0.885,841
0.886,853
0.887,846
0.888,847
0.889,864
0.89,843
0.891,819
0.892,847
0.893,854
0.894,857
0.895,848
0.896,855
0.897,860
0.898,849
0.899,847
0.9,815
0.901,845
0.902,869
0.903,857
0.904,848
0.905,844
0.906,863
0.907,866
0.908,853
0.909,843
0.91,831
0.911,860
0.912,887
0.913,870
0.914,855
0.915,851
0.916,863
0.917,860
0.918,850
0.919,853
0.92,842
0.921,861
0.922,871
0.923,858
0.924,852
0.925,842
0.926,865
0.927,879
0.928,863
0.929,848
0.93,858
0.931,869
0.932,877
0.933,871
0.934,859
0.935,855
0.936,898
0.937,880
0.938,851
0.939,838
0.94,879
0.941,895
0.942,879
0.943,869
0.944,843
0.945,849
0.946,842
0.947,821
0.948,847
0.949,849
0.95,840
0.951,832
0.952,850
0.953,825
0.954,822
0.955,855
0.956,835
0.957,834
0.958,824
0.959,846
0.96,847
0.961,838
0.962,875
0.963,860
0.964,849
0.965,866
0.966,862
0.967,863
0.968,873
0.969,883
0.97,858
0.971,850
0.972,873
0.973,880
0.974,841
0.975,918
0.976,917
0.977,904
0.978,895
0.979,915
0.98,898
0.981,918
0.982,924
0.983,905
0.984,885
0.985,891
0.986,881
0.987,863
0.988,864
0.989,877
0.99,862
0.991,844
0.992,848
0.993,840
0.994,823
0.995,841
0.996,846
0.997,828
0.998,824
0.999,826
