0.0,995
0.001,1005
0.002,982
0.003,996
0.004,1016
0.005,1016
0.006,1004
0.007,994
0.008,987
0.009,993
0.01,995
0.011,994
0.012,980
0.013,974
0.014,1006
0.015,1040
0.016,1027
0.017,1023
0.018,995
0.019,1002
0.02,1030
0.021,1028
0.022,1014
0.023,1005
0.024,1046
0.025,1059
0.026,1064
0.027,1052
0.028,1042
0.029,1051
0.03,1102
0.031,1136
0.032,1102
0.033,1090
0.034,1126
0.035,1125
0.036,1123
0.037,1127
0.038,1090
0.039,1100
0.04,1123
0.041,1108
0.042,1097
0.043,1104
0.044,1123
0.045,1138
0.046,1119
0.047,1106
0.048,1105
0.049,1184
0.05,1162
0.051,1143
0.052,1141
0.053,1176
0.054,1184
0.055,1164
0.056,1149
0.057,1156
0.058,1191
0.059,1211
0.06,1194
0.061,1191
0.062,1218
0.063,1241
0.064,1232
0.065,1214
0.066,1204
0.067,1224
0.068,1267
0.069,1249
0.07,1234
0.071,1240
0.072,1284
0.073,1297
0.074,1280
0.075,1265
0.076,1256
0.077,1352
0.078,1456
0.079,1424
0.08,1404
0.081,1435
0.082,1480
0.083,1510
0.084,1487
0.085,1468
0.086,1456
0.087,1500
0.088,1503
0.089,1480
0.09,1471
0.091,1482
0.092,1488
0.093,1483
0.094,1462
0.095,1446
0.096,1433
0.097,1465
0.098,1437
0.099,1419
0.1,1411
0.101,1449
0.102,1480
0.103,1456
0.104,1444
0.105,1418
0.106,1415
0.107,1396
0.108,1379
0.109,1363
0.11,1393
0.111,1395
0.112,1396
0.113,1377
0.114,1376
0.115,1376
0.116,1378
0.117,1374
0.118,1356
0.119,1335
0.12,1360
0.121,1408
0.122,1399
0.123,1387
0.124,1368
0.125,1365
0.126,1405
0.127,1434
0.128,1407
0.129,1403
0.13,1416
0.131,1466
0.132,1434
0.133,1414
0.134,1412
0.135,1442
0.136,1464
0.137,1440
0.138,1418
0.139,1440
0.14,1437
0.141,1441
0.142,1412
0.143,1403
0.144,1408
0.145,1459
0.146,1440
0.147,1439
0.148,1427
0.149,1471
0.15,1471
0.151,1435
0.152,1455
0.153,1424
0.154,1425
0.155,1447
0.156,1427
0.157,1408
0.158,1397
0.159,1411
0.16,1416
0.161,1401
0.162,1385
0.163,1382
0.164,1371
0.165,1369
0.166,1357
0.167,1348
0.168,1342
0.169,1368
0.17,1367
0.171,1354
0.172,1339
0.173,1332
0.174,1321
0.175,1314
0.176,1302
0.177,1287
0.178,1275
0.179,1287
0.18,1299
0.181,1326
0.182,1311
0.183,1280
0.184,1251
0.185,1275
0.186,1265
0.187,1263
0.188,1289
0.189,1284
0.19,1300
0.191,1280
0.192,1269
0.193,1272
0.194,1268
0.195,1303
0.196,1297
0.197,1281
0.198,1279
0.199,1311
0.2,1343
0.201,1332
0.202,1316
0.203,1315
0.204,1316
0.205,1320
0.206,1316
0.207,1310
0.208,1308
0.209,1332
0.21,1346
0.211,1330
0.212,1321
0.213,1315
0.214,1312
0.215,1313
0.216,1320
0.217,1268
0.218,1298
0.219,1317
0.22,1315
0.221,1302
0.222,1288
0.223,1278
0.224,1324
0.225,1349
0.226,1332
0.227,1315
0.228,1329
0.229,1407
0.23,1407
0.231,1394
0.232,1388
0.233,1373
0.234,1398
0.235,1393
0.236,1386
0.237,1396
0.238,1442
0.239,1442
0.24,1425
0.241,1431
0.242,1412
0.243,1420
0.244,1424
0.245,1410
0.246,1408
0.247,1393
0.248,1398
0.249,1408
0.25,1386
0.251,1380
0.252,1378
0.253,1384
0.254,1374
0.255,1376
0.256,1370
0.257,1407
0.258,1439
0.259,1398
0.26,1388
0.261,1364
0.262,1356
0.263,1376
0.264,1363
0.265,1376
0.266,1407
0.267,1413
0.268,1401
0.269,1381
0.27,1390
0.271,1366
0.272,1431
0.273,1463
0.274,1492
0.275,1445
0.276,1503
0.277,1480
0.278,1503
0.279,1491
0.28,1447
0.281,1485
0.282,1505
0.283,1499
0.284,1500
0.285,1535
0.286,1535
0.287,1534
0.288,1520
0.289,1567
0.29,1540
0.291,1567
0.292,1535
0.293,1518
0.294,1535
0.295,1576
0.296,1599
0.297,1570
0.298,1563
0.299,1578
0.3,1583
0.301,1594
0.302,1576
0.303,1572
0.304,1617
0.305,1650
0.306,1644
0.307,1633
0.308,1623
0.309,1607
0.31,1604
0.311,1611
0.312,1623
0.313,1611
0.314,1584
0.315,1603
0.316,1607
0.317,1617
0.318,1568
0.319,1600
0.32,1552
0.321,1544
0.322,1539
0.323,1524
0.324,1533
0.325,1563
0.326,1560
0.327,1551
0.328,1533
0.329,1517
0.33,1512
0.331,1521
0.332,1510
0.333,1488
0.334,1481
0.335,1543
0.336,1536
0.337,1541
0.338,1528
0.339,1550
0.34,1538
0.341,1536
0.342,1547
0.343,1542
0.344,1537
0.345,1538
0.346,1525
0.347,1512
0.348,1514
0.349,1486
0.35,1482
0.351,1476
0.352,1486
0.353,1496
0.354,1512
0.355,1538
0.356,1531
0.357,1530
0.358,1576
0.359,1537
0.36,1557
0.361,1545
0.362,1523
0.363,1503
0.364,1513
0.365,1520
0.366,1514
0.367,1512
0.368,1490
0.369,1477
0.37,1498
0.371,1491
0.372,1496
0.373,1500
0.374,1513
0.375,1540
0.376,1516
0.377,1503
0.378,1524
0.379,1543
0.38,1508
0.381,1490
0.382,1470
0.383,1467
0.384,1473
0.385,1486
0.386,1488
0.387,1533
0.388,1519
0.389,1469
0.39,1466
0.391,1440
0.392,1425
0.393,1468
0.394,1463
0.395,1447
0.396,1431
0.397,1436
0.398,1446
0.399,1452
0.4,1460
0.401,1459
0.402,1456
0.403,1473
0.404,1490
0.405,1476
0.406,1460
0.407,1439
0.408,1448
0.409,1502
0.41,1492
0.411,1491
0.412,1524
0.413,1599
0.414,1576
0.415,1569
0.416,1558
0.417,1555
0.418,1595
0.419,1600
0.42,1592
0.421,1572
0.422,1602
0.423,1648
0.424,1646
0.425,1652
0.426,1687
0.427,1650
0.428,1678
0.429,1695
0.43,1720
0.431,1693
0.432,1747
0.433,1746
0.434,1721
0.435,1707
0.436,1727
0.437,1727
0.438,1723
0.439,1719
0.44,1699
0.441,1749
0.442,1766
0.443,1764
0.444,1756
0.445,1759
0.446,1790
0.447,1743
0.448,1715
0.449,1743
0.45,1799
0.451,1798
0.452,1775
0.453,1760
0.454,1780
0.455,1736
0.456,1729
0.457,1726
0.458,1720
0.459,1717
0.46,1800
0.461,1792
0.462,1792
0.463,1734
0.464,1744
0.465,1792
0.466,1737
0.467,1704
0.468,1696
0.469,1714
0.47,1716
0.471,1706
0.472,1720
0.473,1760
0.474,1720
0.475,1728
0.476,1742
0.477,1712
0.478,1743
0.479,1732
0.48,1714
0.481,1728
0.482,1706
0.483,1697
0.484,1697
0.485,1736
0.486,1736
0.487,1745
0.488,1720
0.489,1756
0.49,1758
0.491,1811
0.492,1828
0.493,1848
0.494,1855
0.495,1850
0.496,1791
0.497,1757
0.498,1765
0.499,1792
0.5,1743
0.501,1720
0.502,1727
0.503,1696
0.504,1695
0.505,1760
0.506,1727
0.507,1711
0.508,1741
0.509,1775
0.51,1716
0.511,1755
0.512,1740
0.513,1743
0.514,1758
0.515,1756
0.516,1771
0.517,1853
0.518,1888
0.519,1832
0.52,1803
0.521,1792
0.522,1800
0.523,1776
0.524,1753
0.525,1727
0.526,1747
0.527,1764
0.528,1779
0.529,1752
0.53,1731
0.531,1732
0.532,1792
0.533,1778
0.534,1781
0.535,1804
0.536,1826
0.537,1832
0.538,1801
0.539,1770
0.54,1750
0.541,1750
0.542,1786
0.543,1790
0.544,1800
0.545,1793
0.546,1825
0.547,1808
0.548,1785
0.549,1774
0.55,1765
0.551,1759
0.552,1769
0.553,1756
0.554,1728
0.555,1707
0.556,1744
0.557,1745
0.558,1742
0.559,1729
0.56,1710
0.561,1693
0.562,1706
0.563,1728
0.564,1679
0.565,1752
0.566,1773
0.567,1772
0.568,1756
0.569,1749
0.57,1750
0.571,1740
0.572,1712
0.573,1693
0.574,1679
0.575,1676
0.576,1672
0.577,1685
0.578,1671
0.579,1648
0.58,1617
0.581,1599
0.582,1626
0.583,1623
0.584,1625
0.585,1644
0.586,1674
0.587,1727
0.588,1687
0.589,1711
0.59,1680
0.591,1672
0.592,1651
0.593,1630
0.594,1611
0.595,1596
0.596,1616
0.597,1578
0.598,1567
0.599,1565
0.6,1571
0.601,1556
0.602,1561
0.603,1565
0.604,1536
0.605,1545
0.606,1570
0.607,1568
0.608,1540
0.609,1528
0.61,1535
0.611,1515
0.612,1510
0.613,1497
0.614,1492
0.615,1506
0.616,1528
0.617,1514
0.618,1499
0.619,1493
0.62,1485
0.621,1498
0.622,1498
0.623,1464
0.624,1462
0.625,1525
0.626,1512
0.627,1491
0.628,1480
0.629,1466
0.63,1480
0.631,1519
0.632,1455
0.633,1442
0.634,1500
0.635,1474
0.636,1459
0.637,1446
0.638,1431
0.639,1423
0.64,1464
0.641,1470
0.642,1462
0.643,1453
0.644,1510
0.645,1526
0.646,1476
0.647,1469
0.648,1463
0.649,1457
0.65,1500
0.651,1488
0.652,1484
0.653,1492
0.654,1519
0.655,1522
0.656,1505
0.657,1497
0.658,1518
0.659,1480
0.66,1483
0.661,1470
0.662,1468
0.663,1455
0.664,1482
0.665,1482
0.666,1467
0.667,1456
0.668,1450
0.669,1443
0.67,1455
0.671,1437
0.672,1426
0.673,1424
0.674,1440
0.675,1448
0.676,1440
0.677,1418
0.678,1412
0.679,1424
0.68,1423
0.681,1398
0.682,1402
0.683,1413
0.684,1414
0.685,1400
0.686,1387
0.687,1384
0.688,1377
0.689,1390
0.69,1376
0.691,1363
0.692,1354
0.693,1423
0.694,1396
0.695,1384
0.696,1375
0.697,1353
0.698,1358
0.699,1398
0.7,1373
0.701,1332
0.702,1324
0.703,1359
0.704,1411
0.705,1401
0.706,1402
0.707,1407
0.708,1405
0.709,1439
0.71,1452
0.711,1424
0.712,1424
0.713,1464
0.714,1496
0.715,1496
0.716,1459
0.717,1438
0.718,1475
0.719,1485
0.72,1469
0.721,1502
0.722,1503
0.723,1496
0.724,1493
0.725,1496
0.726,1480
0.727,1471
0.728,1488
0.729,1510
0.73,1489
0.731,1515
0.732,1500
0.733,1512
0.734,1496
0.735,1464
0.736,1453
0.737,1542
0.738,1547
0.739,1540
0.74,1532
0.741,1560
0.742,1563
0.743,1560
0.744,1540
0.745,1524
0.746,1519
0.747,1568
0.748,1568
0.749,1548
0.75,1536
0.751,1563
0.752,1565
0.753,1551
0.754,1528
0.755,1516
0.756,1512
0.757,1552
0.758,1544
0.759,1526
0.76,1523
0.761,1572
0.762,1648
0.763,1625
0.764,1613
0.765,1616
0.766,1607
0.767,1667
0.768,1639
0.769,1618
0.77,1634
0.771,1664
0.772,1642
0.773,1630
0.774,1664
0.775,1700
0.776,1802
0.777,1776
0.778,1759
0.779,1756
0.78,1792
0.781,1739
0.782,1718
0.783,1711
0.784,1723
0.785,1783
0.786,1788
0.787,1757
0.788,1812
0.789,1779
0.79,1798
0.791,1773
0.792,1755
0.793,1756
0.794,1803
0.795,1786
0.796,1760
0.797,1750
0.798,1794
0.799,1856
0.8,1813
0.801,1795
0.802,1778
0.803,1774
0.804,1753
0.805,1733
0.806,1714
0.807,1760
0.808,1758
0.809,1720
0.81,1704
0.811,1704
0.812,1675
0.813,1688
0.814,1672
0.815,1656
0.816,1716
0.817,1680
0.818,1720
0.819,1679
0.82,1667
0.821,1634
0.822,1640
0.823,1632
0.824,1633
0.825,1623
0.826,1627
0.827,1631
0.828,1604
0.829,1587
0.83,1578
0.831,1576
0.832,1640
0.833,1628
0.834,1602
0.835,1600
0.836,1632
0.837,1640
0.838,1619
0.839,1608
0.84,1599
0.841,1599
0.842,1595
0.843,1579
0.844,1571
0.845,1620
0.846,1608
0.847,1620
0.848,1602
0.849,1620
0.85,1585
0.851,1586
0.852,1583
0.853,1553
0.854,1537
0.855,1554
0.856,1585
0.857,1570
0.858,1563
0.859,1552
0.86,1551
0.861,1568
0.862,1582
0.863,1536
0.864,1495
0.865,1532
0.866,1544
0.867,1511
0.868,1499
0.869,1487
0.87,1475
0.871,1532
0.872,1513
0.873,1464
0.874,1456
0.875,1498
0.876,1510
0.877,1487
0.878,1458
0.879,1439
0.88,1508
0.881,1528
0.882,1515
0.883,1503
0.884,1527
0.885,1543
0.886,1549
0.887,1534
0.888,1536
0.889,1535
0.89,1568
0.891,1552
0.892,1536
0.893,1526
0.894,1570
0.895,1577
0.896,1580
0.897,1564
0.898,1554
0.899,1552
0.9,1571
0.901,1556
0.902,1555
0.903,1519
0.904,1550
0.905,1578
0.906,1584
0.907,1576
0.908,1567
0.909,1594
0.91,1575
0.911,1570
0.912,1552
0.913,1584
0.914,1570
0.915,1594
0.916,1604
0.917,1581
0.918,1567
0.919,1570
0.92,1700
0.921,1712
0.922,1668
0.923,1688
0.924,1698
0.925,1712
0.926,1679
0.927,1652
0.928,1697
0.929,1720
0.93,1697
0.931,1684
0.932,1700
0.933,1713
0.934,1759
0.935,1714
0.936,1696
0.937,1736
0.938,1757
0.939,1756
0.94,1741
0.941,1726
0.942,1776
0.943,1818
0.944,1896
0.945,1808
0.946,1796
0.947,1799
0.948,1782
0.949,1768
0.95,1784
0.951,1733
0.952,1770
0.953,1850
0.954,1826
0.955,1835
0.956,1800
0.957,1808
0.958,1837
0.959,1808
0.96,1796
0.961,1814
0.962,1842
0.963,1839
0.964,1820
0.965,1803
0.966,1791
0.967,1825
0.968,1869
0.969,1864
0.97,1824
0.971,1864
0.972,1828
0.973,1804
0.974,1786
0.975,1770
0.976,1791
0.977,1816
0.978,1762
0.979,1751
0.98,1762
0.981,1759
0.982,1778
0.983,1730
0.984,1714
0.985,1706
0.986,1801
0.987,1839
0.988,1792
0.989,1775
0.99,1815
0.991,1862
0.992,1863
0.993,1832
0.994,1815
0.995,1797
0.996,1788
0.997,1762
0.998,1745
0.999,1728
