0.0,942
0.01,955
0.02,962
0.03,951
0.04,940
0.05,950
0.06,970
0.07,995
0.08,991
0.09,972
0.1,963
0.11,975
0.12,1000
0.13,1009
0.14,1011
0.15,993
0.16,1024
0.17,1027
0.18,1008
0.19,995
0.2,992
0.21,1011
0.22,1008
0.23,998
0.24,987
0.25,1022
0.26,1014
0.27,1012
0.28,1028
0.29,1000
0.3,1011
0.31,1055
0.32,1019
0.33,1024
0.34,1010
0.35,1087
0.36,1094
0.37,1096
0.38,1073
0.39,1068
0.4,1120
0.41,1163
0.42,1156
0.43,1151
0.44,1179
0.45,1223
0.46,1248
0.47,1223
0.48,1248
0.49,1232
0.5,1320
0.51,1345
0.52,1327
0.53,1310
0.54,1331
0.55,1342
0.56,1318
0.57,1296
0.58,1282
0.59,1291
0.6,1297
0.61,1278
0.62,1257
0.63,1282
0.64,1277
0.65,1277
0.66,1244
0.67,1231
0.68,1238
0.69,1254
0.7,1245
0.71,1228
0.72,1223
0.73,1252
0.74,1255
0.75,1240
0.76,1255
0.77,1216
0.78,1240
0.79,1272
0.8,1225
0.81,1206
0.82,1247
0.83,1279
0.84,1284
0.85,1264
0.86,1246
0.87,1248
0.88,1311
0.89,1280
0.9,1260
0.91,1274
0.92,1307
0.93,1307
0.94,1289
0.95,1268
0.96,1273
0.97,1311
0.98,1313
0.99,1296
1.0,1275
1.01,1311
1.02,1315
1.03,1295
1.04,1270
1.05,1276
1.06,1343
1.07,1375
1.08,1351
1.09,1351
1.1,1394
1.11,1433
1.12,1407
1.13,1410
1.14,1422
1.15,1367
1.16,1424
1.17,1440
1.18,1411
1.19,1400
1.2,1390
1.21,1376
1.22,1349
1.23,1384
1.24,1430
1.25,1426
1.26,1392
1.27,1422
1.28,1408
1.29,1378
1.3,1415
1.31,1441
1.32,1440
1.33,1412
1.34,1432
1.35,1455
1.36,1450
1.37,1411
1.38,1472
1.39,1430
1.4,1407
1.41,1392
1.42,1392
1.43,1455
1.44,1442
1.45,1417
1.46,1413
1.47,1432
1.48,1409
1.49,1385
1.5,1371
1.51,1418
1.52,1367
1.53,1348
1.54,1359
1.55,1367
1.56,1352
1.57,1332
1.58,1316
1.59,1310
1.6,1332
1.61,1315
1.62,1295
1.63,1281
1.64,1294
1.65,1284
1.66,1264
1.67,1254
1.68,1250
1.69,1243
1.7,1223
1.71,1204
1.72,1182
1.73,1202
1.74,1202
1.75,1186
1.76,1169
1.77,1164
1.78,1184
1.79,1145
1.8,1128
1.81,1153
1.82,1147
1.83,1151
1.84,1112
1.85,1114
1.86,1102
1.87,1088
1.88,1086
1.89,1099
1.9,1096
1.91,1092
1.92,1065
1.93,1070
1.94,1071
1.95,1049
1.96,1055
1.97,1076
1.98,1076
1.99,1071
2.0,1088
2.01,1120
2.02,1080
2.03,1087
2.04,1075
2.05,1095
2.06,1123
2.07,1095
2.08,1099
2.09,1112
2.1,1101
2.11,1085
2.12,1119
2.13,1166
2.14,1162
2.15,1160
2.16,1163
2.17,1182
2.18,1173
2.19,1183
2.2,1220
2.21,1227
2.22,1220
2.23,1231
2.24,1227
2.25,1216
2.26,1199
2.27,1209
2.28,1225
2.29,1213
2.3,1206
2.31,1205
2.32,1252
2.33,1252
2.34,1227
2.35,1219
2.36,1249
2.37,1267
2.38,1276
2.39,1258
2.4,1258
2.41,1266
2.42,1309
2.43,1248
2.44,1239
2.45,1223
2.46,1269
2.47,1290
2.48,1273
2.49,1259
2.5,1243
2.51,1242
2.52,1257
2.53,1255
2.54,1236
2.55,1220
2.56,1229
2.57,1277
2.58,1292
2.59,1294
2.6,1278
2.61,1269
2.62,1295
2.63,1300
2.64,1293
2.65,1293
2.66,1290
2.67,1343
2.68,1340
2.69,1356
2.7,1302
2.71,1333
2.72,1314
2.73,1317
2.74,1304
2.75,1284
2.76,1325
2.77,1304
2.78,1318
2.79,1308
2.8,1296
2.81,1328
2.82,1310
2.83,1302
2.84,1296
2.85,1335
2.86,1337
2.87,1299
2.88,1276
2.89,1264
2.9,1271
2.91,1265
2.92,1246
2.93,1243
2.94,1296
2.95,1323
2.96,1338
2.97,1353
2.98,1358
2.99,1381
3.0,1387
3.01,1408
3.02,1355
3.03,1354
3.04,1424
3.05,1412
3.06,1416
3.07,1439
3.08,1386
3.09,1388
3.1,1404
3.11,1396
3.12,1388
3.13,1384
3.14,1435
3.15,1463
3.16,1434
3.17,1456
3.18,1448
3.19,1448
3.2,1419
3.21,1404
3.22,1384
3.23,1390
3.24,1436
3.25,1451
3.26,1455
3.27,1457
3.28,1468
3.29,1488
3.3,1442
3.31,1439
3.32,1456
3.33,1457
3.34,1442
3.35,1424
3.36,1405
3.37,1400
3.38,1415
3.39,1387
3.4,1368
3.41,1378
3.42,1392
3.43,1397
3.44,1380
3.45,1371
3.46,1384
3.47,1375
3.48,1359
3.49,1338
3.5,1332
3.51,1375
3.52,1383
3.53,1366
3.54,1351
3.55,1341
3.56,1373
3.57,1362
3.58,1345
3.59,1343
3.6,1392
3.61,1427
3.62,1408
3.63,1404
3.64,1395
3.65,1392
3.66,1395
3.67,1446
3.68,1433
3.69,1418
3.7,1472
3.71,1459
3.72,1442
3.73,1428
3.74,1414
3.75,1414
3.76,1416
3.77,1398
3.78,1399
3.79,1468
3.8,1455
3.81,1444
3.82,1423
3.83,1409
3.84,1420
3.85,1411
3.86,1406
3.87,1407
3.88,1415
3.89,1434
3.9,1454
3.91,1452
3.92,1444
3.93,1437
3.94,1440
3.95,1440
3.96,1415
3.97,1424
3.98,1457
3.99,1466
4.0,1450
4.01,1440
4.02,1407
4.03,1400
4.04,1449
4.05,1435
4.06,1447
4.07,1430
4.08,1459
4.09,1504
4.1,1487
4.11,1470
4.12,1454
4.13,1460
4.14,1568
4.15,1545
4.16,1567
4.17,1539
4.18,1554
4.19,1548
4.2,1549
4.21,1538
4.22,1559
4.23,1577
4.24,1607
4.25,1584
4.26,1576
4.27,1600
4.28,1573
4.29,1576
4.3,1536
4.31,1523
4.32,1530
4.33,1543
4.34,1535
4.35,1492
4.36,1490
4.37,1552
4.38,1600
4.39,1569
4.4,1560
4.41,1568
4.42,1576
4.43,1567
4.44,1540
4.45,1515
4.46,1544
4.47,1550
4.48,1587
4.49,1576
4.5,1540
4.51,1532
4.52,1545
4.53,1589
4.54,1546
4.55,1521
4.56,1558
4.57,1592
4.58,1569
4.59,1548
4.6,1523
4.61,1519
4.62,1573
4.63,1647
4.64,1573
4.65,1560
4.66,1593
4.67,1594
4.68,1579
4.69,1554
4.7,1535
4.71,1524
4.72,1592
4.73,1568
4.74,1557
4.75,1574
4.76,1615
4.77,1606
4.78,1580
4.79,1556
4.8,1562
4.81,1595
4.82,1585
4.83,1568
4.84,1570
4.85,1568
4.86,1553
4.87,1534
4.88,1522
4.89,1536
4.9,1555
4.91,1517
4.92,1494
4.93,1495
4.94,1524
4.95,1589
4.96,1570
4.97,1561
4.98,1551
4.99,1560
5.0,1602
5.01,1590
5.02,1572
5.03,1546
5.04,1590
5.05,1586
5.06,1570
5.07,1559
5.08,1549
5.09,1541
5.1,1549
5.11,1576
5.12,1591
5.13,1516
5.14,1538
5.15,1541
5.16,1523
5.17,1512
5.18,1489
5.19,1484
5.2,1567
5.21,1578
5.22,1552
5.23,1531
5.24,1540
5.25,1517
5.26,1498
5.27,1519
5.28,1499
5.29,1524
5.3,1521
5.31,1560
5.32,1573
5.33,1558
5.34,1574
5.35,1546
5.36,1512
5.37,1477
5.38,1467
5.39,1446
5.4,1428
5.41,1413
5.42,1488
5.43,1501
5.44,1472
5.45,1427
5.46,1422
5.47,1420
5.48,1430
5.49,1426
5.5,1415
5.51,1396
5.52,1402
5.53,1420
5.54,1410
5.55,1396
5.56,1379
5.57,1363
5.58,1355
5.59,1354
5.6,1339
5.61,1325
5.62,1312
5.63,1332
5.64,1327
5.65,1322
5.66,1304
5.67,1316
5.68,1296
5.69,1267
5.7,1261
5.71,1249
5.72,1250
5.73,1256
5.74,1248
5.75,1244
5.76,1239
5.77,1225
5.78,1243
5.79,1216
5.8,1224
5.81,1179
5.82,1187
5.83,1194
5.84,1187
5.85,1170
5.86,1152
5.87,1138
5.88,1168
5.89,1151
5.9,1141
5.91,1119
5.92,1146
5.93,1156
5.94,1147
5.95,1136
5.96,1152
5.97,1143
5.98,1136
5.99,1143
6.0,1135
6.01,1122
6.02,1142
6.03,1167
6.04,1167
6.05,1168
6.06,1142
6.07,1146
6.08,1184
6.09,1160
6.1,1184
6.11,1188
6.12,1204
6.13,1220
6.14,1220
6.15,1214
6.16,1216
6.17,1233
6.18,1282
6.19,1282
6.2,1292
6.21,1243
6.22,1254
6.23,1267
6.24,1279
6.25,1280
6.26,1255
6.27,1263
6.28,1279
6.29,1232
6.3,1296
6.31,1334
6.32,1325
6.33,1315
6.34,1312
6.35,1320
6.36,1376
6.37,1336
6.38,1312
6.39,1304
6.4,1359
6.41,1382
6.42,1373
6.43,1368
6.44,1338
6.45,1337
6.46,1350
6.47,1335
6.48,1317
6.49,1310
6.5,1352
6.51,1365
6.52,1329
6.53,1316
6.54,1305
6.55,1338
6.56,1399
6.57,1408
6.58,1361
6.59,1358
6.6,1368
6.61,1360
6.62,1341
6.63,1324
6.64,1310
6.65,1356
6.66,1427
6.67,1405
6.68,1396
6.69,1414
6.7,1415
6.71,1414
6.72,1401
6.73,1387
6.74,1428
6.75,1405
6.76,1400
6.77,1426
6.78,1375
6.79,1411
6.8,1412
6.81,1432
6.82,1396
6.83,1387
6.84,1394
6.85,1435
6.86,1393
6.87,1367
6.88,1347
6.89,1383
6.9,1425
6.91,1410
6.92,1390
6.93,1384
6.94,1392
6.95,1424
6.96,1411
6.97,1401
6.98,1387
6.99,1420
7.0,1441
7.01,1422
7.02,1404
7.03,1396
7.04,1407
7.05,1486
7.06,1479
7.07,1454
7.08,1436
7.09,1466
7.1,1471
7.11,1448
7.12,1426
7.13,1410
7.14,1424
7.15,1439
7.16,1400
7.17,1383
7.18,1386
7.19,1408
7.2,1434
7.21,1419
7.22,1404
7.23,1408
7.24,1437
7.25,1495
7.26,1471
7.27,1414
7.28,1425
7.29,1439
7.3,1432
7.31,1416
7.32,1395
7.33,1387
7.34,1392
7.35,1367
7.36,1347
7.37,1340
7.38,1372
7.39,1377
7.4,1352
7.41,1360
7.42,1330
7.43,1331
7.44,1345
7.45,1329
7.46,1308
7.47,1297
7.48,1327
7.49,1336
7.5,1332
7.51,1312
7.52,1300
7.53,1301
7.54,1332
7.55,1319
7.56,1297
7.57,1303
7.58,1314
7.59,1327
7.6,1293
7.61,1276
7.62,1279
7.63,1311
7.64,1348
7.65,1360
7.66,1310
7.67,1323
7.68,1331
7.69,1357
7.7,1337
7.71,1328
7.72,1351
7.73,1359
7.74,1367
7.75,1344
7.76,1322
7.77,1357
7.78,1407
7.79,1421
7.8,1400
7.81,1408
7.82,1384
7.83,1410
7.84,1396
7.85,1376
7.86,1376
7.87,1424
7.88,1455
7.89,1429
7.9,1407
7.91,1387
7.92,1392
7.93,1406
7.94,1400
7.95,1376
7.96,1357
7.97,1388
7.98,1418
7.99,1402
8.0,1408
8.01,1383
8.02,1382
8.03,1471
8.04,1464
8.05,1429
8.06,1439
8.07,1449
8.08,1436
8.09,1415
8.1,1404
8.11,1385
8.12,1426
8.13,1467
8.14,1446
8.15,1418
8.16,1427
8.17,1431
8.18,1467
8.19,1444
8.2,1420
8.21,1413
8.22,1464
8.23,1428
8.24,1406
8.25,1419
8.26,1410
8.27,1429
8.28,1461
8.29,1437
8.3,1416
8.31,1412
8.32,1435
8.33,1428
8.34,1392
8.35,1370
8.36,1411
8.37,1428
8.38,1472
8.39,1445
8.4,1411
8.41,1408
8.42,1431
8.43,1442
8.44,1407
8.45,1396
8.46,1412
8.47,1425
8.48,1408
8.49,1383
8.5,1365
8.51,1376
8.52,1458
8.53,1441
8.54,1439
8.55,1415
8.56,1438
8.57,1438
8.58,1413
8.59,1389
8.6,1374
8.61,1408
8.62,1472
8.63,1445
8.64,1439
8.65,1455
8.66,1427
8.67,1421
8.68,1432
8.69,1379
8.7,1377
8.71,1467
8.72,1434
8.73,1411
8.74,1387
8.75,1411
8.76,1416
8.77,1392
8.78,1381
8.79,1350
8.8,1404
8.81,1376
8.82,1351
8.83,1331
8.84,1356
8.85,1370
8.86,1372
8.87,1352
8.88,1332
8.89,1326
8.9,1350
8.91,1347
8.92,1331
8.93,1312
8.94,1312
8.95,1348
8.96,1348
8.97,1326
8.98,1308
8.99,1298
9.0,1318
9.01,1334
9.02,1344
9.03,1304
9.04,1307
9.05,1315
9.06,1304
9.07,1279
9.08,1264
9.09,1261
9.1,1303
9.11,1338
9.12,1320
9.13,1311
9.14,1308
9.15,1314
9.16,1339
9.17,1322
9.18,1304
9.19,1298
9.2,1314
9.21,1330
9.22,1314
9.23,1295
9.24,1291
9.25,1323
9.26,1360
9.27,1318
9.28,1298
9.29,1298
9.3,1329
9.31,1335
9.32,1295
9.33,1304
9.34,1359
9.35,1368
9.36,1345
9.37,1342
9.38,1364
9.39,1374
9.4,1338
9.41,1319
9.42,1360
9.43,1347
9.44,1353
9.45,1320
9.46,1306
9.47,1322
9.48,1406
9.49,1384
9.5,1357
9.51,1361
9.52,1380
9.53,1384
9.54,1359
9.55,1351
9.56,1347
9.57,1456
9.58,1432
9.59,1389
9.6,1390
9.61,1397
9.62,1415
9.63,1390
9.64,1373
9.65,1383
9.66,1407
9.67,1408
9.68,1351
9.69,1367
9.7,1390
9.71,1400
9.72,1375
9.73,1364
9.74,1360
9.75,1377
9.76,1360
9.77,1336
9.78,1317
9.79,1359
9.8,1420
9.81,1410
9.82,1390
9.83,1372
9.84,1376
9.85,1444
9.86,1443
9.87,1419
9.88,1403
9.89,1471
9.9,1484
9.91,1476
9.92,1450
9.93,1447
9.94,1430
9.95,1417
9.96,1397
9.97,1391
9.98,1393
9.99,1401
