0.0,971
0.01,967
0.02,963
0.03,982
0.04,979
0.05,971
0.06,1023
0.07,993
0.08,1003
0.09,983
0.1,984
0.11,958
0.12,994
0.13,983
0.14,979
0.15,970
0.16,964
0.17,974
0.18,986
0.19,1025
0.2,999
0.21,988
0.22,1005
0.23,969
0.24,975
0.25,978
0.26,999
0.27,981
0.28,983
0.29,997
0.3,1023
0.31,1035
0.32,1024
0.33,1013
0.34,1024
0.35,1035
0.36,1041
0.37,1060
0.38,1021
0.39,1063
0.4,1105
0.41,1103
0.42,1087
0.43,1076
0.44,1093
0.45,1184
0.46,1211
0.47,1203
0.48,1196
0.49,1239
0.5,1245
0.51,1230
0.52,1216
0.53,1199
0.54,1218
0.55,1313
0.56,1321
0.57,1302
0.58,1284
0.59,1317
0.6,1320
0.61,1307
0.62,1285
0.63,1265
0.64,1262
0.65,1291
0.66,1291
0.67,1273
0.68,1255
0.69,1264
0.7,1272
0.71,1264
0.72,1244
0.73,1224
0.74,1213
0.75,1234
0.76,1241
0.77,1223
0.78,1205
0.79,1208
0.8,1225
0.81,1215
0.82,1201
0.83,1186
0.84,1179
0.85,1183
0.86,1187
0.87,1177
0.88,1159
0.89,1164
0.9,1173
0.91,1178
0.92,1159
0.93,1143
0.94,1129
0.95,1150
0.96,1158
0.97,1148
0.98,1138
0.99,1146
1.0,1175
1.01,1185
1.02,1169
1.03,1151
1.04,1136
1.05,1153
1.06,1164
1.07,1151
1.08,1138
1.09,1147
1.1,1166
1.11,1161
1.12,1145
1.13,1131
1.14,1122
1.15,1135
1.16,1130
1.17,1113
1.18,1098
1.19,1104
1.2,1114
1.21,1117
1.22,1104
1.23,1089
1.24,1078
1.25,1086
1.26,1109
1.27,1103
1.28,1088
1.29,1074
1.3,1093
1.31,1102
1.32,1095
1.33,1080
1.34,1069
1.35,1068
1.36,1089
1.37,1079
1.38,1071
1.39,1057
1.4,1071
1.41,1075
1.42,1078
1.43,1055
1.44,1064
1.45,1037
1.46,1054
1.47,1047
1.48,1047
1.49,1024
1.5,1043
1.51,1048
1.52,1052
1.53,1024
1.54,1013
1.55,1014
1.56,1056
1.57,1026
1.58,1024
1.59,1003
1.6,1037
1.61,1067
1.62,1064
1.63,1047
1.64,1040
1.65,1061
1.66,1071
1.67,1071
1.68,1060
1.69,1069
1.7,1119
1.71,1132
1.72,1120
1.73,1120
1.74,1128
1.75,1143
1.76,1167
1.77,1184
1.78,1148
1.79,1151
1.8,1189
1.81,1246
1.82,1241
1.83,1252
1.84,1213
1.85,1218
1.86,1223
1.87,1214
1.88,1203
1.89,1186
1.9,1232
1.91,1258
1.92,1263
1.93,1250
1.94,1215
1.95,1200
1.96,1224
1.97,1226
1.98,1208
1.99,1170
2.0,1182
2.01,1206
2.02,1218
2.03,1205
2.04,1202
2.05,1199
2.06,1198
2.07,1212
2.08,1209
2.09,1200
2.1,1191
2.11,1222
2.12,1222
2.13,1209
2.14,1192
2.15,1175
2.16,1162
2.17,1165
2.18,1162
2.19,1145
2.2,1132
2.21,1118
2.22,1148
2.23,1134
2.24,1124
2.25,1112
2.26,1104
2.27,1095
2.28,1105
2.29,1089
2.3,1079
2.31,1066
2.32,1066
2.33,1080
2.34,1094
2.35,1120
2.36,1070
2.37,1053
2.38,1063
2.39,1062
2.4,1055
2.41,1052
2.42,1063
2.43,1066
2.44,1079
2.45,1090
2.46,1068
2.47,1066
2.48,1067
2.49,1089
2.5,1072
2.51,1060
2.52,1050
2.53,1076
2.54,1076
2.55,1062
2.56,1060
2.57,1047
2.58,1048
2.59,1060
2.6,1054
2.61,1044
2.62,1030
2.63,1057
2.64,1067
2.65,1069
2.66,1071
2.67,1044
2.68,1047
2.69,1067
2.7,1103
2.71,1070
2.72,1062
2.73,1088
2.74,1112
2.75,1099
2.76,1093
2.77,1100
2.78,1090
2.79,1129
2.8,1108
2.81,1094
2.82,1078
2.83,1104
2.84,1116
2.85,1130
2.86,1120
2.87,1108
2.88,1098
2.89,1121
2.9,1140
2.91,1134
2.92,1116
2.93,1119
2.94,1167
2.95,1216
2.96,1212
2.97,1169
2.98,1164
2.99,1183
3.0,1259
3.01,1268
3.02,1275
3.03,1265
3.04,1343
3.05,1368
3.06,1332
3.07,1343
3.08,1301
3.09,1312
3.1,1320
3.11,1319
3.12,1310
3.13,1304
3.14,1328
3.15,1327
3.16,1327
3.17,1311
3.18,1302
3.19,1300
3.2,1319
3.21,1311
3.22,1292
3.23,1288
3.24,1311
3.25,1304
3.26,1311
3.27,1280
3.28,1262
3.29,1266
3.3,1276
3.31,1316
3.32,1344
3.33,1300
3.34,1308
3.35,1327
3.36,1337
3.37,1316
3.38,1323
3.39,1319
3.4,1308
3.41,1312
3.42,1304
3.43,1284
3.44,1292
3.45,1328
3.46,1359
3.47,1356
3.48,1344
3.49,1334
3.5,1359
3.51,1423
3.52,1399
3.53,1391
3.54,1408
3.55,1439
3.56,1484
3.57,1463
3.58,1471
3.59,1463
3.6,1450
3.61,1509
3.62,1498
3.63,1518
3.64,1464
3.65,1488
3.66,1493
3.67,1478
3.68,1471
3.69,1448
3.7,1456
3.71,1520
3.72,1509
3.73,1494
3.74,1503
3.75,1518
3.76,1507
3.77,1499
3.78,1503
3.79,1480
3.8,1472
3.81,1504
3.82,1533
3.83,1527
3.84,1516
3.85,1569
3.86,1541
3.87,1540
3.88,1537
3.89,1497
3.9,1511
3.91,1512
3.92,1505
3.93,1487
3.94,1487
3.95,1464
3.96,1500
3.97,1536
3.98,1526
3.99,1513
4.0,1496
4.01,1536
4.02,1536
4.03,1518
4.04,1503
4.05,1480
4.06,1518
4.07,1542
4.08,1564
4.09,1523
4.1,1519
4.11,1498
4.12,1519
4.13,1567
4.14,1567
4.15,1524
4.16,1550
4.17,1556
4.18,1543
4.19,1556
4.2,1498
4.21,1507
4.22,1477
4.23,1538
4.24,1557
4.25,1528
4.26,1516
4.27,1555
4.28,1544
4.29,1537
4.3,1518
4.31,1518
4.32,1534
4.33,1512
4.34,1496
4.35,1477
4.36,1492
4.37,1520
4.38,1535
4.39,1519
4.4,1528
4.41,1492
4.42,1483
4.43,1506
4.44,1534
4.45,1519
4.46,1464
4.47,1528
4.48,1545
4.49,1580
4.5,1566
4.51,1571
4.52,1573
4.53,1607
4.54,1570
4.55,1550
4.56,1541
4.57,1512
4.58,1530
4.59,1529
4.6,1547
4.61,1497
4.62,1480
4.63,1488
4.64,1490
4.65,1493
4.66,1512
4.67,1464
4.68,1475
4.69,1482
4.7,1479
4.71,1449
4.72,1445
4.73,1448
4.74,1456
4.75,1544
4.76,1576
4.77,1552
4.78,1543
4.79,1601
4.8,1564
4.81,1545
4.82,1527
4.83,1520
4.84,1526
4.85,1547
4.86,1539
4.87,1518
4.88,1496
4.89,1495
4.9,1513
4.91,1520
4.92,1512
4.93,1499
4.94,1482
4.95,1473
4.96,1465
4.97,1452
4.98,1431
4.99,1410
5.0,1403
5.01,1410
5.02,1400
5.03,1385
5.04,1370
5.05,1360
5.06,1348
5.07,1346
5.08,1329
5.09,1324
5.1,1306
5.11,1311
5.12,1328
5.13,1311
5.14,1270
5.15,1283
5.16,1284
5.17,1267
5.18,1267
5.19,1260
5.2,1252
5.21,1255
5.22,1271
5.23,1277
5.24,1268
5.25,1267
5.26,1259
5.27,1254
5.28,1264
5.29,1254
5.3,1271
5.31,1230
5.32,1256
5.33,1303
5.34,1312
5.35,1296
5.36,1276
5.37,1328
5.38,1363
5.39,1413
5.4,1472
5.41,1485
5.42,1503
5.43,1571
5.44,1532
5.45,1532
5.46,1544
5.47,1493
5.48,1497
5.49,1508
5.5,1494
5.51,1477
5.52,1460
5.53,1501
5.54,1532
5.55,1530
5.56,1511
5.57,1504
5.58,1488
5.59,1554
5.6,1576
5.61,1600
5.62,1541
5.63,1556
5.64,1576
5.65,1570
5.66,1566
5.67,1573
5.68,1591
5.69,1595
5.7,1618
5.71,1608
5.72,1557
5.73,1584
5.74,1586
5.75,1573
5.76,1546
5.77,1552
5.78,1509
5.79,1574
5.8,1644
5.81,1663
5.82,1720
5.83,1720
5.84,1728
5.85,1697
5.86,1694
5.87,1647
5.88,1650
5.89,1663
5.9,1648
5.91,1618
5.92,1635
5.93,1624
5.94,1634
5.95,1675
5.96,1684
5.97,1682
5.98,1704
5.99,1684
6.0,1669
6.01,1678
6.02,1616
6.03,1618
6.04,1662
6.05,1640
6.06,1617
6.07,1603
6.08,1588
6.09,1591
6.1,1600
6.11,1575
6.12,1591
6.13,1532
6.14,1571
6.15,1586
6.16,1598
6.17,1547
6.18,1534
6.19,1525
6.2,1526
6.21,1524
6.22,1503
6.23,1486
6.24,1527
6.25,1536
6.26,1520
6.27,1499
6.28,1485
6.29,1492
6.3,1491
6.31,1510
6.32,1448
6.33,1425
6.34,1440
6.35,1434
6.36,1426
6.37,1422
6.38,1424
6.39,1386
6.4,1424
6.41,1417
6.42,1424
6.43,1402
6.44,1389
6.45,1423
6.46,1450
6.47,1450
6.48,1416
6.49,1444
6.5,1456
6.51,1452
6.52,1429
6.53,1432
6.54,1392
6.55,1439
6.56,1451
6.57,1439
6.58,1432
6.59,1422
6.6,1422
6.61,1430
6.62,1420
6.63,1404
6.64,1406
6.65,1436
6.66,1447
6.67,1456
6.68,1414
6.69,1404
6.7,1415
6.71,1465
6.72,1478
6.73,1456
6.74,1448
6.75,1461
6.76,1478
6.77,1438
6.78,1416
6.79,1397
6.8,1395
6.81,1431
6.82,1384
6.83,1368
6.84,1385
6.85,1354
6.86,1363
6.87,1370
6.88,1356
6.89,1351
6.9,1335
6.91,1348
6.92,1376
6.93,1344
6.94,1330
6.95,1316
6.96,1366
6.97,1389
6.98,1389
6.99,1407
7.0,1360
7.01,1375
7.02,1363
7.03,1387
7.04,1334
7.05,1316
7.06,1352
7.07,1350
7.08,1354
7.09,1335
7.1,1320
7.11,1312
7.12,1320
7.13,1330
7.14,1313
7.15,1296
7.16,1281
7.17,1328
7.18,1340
7.19,1328
7.2,1315
7.21,1328
7.22,1303
7.23,1344
7.24,1348
7.25,1324
7.26,1323
7.27,1329
7.28,1338
7.29,1334
7.3,1320
7.31,1312
7.32,1316
7.33,1324
7.34,1406
7.35,1388
7.36,1369
7.37,1360
7.38,1380
7.39,1380
7.4,1360
7.41,1360
7.42,1343
7.43,1349
7.44,1344
7.45,1320
7.46,1306
7.47,1286
7.48,1315
7.49,1344
7.5,1340
7.51,1331
7.52,1328
7.53,1316
7.54,1386
7.55,1359
7.56,1351
7.57,1342
7.58,1361
7.59,1368
7.6,1357
7.61,1343
7.62,1332
7.63,1326
7.64,1352
7.65,1368
7.66,1321
7.67,1302
7.68,1304
7.69,1342
7.7,1357
7.71,1354
7.72,1339
7.73,1318
7.74,1315
7.75,1345
7.76,1356
7.77,1351
7.78,1317
7.79,1342
7.8,1358
7.81,1351
7.82,1336
7.83,1328
7.84,1314
7.85,1329
7.86,1326
7.87,1307
7.88,1288
7.89,1289
7.9,1316
7.91,1322
7.92,1304
7.93,1313
7.94,1277
7.95,1280
7.96,1297
7.97,1287
7.98,1267
7.99,1251
8.0,1284
8.01,1300
8.02,1336
8.03,1294
8.04,1277
8.05,1289
8.06,1302
8.07,1294
8.08,1274
8.09,1255
8.1,1274
8.11,1297
8.12,1368
8.13,1324
8.14,1297
8.15,1304
8.16,1335
8.17,1374
8.18,1372
8.19,1333
8.2,1333
8.21,1407
8.22,1377
8.23,1376
8.24,1338
8.25,1344
8.26,1334
8.27,1400
8.28,1399
8.29,1374
8.3,1365
8.31,1392
8.32,1401
8.33,1397
8.34,1362
8.35,1353
8.36,1376
8.37,1363
8.38,1348
8.39,1328
8.4,1303
8.41,1360
8.42,1346
8.43,1334
8.44,1310
8.45,1312
8.46,1312
8.47,1347
8.48,1392
8.49,1315
8.5,1336
8.51,1327
8.52,1392
8.53,1371
8.54,1352
8.55,1344
8.56,1376
8.57,1363
8.58,1362
8.59,1328
8.6,1344
8.61,1347
8.62,1354
8.63,1359
8.64,1322
8.65,1307
8.66,1312
8.67,1318
8.68,1314
8.69,1298
8.7,1281
8.71,1297
8.72,1322
8.73,1326
8.74,1328
8.75,1299
8.76,1294
8.77,1304
8.78,1355
8.79,1350
8.8,1360
8.81,1322
8.82,1355
8.83,1362
8.84,1362
8.85,1347
8.86,1318
8.87,1352
8.88,1347
8.89,1350
8.9,1343
8.91,1308
8.92,1339
8.93,1366
8.94,1406
8.95,1384
8.96,1366
8.97,1364
8.98,1365
8.99,1424
9.0,1392
9.01,1369
9.02,1356
9.03,1391
9.04,1412
9.05,1441
9.06,1391
9.07,1372
9.08,1390
9.09,1408
9.1,1371
9.11,1351
9.12,1348
9.13,1416
9.14,1409
9.15,1410
9.16,1388
9.17,1369
9.18,1361
9.19,1367
9.2,1362
9.21,1342
9.22,1324
9.23,1350
9.24,1384
9.25,1374
9.26,1351
9.27,1337
9.28,1324
9.29,1348
9.3,1419
9.31,1407
9.32,1392
9.33,1401
9.34,1392
9.35,1423
9.36,1376
9.37,1356
9.38,1342
9.39,1332
9.4,1344
9.41,1387
9.42,1384
9.43,1360
9.44,1344
9.45,1348
9.46,1348
9.47,1337
9.48,1320
9.49,1304
9.5,1298
9.51,1311
9.52,1308
9.53,1285
9.54,1266
9.55,1249
9.56,1264
9.57,1264
9.58,1278
9.59,1240
9.6,1254
9.61,1249
9.62,1248
9.63,1232
9.64,1207
9.65,1193
9.66,1178
9.67,1185
9.68,1188
9.69,1175
9.7,1162
9.71,1184
9.72,1168
9.73,1162
9.74,1151
9.75,1146
9.76,1127
9.77,1133
9.78,1159
9.79,1159
9.8,1128
9.81,1117
9.82,1110
9.83,1135
9.84,1132
9.85,1118
9.86,1108
9.87,1128
9.88,1126
9.89,1143
9.9,1144
9.91,1112
9.92,1102
9.93,1116
9.94,1160
9.95,1156
9.96,1152
9.97,1149
9.98,1162
9.99,1187
