0.0,869
0.01,887
0.02,886
0.03,868
0.04,858
0.05,884
0.06,893
0.07,882
0.08,873
0.09,864
0.1,876
0.11,884
0.12,877
0.13,866
0.14,856
0.15,878
0.16,892
0.17,884
0.18,873
0.19,867
0.2,873
0.21,884
0.22,879
0.23,871
0.24,862
0.25,880
0.26,894
0.27,892
0.28,884
0.29,873
0.3,873
0.31,884
0.32,881
0.33,871
0.34,860
0.35,875
0.36,889
0.37,893
0.38,880
0.39,868
0.4,861
0.41,875
0.42,878
0.43,864
0.44,854
0.45,895
0.46,898
0.47,889
0.48,896
0.49,877
0.5,900
0.51,908
0.52,908
0.53,893
0.54,917
0.55,941
0.56,960
0.57,946
0.58,921
0.59,931
0.6,966
0.61,953
0.62,946
0.63,950
0.64,996
0.65,998
0.66,988
0.67,974
0.68,970
0.69,1014
0.7,1036
0.71,1036
0.72,1034
0.73,1070
0.74,1096
0.75,1090
0.76,1075
0.77,1065
0.78,1074
0.79,1091
0.8,1104
0.81,1085
0.82,1100
0.83,1126
0.84,1125
0.85,1114
0.86,1098
0.87,1105
0.88,1172
0.89,1219
0.9,1232
0.91,1187
0.92,1219
0.93,1225
0.94,1256
0.95,1240
0.96,1194
0.97,1200
0.98,1228
0.99,1224
1.0,1209
1.01,1192
1.02,1212
1.03,1236
1.04,1210
1.05,1193
1.06,1183
1.07,1202
1.08,1234
1.09,1224
1.1,1210
1.11,1191
1.12,1236
1.13,1288
1.14,1320
1.15,1270
1.16,1257
1.17,1284
1.18,1270
1.19,1255
1.2,1238
1.21,1284
1.22,1311
1.23,1302
1.24,1319
1.25,1271
1.26,1274
1.27,1351
1.28,1407
1.29,1331
1.3,1326
1.31,1343
1.32,1339
1.33,1318
1.34,1302
1.35,1295
1.36,1360
1.37,1399
1.38,1376
1.39,1354
1.4,1366
1.41,1368
1.42,1366
1.43,1352
1.44,1331
1.45,1330
1.46,1354
1.47,1344
1.48,1324
1.49,1307
1.5,1341
1.51,1359
1.52,1338
1.53,1360
1.54,1328
1.55,1344
1.56,1343
1.57,1299
1.58,1360
1.59,1375
1.6,1353
1.61,1354
1.62,1396
1.63,1363
1.64,1345
1.65,1406
1.66,1386
1.67,1371
1.68,1403
1.69,1418
1.7,1411
1.71,1404
1.72,1423
1.73,1361
1.74,1368
1.75,1438
1.76,1419
1.77,1392
1.78,1425
1.79,1424
1.8,1396
1.81,1390
1.82,1388
1.83,1367
1.84,1352
1.85,1383
1.86,1362
1.87,1342
1.88,1360
1.89,1342
1.9,1318
1.91,1319
1.92,1375
1.93,1400
1.94,1358
1.95,1371
1.96,1364
1.97,1338
1.98,1395
1.99,1376
2.0,1359
2.01,1356
2.02,1361
2.03,1401
2.04,1421
2.05,1409
2.06,1414
2.07,1422
2.08,1413
2.09,1393
2.1,1376
2.11,1375
2.12,1391
2.13,1399
2.14,1352
2.15,1374
2.16,1380
2.17,1362
2.18,1350
2.19,1348
2.2,1357
2.21,1344
2.22,1323
2.23,1312
2.24,1332
2.25,1339
2.26,1316
2.27,1322
2.28,1311
2.29,1313
2.3,1296
2.31,1265
2.32,1317
2.33,1303
2.34,1291
2.35,1289
2.36,1286
2.37,1280
2.38,1277
2.39,1272
2.4,1262
2.41,1268
2.42,1261
2.43,1248
2.44,1235
2.45,1223
2.46,1213
2.47,1204
2.48,1190
2.49,1174
2.5,1186
2.51,1199
2.52,1196
2.53,1184
2.54,1179
2.55,1177
2.56,1192
2.57,1184
2.58,1152
2.59,1174
2.6,1216
2.61,1227
2.62,1206
2.63,1215
2.64,1189
2.65,1195
2.66,1181
2.67,1180
2.68,1199
2.69,1222
2.7,1249
2.71,1243
2.72,1238
2.73,1247
2.74,1223
2.75,1216
2.76,1200
2.77,1187
2.78,1188
2.79,1199
2.8,1246
2.81,1222
2.82,1211
2.83,1215
2.84,1209
2.85,1193
2.86,1188
2.87,1176
2.88,1184
2.89,1194
2.9,1186
2.91,1177
2.92,1170
2.93,1179
2.94,1251
2.95,1243
2.96,1250
2.97,1261
2.98,1256
2.99,1244
3.0,1243
3.01,1232
3.02,1224
3.03,1230
3.04,1231
3.05,1218
3.06,1202
3.07,1207
3.08,1233
3.09,1257
3.1,1262
3.11,1270
3.12,1279
3.13,1281
3.14,1280
3.15,1261
3.16,1265
3.17,1263
3.18,1275
3.19,1268
3.2,1253
3.21,1252
3.22,1280
3.23,1266
3.24,1250
3.25,1247
3.26,1263
3.27,1274
3.28,1294
3.29,1289
3.3,1280
3.31,1315
3.32,1312
3.33,1327
3.34,1294
3.35,1296
3.36,1312
3.37,1332
3.38,1349
3.39,1339
3.4,1335
3.41,1346
3.42,1356
3.43,1346
3.44,1327
3.45,1356
3.46,1357
3.47,1338
3.48,1314
3.49,1305
3.5,1344
3.51,1335
3.52,1323
3.53,1310
3.54,1316
3.55,1329
3.56,1320
3.57,1316
3.58,1309
3.59,1328
3.6,1350
3.61,1338
3.62,1333
3.63,1355
3.64,1432
3.65,1427
3.66,1407
3.67,1391
3.68,1375
3.69,1405
3.7,1430
3.71,1408
3.72,1376
3.73,1390
3.74,1374
3.75,1365
3.76,1348
3.77,1343
3.78,1348
3.79,1348
3.8,1348
3.81,1335
3.82,1359
3.83,1376
3.84,1367
3.85,1359
3.86,1340
3.87,1356
3.88,1357
3.89,1346
3.9,1348
3.91,1383
3.92,1408
3.93,1405
3.94,1387
3.95,1392
3.96,1414
3.97,1435
3.98,1415
3.99,1389
4.0,1417
4.01,1426
4.02,1428
4.03,1418
4.04,1398
4.05,1424
4.06,1435
4.07,1420
4.08,1416
4.09,1440
4.1,1449
4.11,1433
4.12,1459
4.13,1421
4.14,1426
4.15,1432
4.16,1418
4.17,1400
4.18,1379
4.19,1397
4.2,1403
4.21,1423
4.22,1456
4.23,1452
4.24,1501
4.25,1527
4.26,1472
4.27,1434
4.28,1470
4.29,1471
4.3,1490
4.31,1484
4.32,1523
4.33,1572
4.34,1600
4.35,1711
4.36,1690
4.37,1733
4.38,1734
4.39,1714
4.4,1684
4.41,1656
4.42,1638
4.43,1643
4.44,1628
4.45,1604
4.46,1581
4.47,1586
4.48,1567
4.49,1543
4.5,1517
4.51,1514
4.52,1503
4.53,1479
4.54,1452
4.55,1464
4.56,1508
4.57,1505
4.58,1480
4.59,1463
4.6,1454
4.61,1473
4.62,1461
4.63,1445
4.64,1434
4.65,1458
4.66,1457
4.67,1438
4.68,1432
4.69,1427
4.7,1441
4.71,1431
4.72,1393
4.73,1420
4.74,1429
4.75,1415
4.76,1410
4.77,1394
4.78,1397
4.79,1453
4.8,1447
4.81,1422
4.82,1412
4.83,1437
4.84,1432
4.85,1430
4.86,1430
4.87,1448
4.88,1465
4.89,1470
4.9,1444
4.91,1424
4.92,1450
4.93,1459
4.94,1470
4.95,1444
4.96,1432
4.97,1440
4.98,1428
4.99,1403
5.0,1380
5.01,1402
5.02,1439
5.03,1439
5.04,1456
5.05,1413
5.06,1419
5.07,1447
5.08,1428
5.09,1404
5.1,1424
5.11,1439
5.12,1415
5.13,1399
5.14,1385
5.15,1376
5.16,1374
5.17,1382
5.18,1368
5.19,1368
5.2,1367
5.21,1361
5.22,1368
5.23,1327
5.24,1322
5.25,1324
5.26,1321
5.27,1299
5.28,1285
5.29,1297
5.3,1336
5.31,1311
5.32,1275
5.33,1261
5.34,1261
5.35,1295
5.36,1243
5.37,1228
5.38,1252
5.39,1258
5.4,1249
5.41,1233
5.42,1217
5.43,1223
5.44,1240
5.45,1231
5.46,1216
5.47,1204
5.48,1247
5.49,1273
5.5,1280
5.51,1237
5.52,1248
5.53,1239
5.54,1225
5.55,1205
5.56,1191
5.57,1223
5.58,1242
5.59,1231
5.6,1208
5.61,1232
5.62,1236
5.63,1248
5.64,1224
5.65,1208
5.66,1261
5.67,1275
5.68,1261
5.69,1246
5.7,1233
5.71,1240
5.72,1284
5.73,1295
5.74,1288
5.75,1275
5.76,1286
5.77,1285
5.78,1266
5.79,1254
5.8,1279
5.81,1260
5.82,1244
5.83,1230
5.84,1224
5.85,1243
5.86,1280
5.87,1250
5.88,1238
5.89,1247
5.9,1280
5.91,1272
5.92,1222
5.93,1205
5.94,1223
5.95,1243
5.96,1232
5.97,1219
5.98,1228
5.99,1232
6.0,1261
6.01,1248
6.02,1232
6.03,1236
6.04,1263
6.05,1273
6.06,1254
6.07,1229
6.08,1218
6.09,1241
6.1,1264
6.11,1217
6.12,1208
6.13,1280
6.14,1280
6.15,1241
6.16,1233
6.17,1255
6.18,1240
6.19,1257
6.2,1236
6.21,1223
6.22,1233
6.23,1243
6.24,1236
6.25,1218
6.26,1216
6.27,1208
6.28,1259
6.29,1257
6.3,1215
6.31,1225
6.32,1215
6.33,1224
6.34,1248
6.35,1231
6.36,1200
6.37,1187
6.38,1216
6.39,1192
6.4,1178
6.41,1159
6.42,1163
6.43,1168
6.44,1164
6.45,1147
6.46,1136
6.47,1128
6.48,1131
6.49,1127
6.5,1113
6.51,1103
6.52,1104
6.53,1114
6.54,1112
6.55,1098
6.56,1085
6.57,1081
6.58,1084
6.59,1072
6.6,1071
6.61,1039
6.62,1061
6.63,1078
6.64,1057
6.65,1048
6.66,1044
6.67,1092
6.68,1056
6.69,1040
6.7,1046
6.71,1067
6.72,1089
6.73,1074
6.74,1061
6.75,1063
6.76,1103
6.77,1088
6.78,1078
6.79,1072
6.8,1100
6.81,1119
6.82,1105
6.83,1091
6.84,1092
6.85,1129
6.86,1126
6.87,1112
6.88,1119
6.89,1142
6.9,1170
6.91,1157
6.92,1139
6.93,1141
6.94,1202
6.95,1210
6.96,1199
6.97,1185
6.98,1240
6.99,1216
7.0,1200
7.01,1183
7.02,1185
7.03,1168
7.04,1193
7.05,1195
7.06,1181
7.07,1171
7.08,1184
7.09,1192
7.1,1200
7.11,1152
7.12,1147
7.13,1165
7.14,1188
7.15,1157
7.16,1162
7.17,1185
7.18,1223
7.19,1211
7.2,1199
7.21,1190
7.22,1212
7.23,1205
7.24,1190
7.25,1177
7.26,1207
7.27,1222
7.28,1206
7.29,1189
7.3,1191
7.31,1217
7.32,1206
7.33,1190
7.34,1175
7.35,1211
7.36,1253
7.37,1246
7.38,1213
7.39,1204
7.4,1240
7.41,1256
7.42,1231
7.43,1215
7.44,1251
7.45,1266
7.46,1252
7.47,1234
7.48,1220
7.49,1224
7.5,1238
7.51,1258
7.52,1213
7.53,1210
7.54,1230
7.55,1237
7.56,1209
7.57,1192
7.58,1197
7.59,1220
7.6,1216
7.61,1202
7.62,1187
7.63,1221
7.64,1255
7.65,1243
7.66,1218
7.67,1209
7.68,1233
7.69,1229
7.7,1210
7.71,1199
7.72,1224
7.73,1268
7.74,1264
7.75,1246
7.76,1258
7.77,1262
7.78,1266
7.79,1250
7.8,1234
7.81,1275
7.82,1335
7.83,1327
7.84,1307
7.85,1290
7.86,1299
7.87,1316
7.88,1306
7.89,1290
7.9,1292
7.91,1306
7.92,1302
7.93,1282
7.94,1266
7.95,1257
7.96,1263
7.97,1276
7.98,1264
7.99,1252
8.0,1251
8.01,1269
8.02,1270
8.03,1250
8.04,1232
8.05,1224
8.06,1245
8.07,1239
8.08,1221
8.09,1208
8.1,1228
8.11,1243
8.12,1230
8.13,1216
8.14,1202
8.15,1221
8.16,1244
8.17,1242
8.18,1224
8.19,1206
8.2,1233
8.21,1275
8.22,1289
8.23,1269
8.24,1254
8.25,1252
8.26,1264
8.27,1272
8.28,1224
8.29,1220
8.3,1227
8.31,1238
8.32,1227
8.33,1212
8.34,1199
8.35,1197
8.36,1206
8.37,1188
8.38,1171
8.39,1153
8.4,1173
8.41,1189
8.42,1178
8.43,1167
8.44,1154
8.45,1153
8.46,1161
8.47,1152
8.48,1127
8.49,1166
8.5,1148
8.51,1177
8.52,1158
8.53,1108
8.54,1115
8.55,1129
8.56,1140
8.57,1086
8.58,1108
8.59,1151
8.6,1136
8.61,1096
8.62,1100
8.63,1100
8.64,1116
8.65,1100
8.66,1087
8.67,1107
8.68,1152
8.69,1134
8.7,1148
8.71,1108
8.72,1126
8.73,1168
8.74,1158
8.75,1152
8.76,1152
8.77,1188
8.78,1200
8.79,1200
8.8,1163
8.81,1169
8.82,1186
8.83,1170
8.84,1159
8.85,1160
8.86,1211
8.87,1212
8.88,1195
8.89,1178
8.9,1175
8.91,1195
8.92,1211
8.93,1192
8.94,1178
8.95,1208
8.96,1206
8.97,1188
8.98,1173
8.99,1174
9.0,1219
9.01,1203
9.02,1183
9.03,1190
9.04,1206
9.05,1216
9.06,1184
9.07,1184
9.08,1166
9.09,1210
9.1,1228
9.11,1208
9.12,1191
9.13,1216
9.14,1235
9.15,1234
9.16,1216
9.17,1205
9.18,1216
9.19,1234
9.2,1217
9.21,1198
9.22,1248
9.23,1235
9.24,1217
9.25,1202
9.26,1190
9.27,1208
9.28,1200
9.29,1174
9.3,1162
9.31,1193
9.32,1199
9.33,1187
9.34,1168
9.35,1161
9.36,1167
9.37,1172
9.38,1162
9.39,1148
9.4,1146
9.41,1180
9.42,1216
9.43,1201
9.44,1182
9.45,1185
9.46,1180
9.47,1185
9.48,1176
9.49,1160
9.5,1150
9.51,1174
9.52,1184
9.53,1169
9.54,1154
9.55,1140
9.56,1148
9.57,1166
9.58,1154
9.59,1135
9.6,1120
9.61,1131
9.62,1148
9.63,1137
9.64,1121
9.65,1113
9.66,1110
9.67,1135
9.68,1127
9.69,1108
9.7,1091
9.71,1116
9.72,1100
9.73,1071
9.74,1061
9.75,1062
9.76,1066
9.77,1056
9.78,1038
9.79,1036
9.8,1071
9.81,1054
9.82,1044
9.83,1029
9.84,1047
9.85,1027
9.86,1030
9.87,1014
9.88,1001
9.89,1003
9.9,1018
9.91,1022
9.92,1007
9.93,996
9.94,991
9.95,1004
9.96,1023
9.97,996
9.98,1001
9.99,1016
