0.0,1228
0.01,1219
0.02,1219
0.03,1230
0.04,1280
0.05,1224
0.06,1217
0.07,1199
0.08,1217
0.09,1245
0.1,1269
0.11,1280
0.12,1279
0.13,1235
0.14,1223
0.15,1279
0.16,1241
0.17,1256
0.18,1239
0.19,1229
0.2,1216
0.21,1223
0.22,1255
0.23,1286
0.24,1297
0.25,1285
0.26,1279
0.27,1240
0.28,1236
0.29,1290
0.3,1352
0.31,1344
0.32,1347
0.33,1334
0.34,1378
0.35,1408
0.36,1396
0.37,1376
0.38,1367
0.39,1368
0.4,1411
0.41,1418
0.42,1397
0.43,1375
0.44,1411
0.45,1447
0.46,1476
0.47,1455
0.48,1440
0.49,1437
0.5,1534
0.51,1632
0.52,1620
0.53,1631
0.54,1616
0.55,1678
0.56,1784
0.57,1763
0.58,1756
0.59,1724
0.6,1751
0.61,1840
0.62,1828
0.63,1819
0.64,1779
0.65,1847
0.66,1900
0.67,1876
0.68,1847
0.69,1823
0.7,1827
0.71,1919
0.72,1864
0.73,1833
0.74,1800
0.75,1848
0.76,1872
0.77,1878
0.78,1846
0.79,1824
0.8,1807
0.81,1846
0.82,1976
0.83,1983
0.84,1924
0.85,1901
0.86,1941
0.87,1964
0.88,1928
0.89,1897
0.9,1873
0.91,1890
0.92,1938
0.93,1898
0.94,1866
0.95,1834
0.96,1920
0.97,1919
0.98,1920
0.99,1877
1.0,1851
1.01,1869
1.02,1904
1.03,1923
1.04,1897
1.05,1865
1.06,1884
1.07,1931
1.08,2036
1.09,2011
1.1,1977
1.11,1968
1.12,2000
1.13,2107
1.14,2089
1.15,2051
1.16,2024
1.17,2065
1.18,2118
1.19,2096
1.2,2055
1.21,2020
1.22,2020
1.23,2052
1.24,2100
1.25,2020
1.26,1977
1.27,2024
1.28,2041
1.29,2096
1.3,2004
1.31,1973
1.32,1954
1.33,1963
1.34,2035
1.35,2026
1.36,1968
1.37,1984
1.38,2080
1.39,2086
1.4,2047
1.41,2048
1.42,1996
1.43,2004
1.44,2024
1.45,2000
1.46,1964
1.47,1932
1.48,2018
1.49,2046
1.5,2010
1.51,2000
1.52,1949
1.53,1942
1.54,1966
1.55,1958
1.56,1925
1.57,1896
1.58,1962
1.59,1972
1.6,1983
1.61,1932
1.62,1936
1.63,1899
1.64,1915
1.65,1945
1.66,1940
1.67,1886
1.68,1870
1.69,1937
1.7,1978
1.71,1932
1.72,1903
1.73,1881
1.74,1880
1.75,1957
1.76,1976
1.77,1944
1.78,1913
1.79,1936
1.8,1965
1.81,1976
1.82,1948
1.83,1925
1.84,1912
1.85,1914
1.86,2031
1.87,2093
1.88,2063
1.89,2047
1.9,2104
1.91,2084
1.92,2062
1.93,2029
1.94,2007
1.95,1995
1.96,2032
1.97,2081
1.98,2044
1.99,2010
2.0,2060
2.01,2058
2.02,2118
2.03,2032
2.04,2007
2.05,2000
2.06,1991
2.07,2004
2.08,1989
2.09,1954
2.1,1927
2.11,1976
2.12,1975
2.13,1967
2.14,1944
2.15,1923
2.16,1904
2.17,1897
2.18,1890
2.19,1851
2.2,1821
2.21,1795
2.22,1838
2.23,1832
2.24,1814
2.25,1786
2.26,1767
2.27,1745
2.28,1742
2.29,1758
2.3,1727
2.31,1682
2.32,1664
2.33,1712
2.34,1712
2.35,1688
2.36,1678
2.37,1668
2.38,1664
2.39,1671
2.4,1668
2.41,1639
2.42,1631
2.43,1632
2.44,1696
2.45,1715
2.46,1646
2.47,1663
2.48,1663
2.49,1631
2.5,1693
2.51,1675
2.52,1646
2.53,1628
2.54,1660
2.55,1663
2.56,1666
2.57,1647
2.58,1635
2.59,1631
2.6,1624
2.61,1626
2.62,1603
2.63,1578
2.64,1551
2.65,1578
2.66,1582
2.67,1581
2.68,1563
2.69,1559
2.7,1558
2.71,1550
2.72,1550
2.73,1528
2.74,1500
2.75,1475
2.76,1503
2.77,1522
2.78,1534
2.79,1528
2.8,1496
2.81,1493
2.82,1475
2.83,1491
2.84,1479
2.85,1443
2.86,1444
2.87,1472
2.88,1479
2.89,1459
2.9,1444
2.91,1429
2.92,1432
2.93,1440
2.94,1435
2.95,1414
2.96,1392
2.97,1415
2.98,1474
2.99,1440
3.0,1423
3.01,1420
3.02,1461
3.03,1459
3.04,1535
3.05,1519
3.06,1473
3.07,1480
3.08,1541
3.09,1599
3.1,1594
3.11,1586
3.12,1564
3.13,1599
3.14,1642
3.15,1647
3.16,1606
3.17,1599
3.18,1660
3.19,1726
3.2,1753
3.21,1713
3.22,1731
3.23,1708
3.24,1728
3.25,1717
3.26,1687
3.27,1660
3.28,1705
3.29,1731
3.3,1730
3.31,1707
3.32,1728
3.33,1679
3.34,1711
3.35,1748
3.36,1722
3.37,1728
3.38,1702
3.39,1751
3.4,1803
3.41,1757
3.42,1744
3.43,1732
3.44,1748
3.45,1904
3.46,1856
3.47,1823
3.48,1807
3.49,1833
3.5,1888
3.51,1857
3.52,1800
3.53,1794
3.54,1796
3.55,1835
3.56,1816
3.57,1791
3.58,1758
3.59,1798
3.6,1847
3.61,1812
3.62,1779
3.63,1769
3.64,1774
3.65,1839
3.66,1847
3.67,1807
3.68,1752
3.69,1794
3.7,1868
3.71,1870
3.72,1847
3.73,1843
3.74,1814
3.75,1848
3.76,1895
3.77,1868
3.78,1836
3.79,1838
3.8,1898
3.81,1920
3.82,1903
3.83,1864
3.84,1880
3.85,1844
3.86,1876
3.87,1871
3.88,1840
3.89,1818
3.9,1904
3.91,1936
3.92,1908
3.93,1882
3.94,1873
3.95,1865
3.96,1967
3.97,1944
3.98,1952
3.99,1881
4.0,1920
4.01,1926
4.02,1924
4.03,1944
4.04,1871
4.05,1881
4.06,1878
4.07,1920
4.08,1881
4.09,1856
4.1,1844
4.11,1896
4.12,1918
4.13,1937
4.14,1893
4.15,1862
4.16,1875
4.17,1905
4.18,1919
4.19,1850
4.2,1843
4.21,1924
4.22,1935
4.23,2031
4.24,1941
4.25,1928
4.26,1923
4.27,1945
4.28,1951
4.29,1918
4.3,1896
4.31,1952
4.32,1953
4.33,1944
4.34,1931
4.35,1906
4.36,1897
4.37,1944
4.38,1932
4.39,1900
4.4,1881
4.41,1892
4.42,1927
4.43,1952
4.44,1923
4.45,1900
4.46,1882
4.47,1920
4.48,1935
4.49,1926
4.5,1909
4.51,1946
4.52,1936
4.53,1959
4.54,1940
4.55,1906
4.56,1886
4.57,1889
4.58,1984
4.59,1936
4.6,1890
4.61,1926
4.62,1953
4.63,1931
4.64,1919
4.65,1909
4.66,1921
4.67,1974
4.68,1940
4.69,1908
4.7,1904
4.71,1961
4.72,2008
4.73,1984
4.74,1984
4.75,1954
4.76,1970
4.77,1951
4.78,1936
4.79,1904
4.8,1972
4.81,1965
4.82,1968
4.83,1930
4.84,1932
4.85,1931
4.86,1988
4.87,2000
4.88,1946
4.89,1960
4.9,2048
4.91,2063
4.92,2021
4.93,1998
4.94,1971
4.95,2007
4.96,2080
4.97,2031
4.98,1994
4.99,2016
5.0,2041
5.01,2048
5.02,2014
5.03,2018
5.04,2088
5.05,2047
5.06,2028
5.07,2043
5.08,2053
5.09,2052
5.1,2016
5.11,2000
5.12,1994
5.13,2025
5.14,2026
5.15,1988
5.16,1960
5.17,1982
5.18,2014
5.19,2067
5.2,2038
5.21,2016
5.22,2031
5.23,2020
5.24,2031
5.25,1976
5.26,1951
5.27,2040
5.28,2055
5.29,2003
5.3,1978
5.31,1964
5.32,1959
5.33,1998
5.34,1984
5.35,1976
5.36,1929
5.37,1988
5.38,2007
5.39,1966
5.4,1951
5.41,1954
5.42,1966
5.43,2023
5.44,1997
5.45,1967
5.46,1984
5.47,2003
5.48,1975
5.49,1956
5.5,1946
5.51,1946
5.52,1996
5.53,2012
5.54,1990
5.55,1963
5.56,2046
5.57,2021
5.58,1988
5.59,1992
5.6,1974
5.61,2028
5.62,2020
5.63,1978
5.64,1950
5.65,2044
5.66,2055
5.67,2029
5.68,2006
5.69,1998
5.7,2010
5.71,1992
5.72,1957
5.73,1932
5.74,2030
5.75,2045
5.76,2029
5.77,2011
5.78,1992
5.79,1985
5.8,2027
5.81,2027
5.82,1988
5.83,1956
5.84,2006
5.85,2002
5.86,1985
5.87,1966
5.88,1955
5.89,1944
5.9,1943
5.91,1927
5.92,1902
5.93,1876
5.94,1912
5.95,1911
5.96,1881
5.97,1847
5.98,1844
5.99,1852
6.0,1851
6.01,1825
6.02,1801
6.03,1826
6.04,1828
6.05,1804
6.06,1781
6.07,1781
6.08,1772
6.09,1779
6.1,1766
6.11,1739
6.12,1735
6.13,1771
6.14,1767
6.15,1739
6.16,1735
6.17,1724
6.18,1760
6.19,1718
6.2,1696
6.21,1700
6.22,1759
6.23,1766
6.24,1748
6.25,1745
6.26,1738
6.27,1769
6.28,1751
6.29,1716
6.3,1714
6.31,1749
6.32,1766
6.33,1740
6.34,1727
6.35,1709
6.36,1824
6.37,1818
6.38,1795
6.39,1823
6.4,1835
6.41,1869
6.42,1843
6.43,1815
6.44,1808
6.45,1855
6.46,1852
6.47,1820
6.48,1798
6.49,1841
6.5,1928
6.51,1912
6.52,1833
6.53,1879
6.54,1888
6.55,1902
6.56,1865
6.57,1848
6.58,1921
6.59,1968
6.6,1941
6.61,1915
6.62,1900
6.63,1928
6.64,1920
6.65,1869
6.66,1852
6.67,1904
6.68,1927
6.69,1900
6.7,1871
6.71,1861
6.72,1907
6.73,1951
6.74,1920
6.75,1888
6.76,1926
6.77,1952
6.78,1908
6.79,1882
6.8,1872
6.81,1903
6.82,1936
6.83,1898
6.84,1863
6.85,1897
6.86,1923
6.87,1903
6.88,1882
6.89,1870
6.9,1955
6.91,1936
6.92,1895
6.93,1863
6.94,1891
6.95,1901
6.96,1911
6.97,1869
6.98,1900
6.99,1862
7.0,1906
7.01,1889
7.02,1855
7.03,1850
7.04,1895
7.05,1950
7.06,1924
7.07,1898
7.08,1886
7.09,1882
7.1,1903
7.11,1823
7.12,1789
7.13,1840
7.14,1837
7.15,1825
7.16,1793
7.17,1777
7.18,1768
7.19,1903
7.2,1845
7.21,1813
7.22,1819
7.23,1954
7.24,1980
7.25,1898
7.26,1879
7.27,1983
7.28,2047
7.29,2016
7.3,1931
7.31,1983
7.32,1982
7.33,1983
7.34,1946
7.35,1932
7.36,1945
7.37,2048
7.38,2048
7.39,1977
7.4,1968
7.41,1995
7.42,2020
7.43,2018
7.44,2027
7.45,2016
7.46,2006
7.47,1999
7.48,1967
7.49,1921
7.5,1979
7.51,2008
7.52,2020
7.53,1984
7.54,1963
7.55,1958
7.56,2000
7.57,2044
7.58,1955
7.59,1920
7.6,1973
7.61,2005
7.62,1972
7.63,1950
7.64,1931
7.65,1928
7.66,2000
7.67,1909
7.68,1887
7.69,1935
7.7,1943
7.71,1933
7.72,1951
7.73,1935
7.74,1919
7.75,1907
7.76,1935
7.77,1860
7.78,1888
7.79,1888
7.8,1919
7.81,1850
7.82,1855
7.83,1866
7.84,1864
7.85,1920
7.86,1837
7.87,1810
7.88,1843
7.89,1840
7.9,1824
7.91,1790
7.92,1773
7.93,1761
7.94,1761
7.95,1735
7.96,1708
7.97,1679
7.98,1712
7.99,1716
8.0,1728
8.01,1677
8.02,1667
8.03,1658
8.04,1657
8.05,1637
8.06,1608
8.07,1583
8.08,1657
8.09,1616
8.1,1631
8.11,1582
8.12,1583
8.13,1572
8.14,1570
8.15,1552
8.16,1524
8.17,1502
8.18,1532
8.19,1538
8.2,1536
8.21,1505
8.22,1496
8.23,1520
8.24,1488
8.25,1472
8.26,1450
8.27,1428
8.28,1468
8.29,1470
8.3,1456
8.31,1439
8.32,1436
8.33,1422
8.34,1428
8.35,1414
8.36,1392
8.37,1371
8.38,1399
8.39,1411
8.4,1401
8.41,1387
8.42,1376
8.43,1370
8.44,1374
8.45,1371
8.46,1349
8.47,1328
8.48,1344
8.49,1366
8.5,1364
8.51,1348
8.52,1343
8.53,1336
8.54,1344
8.55,1333
8.56,1311
8.57,1319
8.58,1322
8.59,1339
8.6,1329
8.61,1316
8.62,1313
8.63,1309
8.64,1317
8.65,1299
8.66,1280
8.67,1262
8.68,1310
8.69,1328
8.7,1315
8.71,1301
8.72,1307
8.73,1288
8.74,1311
8.75,1307
8.76,1291
8.77,1266
8.78,1313
8.79,1362
8.8,1336
8.81,1325
8.82,1324
8.83,1351
8.84,1382
8.85,1357
8.86,1337
8.87,1381
8.88,1403
8.89,1382
8.9,1366
8.91,1351
8.92,1363
8.93,1419
8.94,1423
8.95,1401
8.96,1379
8.97,1437
8.98,1448
8.99,1448
9.0,1429
9.01,1417
9.02,1424
9.03,1451
9.04,1417
9.05,1448
9.06,1392
9.07,1430
9.08,1456
9.09,1435
9.1,1440
9.11,1418
9.12,1423
9.13,1438
9.14,1428
9.15,1435
9.16,1424
9.17,1463
9.18,1483
9.19,1462
9.2,1454
9.21,1472
9.22,1568
9.23,1623
9.24,1599
9.25,1579
9.26,1647
9.27,1697
9.28,1669
9.29,1649
9.3,1652
9.31,1762
9.32,1838
9.33,1804
9.34,1771
9.35,1816
9.36,1855
9.37,1786
9.38,1764
9.39,1749
9.4,1772
9.41,1835
9.42,1833
9.43,1823
9.44,1764
9.45,1812
9.46,1828
9.47,1811
9.48,1783
9.49,1771
9.5,1792
9.51,1891
9.52,1881
9.53,1847
9.54,1816
9.55,1889
9.56,1905
9.57,1888
9.58,1866
9.59,1859
9.6,1855
9.61,1852
9.62,1839
9.63,1810
9.64,1785
9.65,1843
9.66,1900
9.67,1849
9.68,1827
9.69,1821
9.7,1904
9.71,1984
9.72,1928
9.73,1895
9.74,1952
9.75,1992
9.76,1943
9.77,1968
9.78,1911
9.79,2016
9.8,2081
9.81,2064
9.82,1983
9.83,2039
9.84,2065
9.85,2029
9.86,2002
9.87,1997
9.88,2040
9.89,2058
9.9,2047
9.91,2024
9.92,2017
9.93,2028
9.94,2032
9.95,2048
9.96,1985
9.97,2001
9.98,2071
9.99,2095
