0.0,1289
0.01,1286
0.02,1300
0.03,1305
0.04,1294
0.05,1296
0.06,1255
0.07,1238
0.08,1233
0.09,1240
0.1,1228
0.11,1203
0.12,1192
0.13,1204
0.14,1212
0.15,1202
0.16,1191
0.17,1184
0.18,1180
0.19,1189
0.2,1185
0.21,1167
0.22,1152
0.23,1143
0.24,1163
0.25,1172
0.26,1160
0.27,1149
0.28,1141
0.29,1151
0.3,1154
0.31,1142
0.32,1131
0.33,1105
0.34,1130
0.35,1140
0.36,1128
0.37,1116
0.38,1108
0.39,1119
0.4,1124
0.41,1126
0.42,1113
0.43,1123
0.44,1145
0.45,1183
0.46,1151
0.47,1139
0.48,1128
0.49,1133
0.5,1163
0.51,1220
0.52,1243
0.53,1207
0.54,1256
0.55,1290
0.56,1313
0.57,1291
0.58,1296
0.59,1293
0.6,1343
0.61,1378
0.62,1356
0.63,1337
0.64,1374
0.65,1389
0.66,1412
0.67,1392
0.68,1376
0.69,1379
0.7,1422
0.71,1405
0.72,1380
0.73,1359
0.74,1398
0.75,1412
0.76,1440
0.77,1425
0.78,1398
0.79,1408
0.8,1408
0.81,1450
0.82,1393
0.83,1374
0.84,1395
0.85,1422
0.86,1461
0.87,1441
0.88,1425
0.89,1416
0.9,1415
0.91,1431
0.92,1416
0.93,1397
0.94,1375
0.95,1414
0.96,1466
0.97,1425
0.98,1396
0.99,1408
1.0,1384
1.01,1436
1.02,1446
1.03,1425
1.04,1403
1.05,1427
1.06,1435
1.07,1435
1.08,1418
1.09,1404
1.1,1401
1.11,1413
1.12,1408
1.13,1380
1.14,1358
1.15,1361
1.16,1384
1.17,1384
1.18,1405
1.19,1338
1.2,1340
1.21,1380
1.22,1375
1.23,1354
1.24,1334
1.25,1373
1.26,1385
1.27,1410
1.28,1390
1.29,1384
1.3,1379
1.31,1398
1.32,1422
1.33,1401
1.34,1374
1.35,1406
1.36,1431
1.37,1464
1.38,1443
1.39,1425
1.4,1421
1.41,1472
1.42,1439
1.43,1417
1.44,1395
1.45,1389
1.46,1421
1.47,1456
1.48,1408
1.49,1408
1.5,1374
1.51,1411
1.52,1472
1.53,1442
1.54,1421
1.55,1415
1.56,1454
1.57,1470
1.58,1448
1.59,1432
1.6,1440
1.61,1456
1.62,1524
1.63,1527
1.64,1490
1.65,1472
1.66,1494
1.67,1500
1.68,1477
1.69,1459
1.7,1468
1.71,1456
1.72,1473
1.73,1454
1.74,1433
1.75,1425
1.76,1454
1.77,1508
1.78,1510
1.79,1476
1.8,1469
1.81,1474
1.82,1498
1.83,1475
1.84,1456
1.85,1432
1.86,1472
1.87,1536
1.88,1547
1.89,1490
1.9,1487
1.91,1536
1.92,1527
1.93,1508
1.94,1483
1.95,1461
1.96,1511
1.97,1518
1.98,1511
1.99,1490
2.0,1474
2.01,1476
2.02,1567
2.03,1547
2.04,1537
2.05,1501
2.06,1549
2.07,1555
2.08,1549
2.09,1536
2.1,1508
2.11,1555
2.12,1578
2.13,1608
2.14,1581
2.15,1558
2.16,1576
2.17,1591
2.18,1566
2.19,1542
2.2,1529
2.21,1532
2.22,1561
2.23,1551
2.24,1563
2.25,1499
2.26,1536
2.27,1550
2.28,1574
2.29,1555
2.3,1536
2.31,1552
2.32,1566
2.33,1569
2.34,1544
2.35,1520
2.36,1551
2.37,1572
2.38,1604
2.39,1577
2.4,1561
2.41,1560
2.42,1616
2.43,1563
2.44,1533
2.45,1509
2.46,1535
2.47,1532
2.48,1541
2.49,1559
2.5,1503
2.51,1519
2.52,1520
2.53,1584
2.54,1556
2.55,1533
2.56,1528
2.57,1576
2.58,1586
2.59,1567
2.6,1552
2.61,1539
2.62,1552
2.63,1611
2.64,1605
2.65,1584
2.66,1558
2.67,1600
2.68,1585
2.69,1563
2.7,1545
2.71,1537
2.72,1568
2.73,1620
2.74,1591
2.75,1539
2.76,1518
2.77,1553
2.78,1600
2.79,1589
2.8,1573
2.81,1562
2.82,1566
2.83,1600
2.84,1628
2.85,1578
2.86,1552
2.87,1581
2.88,1614
2.89,1630
2.9,1609
2.91,1592
2.92,1591
2.93,1601
2.94,1599
2.95,1575
2.96,1552
2.97,1542
2.98,1584
2.99,1594
3.0,1581
3.01,1559
3.02,1537
3.03,1536
3.04,1545
3.05,1563
3.06,1539
3.07,1518
3.08,1520
3.09,1538
3.1,1537
3.11,1515
3.12,1515
3.13,1504
3.14,1512
3.15,1515
3.16,1491
3.17,1480
3.18,1488
3.19,1559
3.2,1572
3.21,1547
3.22,1537
3.23,1539
3.24,1541
3.25,1551
3.26,1506
3.27,1485
3.28,1536
3.29,1536
3.3,1562
3.31,1550
3.32,1547
3.33,1538
3.34,1550
3.35,1577
3.36,1566
3.37,1539
3.38,1599
3.39,1600
3.4,1598
3.41,1581
3.42,1579
3.43,1584
3.44,1608
3.45,1597
3.46,1628
3.47,1572
3.48,1611
3.49,1603
3.5,1584
3.51,1570
3.52,1558
3.53,1567
3.54,1583
3.55,1616
3.56,1592
3.57,1569
3.58,1576
3.59,1602
3.6,1591
3.61,1571
3.62,1549
3.63,1552
3.64,1563
3.65,1636
3.66,1610
3.67,1585
3.68,1575
3.69,1611
3.7,1608
3.71,1592
3.72,1576
3.73,1564
3.74,1573
3.75,1579
3.76,1576
3.77,1558
3.78,1538
3.79,1541
3.8,1552
3.81,1568
3.82,1507
3.83,1504
3.84,1535
3.85,1536
3.86,1568
3.87,1540
3.88,1521
3.89,1500
3.9,1524
3.91,1528
3.92,1518
3.93,1495
3.94,1471
3.95,1488
3.96,1486
3.97,1476
3.98,1458
3.99,1448
4.0,1480
4.01,1492
4.02,1474
4.03,1463
4.04,1466
4.05,1464
4.06,1473
4.07,1484
4.08,1461
4.09,1443
4.1,1486
4.11,1480
4.12,1462
4.13,1440
4.14,1422
4.15,1418
4.16,1412
4.17,1401
4.18,1381
4.19,1368
4.2,1407
4.21,1392
4.22,1371
4.23,1361
4.24,1348
4.25,1358
4.26,1394
4.27,1374
4.28,1356
4.29,1371
4.3,1422
4.31,1461
4.32,1440
4.33,1433
4.34,1448
4.35,1500
4.36,1538
4.37,1514
4.38,1495
4.39,1543
4.4,1572
4.41,1606
4.42,1551
4.43,1532
4.44,1537
4.45,1606
4.46,1612
4.47,1591
4.48,1592
4.49,1642
4.5,1656
4.51,1645
4.52,1663
4.53,1642
4.54,1656
4.55,1658
4.56,1646
4.57,1631
4.58,1612
4.59,1663
4.6,1665
4.61,1664
4.62,1682
4.63,1686
4.64,1709
4.65,1672
4.66,1653
4.67,1702
4.68,1702
4.69,1696
4.7,1689
4.71,1670
4.72,1676
4.73,1748
4.74,1716
4.75,1686
4.76,1695
4.77,1702
4.78,1709
4.79,1674
4.8,1673
4.81,1697
4.82,1724
4.83,1709
4.84,1686
4.85,1700
4.86,1689
4.87,1708
4.88,1698
4.89,1680
4.9,1665
4.91,1666
4.92,1648
4.93,1621
4.94,1632
4.95,1657
4.96,1668
4.97,1642
4.98,1643
4.99,1649
5.0,1679
5.01,1688
5.02,1679
5.03,1657
5.04,1712
5.05,1730
5.06,1722
5.07,1683
5.08,1682
5.09,1693
5.1,1746
5.11,1727
5.12,1727
5.13,1773
5.14,1799
5.15,1776
5.16,1750
5.17,1741
5.18,1754
5.19,1744
5.2,1742
5.21,1696
5.22,1724
5.23,1733
5.24,1718
5.25,1695
5.26,1673
5.27,1677
5.28,1695
5.29,1684
5.3,1662
5.31,1644
5.32,1696
5.33,1690
5.34,1682
5.35,1664
5.36,1646
5.37,1644
5.38,1662
5.39,1664
5.4,1644
5.41,1629
5.42,1692
5.43,1706
5.44,1688
5.45,1665
5.46,1642
5.47,1650
5.48,1668
5.49,1676
5.5,1665
5.51,1640
5.52,1695
5.53,1729
5.54,1719
5.55,1714
5.56,1723
5.57,1730
5.58,1764
5.59,1760
5.6,1725
5.61,1775
5.62,1774
5.63,1780
5.64,1744
5.65,1744
5.66,1745
5.67,1792
5.68,1765
5.69,1741
5.7,1776
5.71,1777
5.72,1771
5.73,1745
5.74,1732
5.75,1736
5.76,1792
5.77,1785
5.78,1760
5.79,1749
5.8,1792
5.81,1808
5.82,1779
5.83,1751
5.84,1743
5.85,1756
5.86,1731
5.87,1710
5.88,1746
5.89,1775
5.9,1780
5.91,1759
5.92,1737
5.93,1756
5.94,1796
5.95,1807
5.96,1777
5.97,1750
5.98,1812
5.99,1815
6.0,1802
6.01,1769
6.02,1758
6.03,1773
6.04,1800
6.05,1768
6.06,1747
6.07,1848
6.08,1831
6.09,1819
6.1,1799
6.11,1780
6.12,1784
6.13,1850
6.14,1852
6.15,1829
6.16,1828
6.17,1884
6.18,1909
6.19,1879
6.2,1839
6.21,1804
6.22,1812
6.23,1786
6.24,1757
6.25,1733
6.26,1780
6.27,1790
6.28,1768
6.29,1730
6.3,1715
6.31,1712
6.32,1704
6.33,1680
6.34,1676
6.35,1720
6.36,1747
6.37,1722
6.38,1699
6.39,1701
6.4,1712
6.41,1761
6.42,1737
6.43,1710
6.44,1689
6.45,1708
6.46,1745
6.47,1730
6.48,1712
6.49,1710
6.5,1718
6.51,1772
6.52,1746
6.53,1716
6.54,1699
6.55,1750
6.56,1755
6.57,1718
6.58,1686
6.59,1684
6.6,1740
6.61,1725
6.62,1697
6.63,1693
6.64,1742
6.65,1753
6.66,1728
6.67,1703
6.68,1711
6.69,1743
6.7,1733
6.71,1703
6.72,1715
6.73,1732
6.74,1752
6.75,1730
6.76,1719
6.77,1763
6.78,1775
6.79,1851
6.8,1779
6.81,1749
6.82,1760
6.83,1783
6.84,1823
6.85,1822
6.86,1807
6.87,1803
6.88,1769
6.89,1824
6.9,1839
6.91,1835
6.92,1774
6.93,1844
6.94,1828
6.95,1824
6.96,1804
6.97,1804
6.98,1790
6.99,1838
7.0,1858
7.01,1836
7.02,1851
7.03,1837
7.04,1830
7.05,1871
7.06,1849
7.07,1832
7.08,1852
7.09,1879
7.1,1941
7.11,1894
7.12,1895
7.13,1887
7.14,1867
7.15,1896
7.16,1867
7.17,1848
7.18,1848
7.19,1824
7.2,1887
7.21,1884
7.22,1852
7.23,1823
7.24,1854
7.25,1861
7.26,1871
7.27,1845
7.28,1825
7.29,1854
7.3,1812
7.31,1855
7.32,1781
7.33,1756
7.34,1764
7.35,1795
7.36,1832
7.37,1808
7.38,1819
7.39,1770
7.4,1772
7.41,1823
7.42,1883
7.43,1814
7.44,1799
7.45,1820
7.46,1830
7.47,1863
7.48,1844
7.49,1824
7.5,1804
7.51,1795
7.52,1804
7.53,1778
7.54,1750
7.55,1722
7.56,1728
7.57,1741
7.58,1788
7.59,1767
7.6,1753
7.61,1731
7.62,1733
7.63,1752
7.64,1737
7.65,1710
7.66,1683
7.67,1711
7.68,1732
7.69,1740
7.7,1727
7.71,1663
7.72,1652
7.73,1653
7.74,1646
7.75,1623
7.76,1598
7.77,1600
7.78,1626
7.79,1688
7.8,1633
7.81,1611
7.82,1592
7.83,1587
7.84,1597
7.85,1616
7.86,1634
7.87,1568
7.88,1609
7.89,1624
7.9,1663
7.91,1633
7.92,1616
7.93,1620
7.94,1670
7.95,1764
7.96,1743
7.97,1703
7.98,1703
7.99,1723
8.0,1760
8.01,1735
8.02,1712
8.03,1691
8.04,1681
8.05,1675
8.06,1691
8.07,1652
8.08,1625
8.09,1704
8.1,1689
8.11,1706
8.12,1700
8.13,1662
8.14,1657
8.15,1727
8.16,1747
8.17,1701
8.18,1671
8.19,1704
8.2,1705
8.21,1788
8.22,1728
8.23,1696
8.24,1696
8.25,1708
8.26,1774
8.27,1745
8.28,1718
8.29,1700
8.3,1729
8.31,1767
8.32,1803
8.33,1736
8.34,1719
8.35,1736
8.36,1843
8.37,1812
8.38,1781
8.39,1751
8.4,1810
8.41,1790
8.42,1802
8.43,1776
8.44,1756
8.45,1768
8.46,1790
8.47,1887
8.48,1807
8.49,1780
8.5,1768
8.51,1812
8.52,1823
8.53,1810
8.54,1787
8.55,1762
8.56,1760
8.57,1816
8.58,1859
8.59,1828
8.6,1799
8.61,1808
8.62,1822
8.63,1864
8.64,1832
8.65,1807
8.66,1792
8.67,1794
8.68,1850
8.69,1841
8.7,1808
8.71,1797
8.72,1816
8.73,1832
8.74,1834
8.75,1821
8.76,1780
8.77,1841
8.78,1804
8.79,1773
8.8,1820
8.81,1811
8.82,1795
8.83,1776
8.84,1760
8.85,1763
8.86,1833
8.87,1864
8.88,1835
8.89,1807
8.9,1824
8.91,1815
8.92,1843
8.93,1819
8.94,1798
8.95,1808
8.96,1799
8.97,1832
8.98,1817
8.99,1792
9.0,1760
9.01,1800
9.02,1782
9.03,1799
9.04,1775
9.05,1758
9.06,1760
9.07,1757
9.08,1762
9.09,1731
9.1,1704
9.11,1704
9.12,1738
9.13,1756
9.14,1727
9.15,1706
9.16,1717
9.17,1748
9.18,1757
9.19,1744
9.2,1698
9.21,1743
9.22,1746
9.23,1728
9.24,1702
9.25,1712
9.26,1687
9.27,1736
9.28,1722
9.29,1697
9.3,1668
9.31,1723
9.32,1760
9.33,1711
9.34,1690
9.35,1683
9.36,1695
9.37,1769
9.38,1755
9.39,1727
9.4,1703
9.41,1759
9.42,1770
9.43,1766
9.44,1747
9.45,1736
9.46,1746
9.47,1778
9.48,1758
9.49,1728
9.5,1708
9.51,1752
9.52,1771
9.53,1764
9.54,1736
9.55,1719
9.56,1759
9.57,1714
9.58,1693
9.59,1669
9.6,1645
9.61,1690
9.62,1719
9.63,1732
9.64,1674
9.65,1667
9.66,1692
9.67,1788
9.68,1726
9.69,1752
9.7,1735
9.71,1744
9.72,1737
9.73,1698
9.74,1683
9.75,1685
9.76,1696
9.77,1735
9.78,1707
9.79,1695
9.8,1712
9.81,1730
9.82,1746
9.83,1719
9.84,1701
9.85,1701
9.86,1759
9.87,1788
9.88,1761
9.89,1727
9.9,1750
9.91,1791
9.92,1777
9.93,1749
9.94,1729
9.95,1728
9.96,1750
9.97,1785
9.98,1744
9.99,1714
