0.0,1162
0.01,1142
0.02,1152
0.03,1120
0.04,1144
0.05,1159
0.06,1144
0.07,1128
0.08,1158
0.09,1175
0.1,1171
0.11,1156
0.12,1143
0.13,1137
0.14,1170
0.15,1188
0.16,1172
0.17,1154
0.18,1161
0.19,1187
0.2,1167
0.21,1180
0.22,1145
0.23,1172
0.24,1232
0.25,1214
0.26,1192
0.27,1197
0.28,1264
0.29,1238
0.3,1217
0.31,1209
0.32,1246
0.33,1227
0.34,1232
0.35,1197
0.36,1247
0.37,1232
0.38,1217
0.39,1208
0.4,1190
0.41,1217
0.42,1245
0.43,1200
0.44,1182
0.45,1214
0.46,1225
0.47,1237
0.48,1191
0.49,1185
0.5,1228
0.51,1248
0.52,1231
0.53,1214
0.54,1232
0.55,1248
0.56,1246
0.57,1224
0.58,1212
0.59,1256
0.6,1240
0.61,1231
0.62,1212
0.63,1248
0.64,1263
0.65,1252
0.66,1225
0.67,1219
0.68,1243
0.69,1245
0.7,1231
0.71,1224
0.72,1245
0.73,1266
0.74,1248
0.75,1230
0.76,1228
0.77,1264
0.78,1238
0.79,1220
0.8,1234
0.81,1254
0.82,1276
0.83,1256
0.84,1240
0.85,1243
0.86,1329
0.87,1345
0.88,1324
0.89,1307
0.9,1350
0.91,1404
0.92,1380
0.93,1357
0.94,1360
0.95,1423
0.96,1468
0.97,1444
0.98,1416
0.99,1454
1.0,1482
1.01,1474
1.02,1450
1.03,1437
1.04,1455
1.05,1472
1.06,1432
1.07,1410
1.08,1417
1.09,1448
1.1,1491
1.11,1453
1.12,1436
1.13,1444
1.14,1475
1.15,1536
1.16,1512
1.17,1471
1.18,1519
1.19,1554
1.2,1547
1.21,1528
1.22,1517
1.23,1544
1.24,1525
1.25,1501
1.26,1479
1.27,1515
1.28,1536
1.29,1511
1.3,1503
1.31,1514
1.32,1583
1.33,1555
1.34,1528
1.35,1565
1.36,1608
1.37,1591
1.38,1564
1.39,1542
1.4,1553
1.41,1631
1.42,1613
1.43,1585
1.44,1597
1.45,1605
1.46,1590
1.47,1564
1.48,1545
1.49,1538
1.5,1588
1.51,1574
1.52,1546
1.53,1520
1.54,1528
1.55,1541
1.56,1526
1.57,1502
1.58,1490
1.59,1500
1.6,1546
1.61,1523
1.62,1501
1.63,1485
1.64,1534
1.65,1513
1.66,1491
1.67,1468
1.68,1449
1.69,1442
1.7,1438
1.71,1412
1.72,1388
1.73,1369
1.74,1392
1.75,1392
1.76,1381
1.77,1362
1.78,1352
1.79,1345
1.8,1340
1.81,1320
1.82,1303
1.83,1289
1.84,1305
1.85,1304
1.86,1288
1.87,1264
1.88,1262
1.89,1257
1.9,1242
1.91,1224
1.92,1255
1.93,1258
1.94,1241
1.95,1223
1.96,1213
1.97,1221
1.98,1212
1.99,1193
2.0,1184
2.01,1270
2.02,1261
2.03,1262
2.04,1247
2.05,1237
2.06,1237
2.07,1252
2.08,1270
2.09,1252
2.1,1261
2.11,1282
2.12,1274
2.13,1256
2.14,1237
2.15,1264
2.16,1259
2.17,1317
2.18,1308
2.19,1320
2.2,1276
2.21,1256
2.22,1280
2.23,1307
2.24,1287
2.25,1265
2.26,1280
2.27,1311
2.28,1308
2.29,1292
2.3,1282
2.31,1291
2.32,1343
2.33,1328
2.34,1278
2.35,1262
2.36,1319
2.37,1343
2.38,1354
2.39,1330
2.4,1316
2.41,1321
2.42,1355
2.43,1342
2.44,1309
2.45,1312
2.46,1378
2.47,1364
2.48,1375
2.49,1351
2.5,1367
2.51,1375
2.52,1372
2.53,1376
2.54,1321
2.55,1367
2.56,1344
2.57,1341
2.58,1323
2.59,1313
2.6,1310
2.61,1317
2.62,1295
2.63,1273
2.64,1251
2.65,1245
2.66,1254
2.67,1256
2.68,1235
2.69,1220
2.7,1215
2.71,1218
2.72,1201
2.73,1183
2.74,1184
2.75,1204
2.76,1223
2.77,1174
2.78,1159
2.79,1167
2.8,1177
2.81,1184
2.82,1173
2.83,1155
2.84,1180
2.85,1192
2.86,1192
2.87,1172
2.88,1165
2.89,1165
2.9,1174
2.91,1163
2.92,1151
2.93,1161
2.94,1205
2.95,1216
2.96,1198
2.97,1187
2.98,1181
2.99,1189
3.0,1204
3.01,1183
3.02,1170
3.03,1216
3.04,1214
3.05,1202
3.06,1181
3.07,1176
3.08,1188
3.09,1192
3.1,1178
3.11,1172
3.12,1197
3.13,1205
3.14,1206
3.15,1193
3.16,1182
3.17,1183
3.18,1225
3.19,1215
3.2,1198
3.21,1241
3.22,1262
3.23,1266
3.24,1262
3.25,1265
3.26,1284
3.27,1308
3.28,1284
3.29,1267
3.3,1334
3.31,1359
3.32,1369
3.33,1348
3.34,1340
3.35,1356
3.36,1369
3.37,1356
3.38,1347
3.39,1395
3.4,1406
3.41,1386
3.42,1365
3.43,1346
3.44,1356
3.45,1402
3.46,1390
3.47,1384
3.48,1374
3.49,1396
3.5,1408
3.51,1415
3.52,1407
3.53,1376
3.54,1391
3.55,1413
3.56,1401
3.57,1378
3.58,1416
3.59,1409
3.6,1398
3.61,1385
3.62,1368
3.63,1383
3.64,1393
3.65,1436
3.66,1415
3.67,1395
3.68,1391
3.69,1408
3.7,1451
3.71,1486
3.72,1452
3.73,1448
3.74,1487
3.75,1471
3.76,1444
3.77,1434
3.78,1454
3.79,1536
3.8,1495
3.81,1471
3.82,1474
3.83,1468
3.84,1458
3.85,1440
3.86,1432
3.87,1491
3.88,1490
3.89,1472
3.9,1444
3.91,1438
3.92,1455
3.93,1516
3.94,1475
3.95,1465
3.96,1528
3.97,1516
3.98,1503
3.99,1479
4.0,1477
4.01,1486
4.02,1500
4.03,1520
4.04,1469
4.05,1463
4.06,1482
4.07,1510
4.08,1450
4.09,1440
4.1,1494
4.11,1460
4.12,1443
4.13,1420
4.14,1415
4.15,1423
4.16,1465
4.17,1420
4.18,1404
4.19,1416
4.2,1411
4.21,1388
4.22,1398
4.23,1397
4.24,1448
4.25,1449
4.26,1439
4.27,1428
4.28,1432
4.29,1434
4.3,1411
4.31,1398
4.32,1394
4.33,1460
4.34,1431
4.35,1415
4.36,1410
4.37,1410
4.38,1440
4.39,1427
4.4,1404
4.41,1439
4.42,1444
4.43,1490
4.44,1437
4.45,1432
4.46,1452
4.47,1484
4.48,1473
4.49,1452
4.5,1442
4.51,1474
4.52,1468
4.53,1444
4.54,1443
4.55,1427
4.56,1442
4.57,1441
4.58,1448
4.59,1398
4.6,1420
4.61,1442
4.62,1439
4.63,1424
4.64,1464
4.65,1436
4.66,1448
4.67,1437
4.68,1419
4.69,1420
4.7,1440
4.71,1468
4.72,1478
4.73,1455
4.74,1448
4.75,1446
4.76,1459
4.77,1435
4.78,1448
4.79,1434
4.8,1480
4.81,1457
4.82,1464
4.83,1472
4.84,1440
4.85,1424
4.86,1464
4.87,1487
4.88,1448
4.89,1447
4.9,1491
4.91,1515
4.92,1527
4.93,1519
4.94,1535
4.95,1536
4.96,1503
4.97,1535
4.98,1485
4.99,1473
5.0,1467
5.01,1459
5.02,1469
5.03,1470
5.04,1447
5.05,1432
5.06,1413
5.07,1401
5.08,1403
5.09,1410
5.1,1389
5.11,1409
5.12,1392
5.13,1429
5.14,1385
5.15,1386
5.16,1374
5.17,1360
5.18,1353
5.19,1407
5.2,1360
5.21,1348
5.22,1325
5.23,1358
5.24,1347
5.25,1343
5.26,1326
5.27,1324
5.28,1318
5.29,1315
5.3,1311
5.31,1295
5.32,1265
5.33,1287
5.34,1304
5.35,1297
5.36,1277
5.37,1261
5.38,1270
5.39,1262
5.4,1286
5.41,1293
5.42,1300
5.43,1347
5.44,1358
5.45,1364
5.46,1348
5.47,1353
5.48,1381
5.49,1449
5.5,1415
5.51,1394
5.52,1410
5.53,1419
5.54,1405
5.55,1407
5.56,1375
5.57,1383
5.58,1413
5.59,1411
5.6,1400
5.61,1405
5.62,1435
5.63,1439
5.64,1428
5.65,1421
5.66,1440
5.67,1425
5.68,1403
5.69,1374
5.7,1450
5.71,1465
5.72,1464
5.73,1448
5.74,1435
5.75,1449
5.76,1431
5.77,1417
5.78,1404
5.79,1438
5.8,1449
5.81,1439
5.82,1413
5.83,1400
5.84,1400
5.85,1424
5.86,1419
5.87,1398
5.88,1384
5.89,1414
5.9,1425
5.91,1404
5.92,1385
5.93,1365
5.94,1376
5.95,1464
5.96,1472
5.97,1427
5.98,1421
5.99,1440
6.0,1432
6.01,1423
6.02,1414
6.03,1454
6.04,1432
6.05,1488
6.06,1436
6.07,1419
6.08,1415
6.09,1440
6.1,1477
6.11,1499
6.12,1447
6.13,1453
6.14,1474
6.15,1472
6.16,1453
6.17,1459
6.18,1426
6.19,1448
6.2,1478
6.21,1466
6.22,1471
6.23,1450
6.24,1468
6.25,1442
6.26,1447
6.27,1417
6.28,1464
6.29,1477
6.3,1480
6.31,1459
6.32,1487
6.33,1450
6.34,1461
6.35,1492
6.36,1470
6.37,1455
6.38,1458
6.39,1469
6.4,1462
6.41,1443
6.42,1429
6.43,1448
6.44,1460
6.45,1485
6.46,1463
6.47,1441
6.48,1465
6.49,1479
6.5,1462
6.51,1455
6.52,1440
6.53,1423
6.54,1462
6.55,1464
6.56,1467
6.57,1415
6.58,1440
6.59,1472
6.6,1475
6.61,1454
6.62,1440
6.63,1445
6.64,1466
6.65,1481
6.66,1472
6.67,1420
6.68,1471
6.69,1478
6.7,1487
6.71,1475
6.72,1439
6.73,1442
6.74,1464
6.75,1455
6.76,1436
6.77,1415
6.78,1476
6.79,1477
6.8,1470
6.81,1449
6.82,1430
6.83,1455
6.84,1470
6.85,1485
6.86,1480
6.87,1442
6.88,1458
6.89,1468
6.9,1477
6.91,1471
6.92,1458
6.93,1463
6.94,1507
6.95,1544
6.96,1520
6.97,1508
6.98,1536
6.99,1505
7.0,1518
7.01,1475
7.02,1449
7.03,1480
7.04,1459
7.05,1490
7.06,1468
7.07,1471
7.08,1434
7.09,1462
7.1,1503
7.11,1470
7.12,1449
7.13,1440
7.14,1449
7.15,1448
7.16,1427
7.17,1423
7.18,1416
7.19,1434
7.2,1504
7.21,1472
7.22,1471
7.23,1434
7.24,1462
7.25,1447
7.26,1425
7.27,1403
7.28,1421
7.29,1441
7.3,1440
7.31,1421
7.32,1411
7.33,1405
7.34,1443
7.35,1517
7.36,1503
7.37,1479
7.38,1504
7.39,1497
7.4,1498
7.41,1491
7.42,1454
7.43,1443
7.44,1475
7.45,1580
7.46,1527
7.47,1503
7.48,1497
7.49,1536
7.5,1496
7.51,1470
7.52,1451
7.53,1441
7.54,1459
7.55,1500
7.56,1485
7.57,1458
7.58,1437
7.59,1496
7.6,1497
7.61,1490
7.62,1470
7.63,1456
7.64,1481
7.65,1492
7.66,1474
7.67,1449
7.68,1428
7.69,1465
7.7,1507
7.71,1528
7.72,1506
7.73,1480
7.74,1474
7.75,1488
7.76,1473
7.77,1448
7.78,1429
7.79,1449
7.8,1503
7.81,1462
7.82,1446
7.83,1422
7.84,1405
7.85,1439
7.86,1436
7.87,1425
7.88,1408
7.89,1391
7.9,1412
7.91,1430
7.92,1424
7.93,1392
7.94,1372
7.95,1375
7.96,1403
7.97,1467
7.98,1449
7.99,1429
8.0,1415
8.01,1438
8.02,1461
8.03,1404
8.04,1385
8.05,1370
8.06,1402
8.07,1426
8.08,1416
8.09,1394
8.1,1376
8.11,1395
8.12,1403
8.13,1400
8.14,1380
8.15,1359
8.16,1355
8.17,1392
8.18,1399
8.19,1376
8.2,1368
8.21,1365
8.22,1392
8.23,1384
8.24,1362
8.25,1348
8.26,1337
8.27,1346
8.28,1341
8.29,1325
8.3,1320
8.31,1309
8.32,1318
8.33,1334
8.34,1314
8.35,1298
8.36,1285
8.37,1288
8.38,1312
8.39,1304
8.4,1290
8.41,1273
8.42,1298
8.43,1306
8.44,1328
8.45,1285
8.46,1272
8.47,1280
8.48,1314
8.49,1363
8.5,1350
8.51,1338
8.52,1340
8.53,1349
8.54,1342
8.55,1321
8.56,1304
8.57,1298
8.58,1329
8.59,1388
8.6,1385
8.61,1344
8.62,1376
8.63,1360
8.64,1384
8.65,1367
8.66,1346
8.67,1336
8.68,1365
8.69,1391
8.7,1374
8.71,1352
8.72,1363
8.73,1388
8.74,1408
8.75,1396
8.76,1368
8.77,1384
8.78,1365
8.79,1381
8.8,1362
8.81,1358
8.82,1392
8.83,1404
8.84,1408
8.85,1377
8.86,1375
8.87,1369
8.88,1398
8.89,1408
8.9,1406
8.91,1371
8.92,1432
8.93,1413
8.94,1390
8.95,1373
8.96,1376
8.97,1372
8.98,1393
8.99,1381
9.0,1348
9.01,1378
9.02,1388
9.03,1387
9.04,1359
9.05,1375
9.06,1372
9.07,1430
9.08,1428
9.09,1388
9.1,1388
9.11,1440
9.12,1472
9.13,1425
9.14,1402
9.15,1394
9.16,1414
9.17,1422
9.18,1412
9.19,1407
9.2,1408
9.21,1427
9.22,1407
9.23,1386
9.24,1368
9.25,1362
9.26,1384
9.27,1384
9.28,1396
9.29,1374
9.3,1381
9.31,1408
9.32,1401
9.33,1377
9.34,1364
9.35,1349
9.36,1370
9.37,1405
9.38,1383
9.39,1376
9.4,1382
9.41,1396
9.42,1399
9.43,1356
9.44,1340
9.45,1336
9.46,1355
9.47,1345
9.48,1326
9.49,1313
9.5,1338
9.51,1340
9.52,1320
9.53,1300
9.54,1282
9.55,1298
9.56,1372
9.57,1359
9.58,1338
9.59,1319
9.6,1335
9.61,1343
9.62,1336
9.63,1310
9.64,1292
9.65,1292
9.66,1295
9.67,1275
9.68,1256
9.69,1253
9.7,1254
9.71,1280
9.72,1225
9.73,1208
9.74,1200
9.75,1216
9.76,1189
9.77,1170
9.78,1153
9.79,1186
9.8,1191
9.81,1216
9.82,1170
9.83,1164
9.84,1171
9.85,1263
9.86,1234
9.87,1214
9.88,1202
9.89,1236
9.9,1249
9.91,1234
9.92,1217
9.93,1206
9.94,1222
9.95,1325
9.96,1318
9.97,1297
9.98,1293
9.99,1332
