0.0,1125
0.01,1116
0.02,1119
0.03,1151
0.04,1120
0.05,1134
0.06,1091
0.07,1131
0.08,1142
0.09,1139
0.1,1130
0.11,1120
0.12,1114
0.13,1131
0.14,1133
0.15,1119
0.16,1104
0.17,1091
0.18,1134
0.19,1151
0.2,1142
0.21,1130
0.22,1122
0.23,1123
0.24,1139
0.25,1138
0.26,1126
0.27,1114
0.28,1104
0.29,1141
0.3,1150
0.31,1136
0.32,1126
0.33,1120
0.34,1119
0.35,1128
0.36,1125
0.37,1108
0.38,1093
0.39,1093
0.4,1143
0.41,1142
0.42,1127
0.43,1116
0.44,1110
0.45,1117
0.46,1146
0.47,1142
0.48,1131
0.49,1110
0.5,1156
0.51,1183
0.52,1174
0.53,1187
0.54,1153
0.55,1153
0.56,1198
0.57,1228
0.58,1220
0.59,1201
0.6,1203
0.61,1237
0.62,1256
0.63,1253
0.64,1248
0.65,1216
0.66,1253
0.67,1305
0.68,1316
0.69,1260
0.7,1344
0.71,1353
0.72,1372
0.73,1360
0.74,1341
0.75,1342
0.76,1424
0.77,1492
0.78,1432
0.79,1409
0.8,1444
0.81,1460
0.82,1477
0.83,1459
0.84,1444
0.85,1440
0.86,1476
0.87,1618
0.88,1641
0.89,1618
0.9,1594
0.91,1671
0.92,1701
0.93,1754
0.94,1727
0.95,1713
0.96,1713
0.97,1769
0.98,1866
0.99,1848
1.0,1817
1.01,1784
1.02,1827
1.03,1844
1.04,1834
1.05,1812
1.06,1786
1.07,1786
1.08,1774
1.09,1755
1.1,1751
1.11,1690
1.12,1746
1.13,1763
1.14,1742
1.15,1714
1.16,1728
1.17,1679
1.18,1702
1.19,1728
1.2,1687
1.21,1640
1.22,1695
1.23,1690
1.24,1664
1.25,1654
1.26,1619
1.27,1622
1.28,1660
1.29,1651
1.3,1625
1.31,1617
1.32,1680
1.33,1690
1.34,1740
1.35,1728
1.36,1682
1.37,1699
1.38,1810
1.39,1888
1.4,1838
1.41,1800
1.42,1927
1.43,1896
1.44,1943
1.45,1920
1.46,1893
1.47,1941
1.48,1984
1.49,2047
1.5,2009
1.51,1974
1.52,1984
1.53,2095
1.54,2169
1.55,2112
1.56,2127
1.57,2047
1.58,2047
1.59,2155
1.6,2151
1.61,2119
1.62,2090
1.63,2063
1.64,2096
1.65,2064
1.66,2037
1.67,2020
1.68,2004
1.69,1986
1.7,1980
1.71,1947
1.72,1918
1.73,1889
1.74,1911
1.75,1919
1.76,1878
1.77,1903
1.78,1843
1.79,1880
1.8,1859
1.81,1824
1.82,1775
1.83,1748
1.84,1727
1.85,1768
1.86,1760
1.87,1747
1.88,1727
1.89,1711
1.9,1697
1.91,1747
1.92,1695
1.93,1654
1.94,1640
1.95,1674
1.96,1690
1.97,1675
1.98,1663
1.99,1651
2.0,1662
2.01,1726
2.02,1672
2.03,1630
2.04,1630
2.05,1694
2.06,1709
2.07,1668
2.08,1657
2.09,1660
2.1,1671
2.11,1697
2.12,1744
2.13,1712
2.14,1662
2.15,1708
2.16,1708
2.17,1687
2.18,1663
2.19,1640
2.2,1624
2.21,1646
2.22,1659
2.23,1644
2.24,1626
2.25,1608
2.26,1714
2.27,1659
2.28,1638
2.29,1626
2.3,1656
2.31,1662
2.32,1662
2.33,1654
2.34,1647
2.35,1610
2.36,1656
2.37,1666
2.38,1671
2.39,1652
2.4,1641
2.41,1648
2.42,1714
2.43,1730
2.44,1712
2.45,1683
2.46,1671
2.47,1718
2.48,1760
2.49,1692
2.5,1687
2.51,1678
2.52,1697
2.53,1695
2.54,1668
2.55,1644
2.56,1637
2.57,1703
2.58,1738
2.59,1728
2.6,1732
2.61,1733
2.62,1734
2.63,1758
2.64,1761
2.65,1735
2.66,1714
2.67,1730
2.68,1763
2.69,1778
2.7,1775
2.71,1752
2.72,1792
2.73,1760
2.74,1768
2.75,1792
2.76,1728
2.77,1728
2.78,1772
2.79,1788
2.8,1763
2.81,1760
2.82,1738
2.83,1733
2.84,1796
2.85,1795
2.86,1767
2.87,1766
2.88,1790
2.89,1820
2.9,1799
2.91,1779
2.92,1761
2.93,1777
2.94,1835
2.95,1765
2.96,1743
2.97,1729
2.98,1779
2.99,1798
3.0,1791
3.01,1776
3.02,1760
3.03,1754
3.04,1762
3.05,1753
3.06,1743
3.07,1721
3.08,1834
3.09,1855
3.1,1860
3.11,1831
3.12,1815
3.13,1821
3.14,1830
3.15,1829
3.16,1802
3.17,1775
3.18,1758
3.19,1824
3.2,1837
3.21,1828
3.22,1815
3.23,1812
3.24,1804
3.25,1836
3.26,1835
3.27,1813
3.28,1808
3.29,1820
3.3,1876
3.31,1881
3.32,1868
3.33,1870
3.34,1854
3.35,1892
3.36,1939
3.37,1902
3.38,1891
3.39,1884
3.4,1928
3.41,1990
3.42,1933
3.43,1940
3.44,1924
3.45,1920
3.46,1920
3.47,1900
3.48,1886
3.49,1923
3.5,2010
3.51,1953
3.52,1923
3.53,1904
3.54,1892
3.55,1904
3.56,1917
3.57,1895
3.58,1919
3.59,1887
3.6,1936
3.61,1985
3.62,1966
3.63,1951
3.64,1936
3.65,1932
3.66,1945
3.67,1952
3.68,1923
3.69,1912
3.7,1907
3.71,1936
3.72,1947
3.73,1921
3.74,1904
3.75,1919
3.76,1888
3.77,1910
3.78,1880
3.79,1849
3.8,1834
3.81,1863
3.82,1841
3.83,1832
3.84,1840
3.85,1816
3.86,1807
3.87,1793
3.88,1776
3.89,1725
3.9,1728
3.91,1765
3.92,1779
3.93,1748
3.94,1776
3.95,1760
3.96,1732
3.97,1763
3.98,1749
3.99,1707
4.0,1711
4.01,1739
4.02,1748
4.03,1726
4.04,1719
4.05,1718
4.06,1763
4.07,1778
4.08,1747
4.09,1730
4.1,1760
4.11,1777
4.12,1814
4.13,1790
4.14,1785
4.15,1801
4.16,1855
4.17,1918
4.18,1888
4.19,1820
4.2,1896
4.21,1859
4.22,1847
4.23,1840
4.24,1855
4.25,1810
4.26,1825
4.27,1875
4.28,1884
4.29,1869
4.3,1852
4.31,1927
4.32,1921
4.33,1905
4.34,1892
4.35,1872
4.36,1861
4.37,1869
4.38,1872
4.39,1845
4.4,1816
4.41,1839
4.42,1854
4.43,1830
4.44,1819
4.45,1796
4.46,1774
4.47,1791
4.48,1802
4.49,1789
4.5,1774
4.51,1760
4.52,1813
4.53,1757
4.54,1746
4.55,1729
4.56,1727
4.57,1721
4.58,1714
4.59,1691
4.6,1664
4.61,1663
4.62,1691
4.63,1689
4.64,1669
4.65,1641
4.66,1648
4.67,1650
4.68,1642
4.69,1634
4.7,1613
4.71,1604
4.72,1594
4.73,1635
4.74,1638
4.75,1617
4.76,1598
4.77,1586
4.78,1576
4.79,1574
4.8,1554
4.81,1533
4.82,1520
4.83,1541
4.84,1551
4.85,1523
4.86,1505
4.87,1484
4.88,1503
4.89,1465
4.9,1456
4.91,1440
4.92,1417
4.93,1448
4.94,1484
4.95,1462
4.96,1458
4.97,1477
4.98,1449
4.99,1515
5.0,1526
5.01,1507
5.02,1504
5.03,1508
5.04,1537
5.05,1547
5.06,1534
5.07,1535
5.08,1590
5.09,1567
5.1,1585
5.11,1565
5.12,1543
5.13,1569
5.14,1624
5.15,1658
5.16,1636
5.17,1623
5.18,1616
5.19,1653
5.2,1721
5.21,1696
5.22,1671
5.23,1663
5.24,1694
5.25,1736
5.26,1705
5.27,1692
5.28,1671
5.29,1685
5.3,1720
5.31,1713
5.32,1712
5.33,1670
5.34,1707
5.35,1730
5.36,1702
5.37,1679
5.38,1666
5.39,1669
5.4,1727
5.41,1691
5.42,1665
5.43,1637
5.44,1681
5.45,1706
5.46,1712
5.47,1667
5.48,1639
5.49,1637
5.5,1678
5.51,1680
5.52,1656
5.53,1629
5.54,1656
5.55,1696
5.56,1739
5.57,1697
5.58,1682
5.59,1711
5.6,1704
5.61,1719
5.62,1706
5.63,1660
5.64,1722
5.65,1756
5.66,1791
5.67,1767
5.68,1740
5.69,1736
5.7,1757
5.71,1779
5.72,1767
5.73,1718
5.74,1738
5.75,1758
5.76,1769
5.77,1738
5.78,1745
5.79,1719
5.8,1740
5.81,1766
5.82,1760
5.83,1714
5.84,1723
5.85,1776
5.86,1783
5.87,1754
5.88,1732
5.89,1722
5.9,1758
5.91,1814
5.92,1812
5.93,1791
5.94,1771
5.95,1824
5.96,1850
5.97,1839
5.98,1808
5.99,1782
6.0,1826
6.01,1898
6.02,1877
6.03,1880
6.04,1864
6.05,1896
6.06,1921
6.07,1893
6.08,1868
6.09,1868
6.1,1895
6.11,1915
6.12,1912
6.13,1866
6.14,1904
6.15,1924
6.16,1939
6.17,1911
6.18,1907
6.19,1877
6.2,1911
6.21,1911
6.22,1876
6.23,1844
6.24,1855
6.25,1910
6.26,1953
6.27,1924
6.28,1909
6.29,1891
6.3,1934
6.31,1966
6.32,1941
6.33,1906
6.34,1902
6.35,1939
6.36,1956
6.37,1924
6.38,1900
6.39,1878
6.4,1866
6.41,1878
6.42,1886
6.43,1872
6.44,1852
6.45,1842
6.46,1880
6.47,1836
6.48,1815
6.49,1796
6.5,1790
6.51,1889
6.52,1879
6.53,1847
6.54,1812
6.55,1861
6.56,1872
6.57,1864
6.58,1830
6.59,1803
6.6,1814
6.61,1865
6.62,1820
6.63,1787
6.64,1762
6.65,1858
6.66,1881
6.67,1870
6.68,1823
6.69,1794
6.7,1814
6.71,1901
6.72,1885
6.73,1856
6.74,1854
6.75,1936
6.76,1951
6.77,1924
6.78,1897
6.79,1920
6.8,1901
6.81,1943
6.82,1927
6.83,1893
6.84,1864
6.85,1931
6.86,1899
6.87,1866
6.88,1848
6.89,1833
6.9,1832
6.91,1846
6.92,1826
6.93,1799
6.94,1768
6.95,1838
6.96,1812
6.97,1833
6.98,1765
6.99,1787
7.0,1746
7.01,1824
7.02,1861
7.03,1785
7.04,1757
7.05,1758
7.06,1783
7.07,1796
7.08,1780
7.09,1754
7.1,1739
7.11,1746
7.12,1792
7.13,1773
7.14,1743
7.15,1712
7.16,1729
7.17,1745
7.18,1764
7.19,1740
7.2,1720
7.21,1704
7.22,1704
7.23,1705
7.24,1680
7.25,1652
7.26,1628
7.27,1645
7.28,1655
7.29,1644
7.3,1624
7.31,1611
7.32,1603
7.33,1639
7.34,1594
7.35,1611
7.36,1545
7.37,1524
7.38,1610
7.39,1577
7.4,1561
7.41,1549
7.42,1541
7.43,1542
7.44,1523
7.45,1505
7.46,1510
7.47,1454
7.48,1499
7.49,1504
7.5,1505
7.51,1471
7.52,1454
7.53,1448
7.54,1464
7.55,1453
7.56,1456
7.57,1404
7.58,1445
7.59,1470
7.6,1480
7.61,1458
7.62,1446
7.63,1447
7.64,1460
7.65,1464
7.66,1438
7.67,1417
7.68,1425
7.69,1485
7.7,1489
7.71,1504
7.72,1461
7.73,1465
7.74,1503
7.75,1607
7.76,1564
7.77,1541
7.78,1604
7.79,1632
7.8,1605
7.81,1596
7.82,1570
7.83,1567
7.84,1600
7.85,1655
7.86,1639
7.87,1615
7.88,1592
7.89,1646
7.9,1664
7.91,1641
7.92,1621
7.93,1607
7.94,1602
7.95,1653
7.96,1716
7.97,1652
7.98,1624
7.99,1639
8.0,1653
8.01,1645
8.02,1624
8.03,1618
8.04,1601
8.05,1612
8.06,1660
8.07,1632
8.08,1610
8.09,1632
8.1,1633
8.11,1642
8.12,1618
8.13,1603
8.14,1591
8.15,1588
8.16,1641
8.17,1592
8.18,1569
8.19,1553
8.2,1602
8.21,1652
8.22,1646
8.23,1623
8.24,1616
8.25,1640
8.26,1683
8.27,1658
8.28,1643
8.29,1649
8.3,1684
8.31,1693
8.32,1668
8.33,1656
8.34,1664
8.35,1683
8.36,1715
8.37,1697
8.38,1666
8.39,1674
8.4,1720
8.41,1748
8.42,1728
8.43,1711
8.44,1702
8.45,1752
8.46,1765
8.47,1718
8.48,1690
8.49,1722
8.5,1758
8.51,1782
8.52,1760
8.53,1744
8.54,1754
8.55,1786
8.56,1795
8.57,1792
8.58,1776
8.59,1792
8.6,1785
8.61,1819
8.62,1774
8.63,1756
8.64,1746
8.65,1798
8.66,1805
8.67,1792
8.68,1750
8.69,1785
8.7,1841
8.71,1855
8.72,1824
8.73,1780
8.74,1792
8.75,1879
8.76,1881
8.77,1851
8.78,1813
8.79,1866
8.8,1874
8.81,1856
8.82,1856
8.83,1821
8.84,1840
8.85,1870
8.86,1864
8.87,1832
8.88,1808
8.89,1858
8.9,1874
8.91,1849
8.92,1820
8.93,1810
8.94,1825
8.95,1870
8.96,1841
8.97,1824
8.98,1804
8.99,1838
9.0,1903
9.01,1870
9.02,1849
9.03,1846
9.04,1864
9.05,1903
9.06,1880
9.07,1850
9.08,1824
9.09,1866
9.1,1919
9.11,1859
9.12,1818
9.13,1812
9.14,1821
9.15,1868
9.16,1846
9.17,1831
9.18,1815
9.19,1865
9.2,1919
9.21,1892
9.22,1887
9.23,1864
9.24,1877
9.25,1928
9.26,1872
9.27,1819
9.28,1826
9.29,1881
9.3,1879
9.31,1863
9.32,1839
9.33,1832
9.34,1919
9.35,1891
9.36,1859
9.37,1827
9.38,1900
9.39,1926
9.4,1943
9.41,1914
9.42,1893
9.43,1885
9.44,1929
9.45,1944
9.46,1954
9.47,1932
9.48,1897
9.49,1910
9.5,1896
9.51,1867
9.52,1851
9.53,1863
9.54,1848
9.55,1843
9.56,1832
9.57,1792
9.58,1839
9.59,1860
9.6,1845
9.61,1823
9.62,1813
9.63,1841
9.64,1929
9.65,1922
9.66,1896
9.67,1855
9.68,1902
9.69,1935
9.7,1911
9.71,1889
9.72,1872
9.73,1886
9.74,1934
9.75,1919
9.76,1917
9.77,1856
9.78,1916
9.79,1925
9.8,1905
9.81,1883
9.82,1868
9.83,1865
9.84,1918
9.85,1936
9.86,1874
9.87,1837
9.88,1894
9.89,1903
9.9,1879
9.91,1879
9.92,1837
9.93,1835
9.94,1876
9.95,1925
9.96,1919
9.97,1861
9.98,1868
9.99,1894
