0.0,913
0.001,905
0.002,935
0.003,949
0.004,935
0.005,922
0.006,911
0.007,919
0.008,929
0.009,916
0.01,906
0.011,895
0.012,919
0.013,937
0.014,932
0.015,920
0.016,910
0.017,905
0.018,917
0.019,914
0.02,904
0.021,895
0.022,890
0.023,920
0.024,933
0.025,921
0.026,909
0.027,899
0.028,900
0.029,914
0.03,910
0.031,902
0.032,889
0.033,903
0.034,918
0.035,936
0.036,912
0.037,904
0.038,889
0.039,901
0.04,910
0.041,902
0.042,892
0.043,882
0.044,910
0.045,928
0.046,922
0.047,909
0.048,900
0.049,900
0.05,919
0.051,922
0.052,913
0.053,904
0.054,902
0.055,926
0.056,947
0.057,935
0.058,923
0.059,912
0.06,932
0.061,936
0.062,930
0.063,921
0.064,917
0.065,943
0.066,969
0.067,968
0.068,969
0.069,946
0.07,941
0.071,971
0.072,976
0.073,964
0.074,954
0.075,964
0.076,990
0.077,1020
0.078,1023
0.079,994
0.08,984
0.081,1034
0.082,1048
0.083,1034
0.084,1021
0.085,1023
0.086,1064
0.087,1104
0.088,1068
0.089,1052
0.09,1054
0.091,1103
0.092,1263
0.093,1247
0.094,1228
0.095,1217
0.096,1249
0.097,1369
0.098,1363
0.099,1341
0.1,1322
0.101,1333
0.102,1464
0.103,1516
0.104,1481
0.105,1457
0.106,1489
0.107,1518
0.108,1516
0.109,1489
0.11,1465
0.111,1457
0.112,1521
0.113,1583
0.114,1499
0.115,1483
0.116,1502
0.117,1531
0.118,1566
0.119,1538
0.12,1519
0.121,1536
0.122,1664
0.123,1695
0.124,1691
0.125,1679
0.126,1695
0.127,1747
0.128,1769
0.129,1745
0.13,1724
0.131,1722
0.132,1778
0.133,1783
0.134,1760
0.135,1717
0.136,1723
0.137,1809
0.138,1856
0.139,1832
0.14,1807
0.141,1798
0.142,1944
0.143,2006
0.144,1952
0.145,1924
0.146,1960
0.147,1984
0.148,1960
0.149,1928
0.15,1890
0.151,1916
0.152,2016
0.153,1934
0.154,1904
0.155,1907
0.156,1938
0.157,1972
0.158,1941
0.159,1919
0.16,1904
0.161,1917
0.162,1957
0.163,1926
0.164,1898
0.165,1897
0.166,1920
0.167,1893
0.168,1861
0.169,1835
0.17,1808
0.171,1794
0.172,1805
0.173,1777
0.174,1754
0.175,1731
0.176,1745
0.177,1741
0.178,1728
0.179,1695
0.18,1675
0.181,1659
0.182,1666
0.183,1662
0.184,1638
0.185,1628
0.186,1616
0.187,1647
0.188,1607
0.189,1591
0.19,1576
0.191,1563
0.192,1551
0.193,1536
0.194,1535
0.195,1505
0.196,1527
0.197,1537
0.198,1535
0.199,1498
0.2,1476
0.201,1471
0.202,1473
0.203,1473
0.204,1447
0.205,1435
0.206,1438
0.207,1464
0.208,1457
0.209,1436
0.21,1421
0.211,1415
0.212,1403
0.213,1391
0.214,1376
0.215,1358
0.216,1371
0.217,1392
0.218,1395
0.219,1378
0.22,1373
0.221,1382
0.222,1375
0.223,1383
0.224,1376
0.225,1384
0.226,1363
0.227,1397
0.228,1400
0.229,1385
0.23,1369
0.231,1372
0.232,1347
0.233,1392
0.234,1351
0.235,1349
0.236,1377
0.237,1393
0.238,1407
0.239,1388
0.24,1376
0.241,1363
0.242,1370
0.243,1386
0.244,1376
0.245,1408
0.246,1380
0.247,1399
0.248,1397
0.249,1376
0.25,1375
0.251,1368
0.252,1371
0.253,1376
0.254,1343
0.255,1326
0.256,1366
0.257,1402
0.258,1409
0.259,1400
0.26,1380
0.261,1377
0.262,1417
0.263,1432
0.264,1403
0.265,1388
0.266,1436
0.267,1468
0.268,1463
0.269,1435
0.27,1424
0.271,1420
0.272,1456
0.273,1462
0.274,1496
0.275,1467
0.276,1483
0.277,1519
0.278,1475
0.279,1477
0.28,1472
0.281,1468
0.282,1495
0.283,1492
0.284,1500
0.285,1480
0.286,1505
0.287,1528
0.288,1486
0.289,1472
0.29,1479
0.291,1480
0.292,1492
0.293,1466
0.294,1444
0.295,1472
0.296,1535
0.297,1561
0.298,1551
0.299,1568
0.3,1552
0.301,1640
0.302,1760
0.303,1688
0.304,1664
0.305,1669
0.306,1704
0.307,1756
0.308,1732
0.309,1719
0.31,1680
0.311,1687
0.312,1676
0.313,1650
0.314,1636
0.315,1645
0.316,1672
0.317,1710
0.318,1713
0.319,1713
0.32,1711
0.321,1750
0.322,1705
0.323,1680
0.324,1652
0.325,1655
0.326,1664
0.327,1634
0.328,1634
0.329,1632
0.33,1649
0.331,1664
0.332,1672
0.333,1659
0.334,1628
0.335,1672
0.336,1666
0.337,1656
0.338,1636
0.339,1615
0.34,1597
0.341,1626
0.342,1635
0.343,1629
0.344,1605
0.345,1621
0.346,1633
0.347,1618
0.348,1607
0.349,1605
0.35,1583
0.351,1603
0.352,1616
0.353,1603
0.354,1588
0.355,1568
0.356,1574
0.357,1571
0.358,1600
0.359,1592
0.36,1545
0.361,1568
0.362,1528
0.363,1507
0.364,1491
0.365,1499
0.366,1542
0.367,1528
0.368,1511
0.369,1507
0.37,1496
0.371,1475
0.372,1477
0.373,1472
0.374,1463
0.375,1483
0.376,1500
0.377,1514
0.378,1504
0.379,1506
0.38,1502
0.381,1542
0.382,1540
0.383,1528
0.384,1524
0.385,1524
0.386,1528
0.387,1538
0.388,1531
0.389,1536
0.39,1519
0.391,1521
0.392,1499
0.393,1512
0.394,1527
0.395,1496
0.396,1511
0.397,1556
0.398,1557
0.399,1551
0.4,1536
0.401,1521
0.402,1519
0.403,1518
0.404,1500
0.405,1490
0.406,1551
0.407,1568
0.408,1557
0.409,1537
0.41,1527
0.411,1514
0.412,1553
0.413,1546
0.414,1521
0.415,1504
0.416,1562
0.417,1568
0.418,1527
0.419,1521
0.42,1514
0.421,1508
0.422,1510
0.423,1499
0.424,1489
0.425,1467
0.426,1504
0.427,1526
0.428,1536
0.429,1503
0.43,1505
0.431,1491
0.432,1537
0.433,1572
0.434,1575
0.435,1551
0.436,1599
0.437,1579
0.438,1567
0.439,1527
0.44,1509
0.441,1535
0.442,1567
0.443,1568
0.444,1552
0.445,1527
0.446,1538
0.447,1567
0.448,1560
0.449,1536
0.45,1536
0.451,1508
0.452,1520
0.453,1473
0.454,1458
0.455,1475
0.456,1503
0.457,1483
0.458,1468
0.459,1472
0.46,1459
0.461,1467
0.462,1440
0.463,1416
0.464,1421
0.465,1458
0.466,1479
0.467,1472
0.468,1462
0.469,1452
0.47,1463
0.471,1469
0.472,1450
0.473,1444
0.474,1460
0.475,1499
0.476,1518
0.477,1513
0.478,1504
0.479,1504
0.48,1535
0.481,1536
0.482,1504
0.483,1466
0.484,1488
0.485,1496
0.486,1517
0.487,1478
0.488,1472
0.489,1536
0.49,1599
0.491,1550
0.492,1544
0.493,1574
0.494,1634
0.495,1689
0.496,1666
0.497,1647
0.498,1631
0.499,1680
0.5,1696
0.501,1648
0.502,1638
0.503,1666
0.504,1692
0.505,1706
0.506,1699
0.507,1687
0.508,1680
0.509,1695
0.51,1682
0.511,1659
0.512,1647
0.513,1664
0.514,1693
0.515,1693
0.516,1663
0.517,1663
0.518,1653
0.519,1714
0.52,1735
0.521,1678
0.522,1657
0.523,1689
0.524,1696
0.525,1664
0.526,1644
0.527,1629
0.528,1628
0.529,1629
0.53,1610
0.531,1587
0.532,1580
0.533,1608
0.534,1627
0.535,1579
0.536,1560
0.537,1551
0.538,1587
0.539,1573
0.54,1558
0.541,1547
0.542,1559
0.543,1574
0.544,1654
0.545,1629
0.546,1611
0.547,1595
0.548,1615
0.549,1728
0.55,1738
0.551,1719
0.552,1703
0.553,1749
0.554,1844
0.555,1824
0.556,1802
0.557,1784
0.558,1765
0.559,1745
0.56,1729
0.561,1708
0.562,1714
0.563,1703
0.564,1684
0.565,1666
0.566,1648
0.567,1647
0.568,1607
0.569,1588
0.57,1577
0.571,1563
0.572,1586
0.573,1573
0.574,1549
0.575,1530
0.576,1505
0.577,1536
0.578,1511
0.579,1496
0.58,1479
0.581,1493
0.582,1496
0.583,1483
0.584,1456
0.585,1437
0.586,1429
0.587,1460
0.588,1479
0.589,1449
0.59,1448
0.591,1487
0.592,1479
0.593,1469
0.594,1448
0.595,1437
0.596,1458
0.597,1494
0.598,1504
0.599,1456
0.6,1451
0.601,1482
0.602,1532
0.603,1514
0.604,1503
0.605,1494
0.606,1554
0.607,1528
0.608,1506
0.609,1480
0.61,1536
0.611,1565
0.612,1554
0.613,1533
0.614,1514
0.615,1517
0.616,1619
0.617,1616
0.618,1603
0.619,1610
0.62,1655
0.621,1734
0.622,1710
0.623,1691
0.624,1680
0.625,1783
0.626,1858
0.627,1828
0.628,1812
0.629,1855
0.63,1884
0.631,1802
0.632,1774
0.633,1751
0.634,1791
0.635,1856
0.636,1802
0.637,1780
0.638,1770
0.639,1816
0.64,1908
0.641,1881
0.642,1859
0.643,1840
0.644,1876
0.645,1942
0.646,1897
0.647,1872
0.648,1900
0.649,1975
0.65,1992
0.651,1958
0.652,1934
0.653,1920
0.654,1930
0.655,1899
0.656,1868
0.657,1839
0.658,1876
0.659,1897
0.66,1892
0.661,1864
0.662,1835
0.663,1837
0.664,1936
0.665,1948
0.666,1921
0.667,1901
0.668,1920
0.669,1926
0.67,1872
0.671,1856
0.672,1830
0.673,1918
0.674,1960
0.675,1927
0.676,1896
0.677,1904
0.678,1920
0.679,1872
0.68,1847
0.681,1844
0.682,1838
0.683,1888
0.684,1884
0.685,1860
0.686,1843
0.687,1860
0.688,1885
0.689,1867
0.69,1838
0.691,1832
0.692,1856
0.693,1855
0.694,1872
0.695,1823
0.696,1811
0.697,1833
0.698,1898
0.699,1865
0.7,1837
0.701,1820
0.702,1840
0.703,1818
0.704,1801
0.705,1763
0.706,1808
0.707,1872
0.708,1880
0.709,1811
0.71,1788
0.711,1796
0.712,1899
0.713,1870
0.714,1861
0.715,1866
0.716,1868
0.717,1863
0.718,1838
0.719,1814
0.72,1800
0.721,1857
0.722,1879
0.723,1856
0.724,1824
0.725,1853
0.726,1852
0.727,1832
0.728,1825
0.729,1792
0.73,1836
0.731,1916
0.732,1912
0.733,1871
0.734,1843
0.735,1863
0.736,1928
0.737,1921
0.738,1936
0.739,1889
0.74,1929
0.741,1998
0.742,1984
0.743,1955
0.744,1953
0.745,2040
0.746,2089
0.747,2059
0.748,2033
0.749,2016
0.75,2000
0.751,1970
0.752,1943
0.753,1919
0.754,1906
0.755,1938
0.756,1970
0.757,1940
0.758,1916
0.759,1896
0.76,1886
0.761,1896
0.762,1860
0.763,1846
0.764,1844
0.765,1848
0.766,1829
0.767,1811
0.768,1795
0.769,1782
0.77,1763
0.771,1743
0.772,1729
0.773,1712
0.774,1700
0.775,1722
0.776,1712
0.777,1691
0.778,1678
0.779,1669
0.78,1654
0.781,1639
0.782,1618
0.783,1622
0.784,1610
0.785,1591
0.786,1578
0.787,1576
0.788,1552
0.789,1554
0.79,1567
0.791,1532
0.792,1518
0.793,1552
0.794,1556
0.795,1560
0.796,1529
0.797,1516
0.798,1536
0.799,1498
0.8,1488
0.801,1470
0.802,1502
0.803,1552
0.804,1551
0.805,1514
0.806,1503
0.807,1535
0.808,1580
0.809,1536
0.81,1536
0.811,1580
0.812,1583
0.813,1562
0.814,1560
0.815,1535
0.816,1598
0.817,1686
0.818,1648
0.819,1631
0.82,1652
0.821,1653
0.822,1636
0.823,1628
0.824,1604
0.825,1648
0.826,1700
0.827,1723
0.828,1702
0.829,1652
0.83,1682
0.831,1672
0.832,1680
0.833,1644
0.834,1627
0.835,1617
0.836,1636
0.837,1616
0.838,1594
0.839,1600
0.84,1638
0.841,1656
0.842,1660
0.843,1628
0.844,1620
0.845,1616
0.846,1612
0.847,1585
0.848,1572
0.849,1581
0.85,1576
0.851,1556
0.852,1540
0.853,1539
0.854,1536
0.855,1498
0.856,1491
0.857,1487
0.858,1501
0.859,1507
0.86,1500
0.861,1499
0.862,1480
0.863,1484
0.864,1536
0.865,1537
0.866,1532
0.867,1524
0.868,1549
0.869,1541
0.87,1521
0.871,1512
0.872,1500
0.873,1504
0.874,1538
0.875,1526
0.876,1518
0.877,1513
0.878,1538
0.879,1557
0.88,1544
0.881,1529
0.882,1527
0.883,1508
0.884,1499
0.885,1494
0.886,1493
0.887,1504
0.888,1509
0.889,1511
0.89,1470
0.891,1456
0.892,1443
0.893,1430
0.894,1436
0.895,1467
0.896,1440
0.897,1471
0.898,1456
0.899,1440
0.9,1415
0.901,1405
0.902,1396
0.903,1384
0.904,1382
0.905,1385
0.906,1391
0.907,1431
0.908,1401
0.909,1380
0.91,1357
0.911,1349
0.912,1344
0.913,1337
0.914,1343
0.915,1376
0.916,1416
0.917,1392
0.918,1382
0.919,1356
0.92,1343
0.921,1329
0.922,1341
0.923,1349
0.924,1364
0.925,1375
0.926,1407
0.927,1459
0.928,1446
0.929,1391
0.93,1369
0.931,1367
0.932,1365
0.933,1384
0.934,1407
0.935,1456
0.936,1472
0.937,1482
0.938,1430
0.939,1412
0.94,1409
0.941,1395
0.942,1424
0.943,1415
0.944,1435
0.945,1476
0.946,1476
0.947,1464
0.948,1450
0.949,1414
0.95,1414
0.951,1423
0.952,1431
0.953,1455
0.954,1496
0.955,1479
0.956,1450
0.957,1432
0.958,1422
0.959,1422
0.96,1440
0.961,1462
0.962,1482
0.963,1528
0.964,1503
0.965,1484
0.966,1457
0.967,1441
0.968,1445
0.969,1440
0.97,1472
0.971,1478
0.972,1542
0.973,1529
0.974,1512
0.975,1480
0.976,1461
0.977,1474
0.978,1458
0.979,1492
0.98,1514
0.981,1576
0.982,1567
0.983,1540
0.984,1521
0.985,1491
0.986,1504
0.987,1484
0.988,1501
0.989,1518
0.99,1580
0.991,1599
0.992,1537
0.993,1523
0.994,1535
0.995,1530
0.996,1527
0.997,1512
0.998,1524
0.999,1563
