0.0,968
0.001,964
0.002,983
0.003,987
0.004,953
0.005,948
0.006,979
0.007,990
0.008,987
0.009,991
0.01,991
0.011,970
0.012,986
0.013,980
0.014,967
0.015,961
0.016,993
0.017,1013
0.018,1001
0.019,990
0.02,983
0.021,1008
0.022,1069
0.023,1066
0.024,1052
0.025,1037
0.026,1063
0.027,1100
0.028,1111
0.029,1094
0.03,1082
0.031,1088
0.032,1101
0.033,1098
0.034,1069
0.035,1060
0.036,1087
0.037,1089
0.038,1083
0.039,1069
0.04,1060
0.041,1054
0.042,1063
0.043,1078
0.044,1067
0.045,1039
0.046,1052
0.047,1069
0.048,1065
0.049,1055
0.05,1045
0.051,1041
0.052,1049
0.053,1042
0.054,1028
0.055,1017
0.056,1036
0.057,1048
0.058,1059
0.059,1036
0.06,1024
0.061,1011
0.062,1027
0.063,1038
0.064,1019
0.065,1032
0.066,1033
0.067,1054
0.068,1058
0.069,1050
0.07,1041
0.071,1034
0.072,1051
0.073,1065
0.074,1062
0.075,1052
0.076,1084
0.077,1101
0.078,1106
0.079,1100
0.08,1074
0.081,1072
0.082,1076
0.083,1066
0.084,1055
0.085,1046
0.086,1071
0.087,1089
0.088,1095
0.089,1082
0.09,1071
0.091,1072
0.092,1076
0.093,1070
0.094,1059
0.095,1053
0.096,1066
0.097,1081
0.098,1088
0.099,1069
0.1,1056
0.101,1075
0.102,1086
0.103,1051
0.104,1071
0.105,1037
0.106,1056
0.107,1070
0.108,1085
0.109,1058
0.11,1044
0.111,1037
0.112,1046
0.113,1049
0.114,1039
0.115,1031
0.116,1057
0.117,1075
0.118,1081
0.119,1071
0.12,1070
0.121,1071
0.122,1082
0.123,1077
0.124,1065
0.125,1059
0.126,1110
0.127,1100
0.128,1115
0.129,1098
0.13,1105
0.131,1092
0.132,1122
0.133,1118
0.134,1104
0.135,1095
0.136,1126
0.137,1151
0.138,1164
0.139,1150
0.14,1148
0.141,1152
0.142,1151
0.143,1154
0.144,1140
0.145,1126
0.146,1138
0.147,1160
0.148,1183
0.149,1181
0.15,1184
0.151,1184
0.152,1193
0.153,1205
0.154,1194
0.155,1187
0.156,1194
0.157,1205
0.158,1206
0.159,1215
0.16,1194
0.161,1190
0.162,1214
0.163,1224
0.164,1206
0.165,1205
0.166,1226
0.167,1277
0.168,1285
0.169,1263
0.17,1244
0.171,1241
0.172,1272
0.173,1266
0.174,1274
0.175,1264
0.176,1296
0.177,1305
0.178,1306
0.179,1292
0.18,1275
0.181,1265
0.182,1282
0.183,1275
0.184,1283
0.185,1281
0.186,1302
0.187,1303
0.188,1298
0.189,1288
0.19,1282
0.191,1292
0.192,1321
0.193,1316
0.194,1331
0.195,1294
0.196,1344
0.197,1341
0.198,1333
0.199,1325
0.2,1308
0.201,1324
0.202,1344
0.203,1331
0.204,1312
0.205,1307
0.206,1337
0.207,1399
0.208,1400
0.209,1416
0.21,1413
0.211,1432
0.212,1423
0.213,1410
0.214,1383
0.215,1385
0.216,1410
0.217,1432
0.218,1417
0.219,1380
0.22,1384
0.221,1388
0.222,1384
0.223,1380
0.224,1385
0.225,1425
0.226,1436
0.227,1430
0.228,1409
0.229,1416
0.23,1400
0.231,1387
0.232,1372
0.233,1356
0.234,1368
0.235,1398
0.236,1396
0.237,1408
0.238,1392
0.239,1374
0.24,1362
0.241,1376
0.242,1377
0.243,1368
0.244,1352
0.245,1373
0.246,1371
0.247,1368
0.248,1356
0.249,1372
0.25,1379
0.251,1382
0.252,1373
0.253,1382
0.254,1390
0.255,1442
0.256,1422
0.257,1408
0.258,1392
0.259,1379
0.26,1366
0.261,1385
0.262,1387
0.263,1386
0.264,1378
0.265,1404
0.266,1404
0.267,1395
0.268,1387
0.269,1379
0.27,1360
0.271,1354
0.272,1374
0.273,1380
0.274,1354
0.275,1350
0.276,1355
0.277,1356
0.278,1383
0.279,1395
0.28,1408
0.281,1398
0.282,1408
0.283,1400
0.284,1420
0.285,1420
0.286,1486
0.287,1491
0.288,1496
0.289,1477
0.29,1490
0.291,1486
0.292,1473
0.293,1479
0.294,1465
0.295,1445
0.296,1449
0.297,1500
0.298,1504
0.299,1542
0.3,1571
0.301,1568
0.302,1573
0.303,1581
0.304,1534
0.305,1549
0.306,1600
0.307,1585
0.308,1560
0.309,1567
0.31,1567
0.311,1575
0.312,1570
0.313,1561
0.314,1545
0.315,1536
0.316,1521
0.317,1558
0.318,1565
0.319,1600
0.32,1580
0.321,1583
0.322,1582
0.323,1586
0.324,1573
0.325,1609
0.326,1630
0.327,1652
0.328,1664
0.329,1644
0.33,1655
0.331,1660
0.332,1659
0.333,1693
0.334,1664
0.335,1703
0.336,1748
0.337,1706
0.338,1707
0.339,1698
0.34,1724
0.341,1721
0.342,1726
0.343,1701
0.344,1704
0.345,1730
0.346,1761
0.347,1798
0.348,1784
0.349,1764
0.35,1736
0.351,1768
0.352,1775
0.353,1743
0.354,1753
0.355,1761
0.356,1762
0.357,1771
0.358,1792
0.359,1819
0.36,1822
0.361,1820
0.362,1831
0.363,1810
0.364,1814
0.365,1848
0.366,1827
0.367,1804
0.368,1790
0.369,1776
0.37,1780
0.371,1834
0.372,1826
0.373,1827
0.374,1838
0.375,1870
0.376,1859
0.377,1847
0.378,1842
0.379,1828
0.38,1839
0.381,1856
0.382,1856
0.383,1824
0.384,1808
0.385,1809
0.386,1881
0.387,1888
0.388,1918
0.389,1944
0.39,1938
0.391,1958
0.392,2008
0.393,2041
0.394,2053
0.395,2079
0.396,2072
0.397,2037
0.398,2050
0.399,2064
0.4,2048
0.401,2031
0.402,1999
0.403,1989
0.404,2004
0.405,2004
0.406,1961
0.407,1956
0.408,1929
0.409,1893
0.41,1871
0.411,1863
0.412,1879
0.413,1879
0.414,1894
0.415,1920
0.416,1918
0.417,1896
0.418,1876
0.419,1864
0.42,1844
0.421,1848
0.422,1825
0.423,1823
0.424,1857
0.425,1849
0.426,1836
0.427,1821
0.428,1796
0.429,1800
0.43,1795
0.431,1799
0.432,1793
0.433,1789
0.434,1804
0.435,1792
0.436,1759
0.437,1751
0.438,1748
0.439,1769
0.44,1758
0.441,1740
0.442,1724
0.443,1748
0.444,1738
0.445,1728
0.446,1708
0.447,1681
0.448,1675
0.449,1680
0.45,1718
0.451,1700
0.452,1696
0.453,1712
0.454,1744
0.455,1719
0.456,1705
0.457,1705
0.458,1717
0.459,1773
0.46,1848
0.461,1832
0.462,1816
0.463,1844
0.464,1862
0.465,1876
0.466,1863
0.467,1855
0.468,1855
0.469,1909
0.47,1941
0.471,1923
0.472,1919
0.473,1943
0.474,1944
0.475,1929
0.476,1913
0.477,1913
0.478,1931
0.479,1887
0.48,1883
0.481,1871
0.482,1856
0.483,1880
0.484,1868
0.485,1842
0.486,1826
0.487,1823
0.488,1816
0.489,1808
0.49,1774
0.491,1760
0.492,1760
0.493,1778
0.494,1781
0.495,1765
0.496,1764
0.497,1772
0.498,1792
0.499,1732
0.5,1718
0.501,1704
0.502,1686
0.503,1677
0.504,1685
0.505,1681
0.506,1672
0.507,1679
0.508,1674
0.509,1703
0.51,1823
0.511,1808
0.512,1794
0.513,1784
0.514,1813
0.515,1813
0.516,1795
0.517,1840
0.518,1778
0.519,1782
0.52,1764
0.521,1776
0.522,1746
0.523,1792
0.524,1769
0.525,1755
0.526,1735
0.527,1719
0.528,1710
0.529,1706
0.53,1692
0.531,1677
0.532,1663
0.533,1675
0.534,1684
0.535,1681
0.536,1677
0.537,1651
0.538,1672
0.539,1624
0.54,1608
0.541,1600
0.542,1596
0.543,1591
0.544,1624
0.545,1615
0.546,1599
0.547,1583
0.548,1573
0.549,1557
0.55,1543
0.551,1537
0.552,1532
0.553,1526
0.554,1564
0.555,1570
0.556,1534
0.557,1538
0.558,1536
0.559,1509
0.56,1519
0.561,1481
0.562,1488
0.563,1479
0.564,1519
0.565,1492
0.566,1476
0.567,1483
0.568,1469
0.569,1455
0.57,1472
0.571,1430
0.572,1416
0.573,1405
0.574,1432
0.575,1440
0.576,1424
0.577,1416
0.578,1438
0.579,1401
0.58,1394
0.581,1402
0.582,1391
0.583,1407
0.584,1412
0.585,1431
0.586,1401
0.587,1395
0.588,1385
0.589,1394
0.59,1389
0.591,1371
0.592,1357
0.593,1388
0.594,1408
0.595,1425
0.596,1408
0.597,1389
0.598,1388
0.599,1404
0.6,1406
0.601,1386
0.602,1367
0.603,1384
0.604,1413
0.605,1449
0.606,1419
0.607,1408
0.608,1393
0.609,1423
0.61,1422
0.611,1398
0.612,1392
0.613,1432
0.614,1427
0.615,1417
0.616,1401
0.617,1424
0.618,1407
0.619,1406
0.62,1390
0.621,1385
0.622,1377
0.623,1411
0.624,1421
0.625,1444
0.626,1398
0.627,1381
0.628,1383
0.629,1403
0.63,1385
0.631,1374
0.632,1372
0.633,1395
0.634,1412
0.635,1396
0.636,1384
0.637,1377
0.638,1384
0.639,1416
0.64,1412
0.641,1391
0.642,1385
0.643,1420
0.644,1458
0.645,1454
0.646,1412
0.647,1401
0.648,1411
0.649,1420
0.65,1398
0.651,1391
0.652,1407
0.653,1421
0.654,1422
0.655,1418
0.656,1396
0.657,1397
0.658,1416
0.659,1410
0.66,1396
0.661,1388
0.662,1414
0.663,1419
0.664,1414
0.665,1398
0.666,1388
0.667,1380
0.668,1457
0.669,1484
0.67,1467
0.671,1456
0.672,1472
0.673,1487
0.674,1493
0.675,1470
0.676,1455
0.677,1442
0.678,1475
0.679,1502
0.68,1484
0.681,1470
0.682,1486
0.683,1508
0.684,1523
0.685,1467
0.686,1452
0.687,1440
0.688,1464
0.689,1453
0.69,1437
0.691,1423
0.692,1456
0.693,1451
0.694,1446
0.695,1427
0.696,1418
0.697,1418
0.698,1416
0.699,1405
0.7,1385
0.701,1388
0.702,1407
0.703,1478
0.704,1466
0.705,1468
0.706,1439
0.707,1439
0.708,1453
0.709,1432
0.71,1420
0.711,1432
0.712,1450
0.713,1487
0.714,1468
0.715,1455
0.716,1441
0.717,1450
0.718,1475
0.719,1472
0.72,1441
0.721,1472
0.722,1467
0.723,1492
0.724,1470
0.725,1479
0.726,1439
0.727,1488
0.728,1444
0.729,1432
0.73,1415
0.731,1441
0.732,1447
0.733,1442
0.734,1421
0.735,1415
0.736,1411
0.737,1443
0.738,1471
0.739,1452
0.74,1439
0.741,1432
0.742,1488
0.743,1503
0.744,1511
0.745,1496
0.746,1488
0.747,1471
0.748,1466
0.749,1480
0.75,1497
0.751,1481
0.752,1466
0.753,1454
0.754,1466
0.755,1479
0.756,1481
0.757,1468
0.758,1453
0.759,1443
0.76,1437
0.761,1427
0.762,1428
0.763,1427
0.764,1414
0.765,1407
0.766,1395
0.767,1403
0.768,1414
0.769,1419
0.77,1404
0.771,1392
0.772,1389
0.773,1385
0.774,1375
0.775,1370
0.776,1366
0.777,1361
0.778,1360
0.779,1331
0.78,1347
0.781,1390
0.782,1367
0.783,1352
0.784,1349
0.785,1344
0.786,1340
0.787,1334
0.788,1349
0.789,1356
0.79,1342
0.791,1337
0.792,1364
0.793,1355
0.794,1367
0.795,1387
0.796,1368
0.797,1355
0.798,1349
0.799,1360
0.8,1340
0.801,1349
0.802,1351
0.803,1305
0.804,1296
0.805,1304
0.806,1322
0.807,1333
0.808,1320
0.809,1311
0.81,1304
0.811,1296
0.812,1304
0.813,1290
0.814,1271
0.815,1264
0.816,1295
0.817,1312
0.818,1299
0.819,1298
0.82,1280
0.821,1280
0.822,1298
0.823,1286
0.824,1274
0.825,1279
0.826,1304
0.827,1312
0.828,1298
0.829,1288
0.83,1282
0.831,1284
0.832,1288
0.833,1271
0.834,1263
0.835,1271
0.836,1290
0.837,1312
0.838,1304
0.839,1289
0.84,1284
0.841,1288
0.842,1291
0.843,1276
0.844,1263
0.845,1268
0.846,1285
0.847,1305
0.848,1289
0.849,1281
0.85,1277
0.851,1271
0.852,1283
0.853,1269
0.854,1257
0.855,1276
0.856,1282
0.857,1284
0.858,1274
0.859,1268
0.86,1259
0.861,1256
0.862,1265
0.863,1259
0.864,1244
0.865,1244
0.866,1266
0.867,1266
0.868,1252
0.869,1249
0.87,1243
0.871,1232
0.872,1231
0.873,1221
0.874,1209
0.875,1198
0.876,1231
0.877,1247
0.878,1234
0.879,1225
0.88,1219
0.881,1245
0.882,1228
0.883,1217
0.884,1208
0.885,1209
0.886,1243
0.887,1248
0.888,1228
0.889,1214
0.89,1216
0.891,1223
0.892,1251
0.893,1236
0.894,1224
0.895,1240
0.896,1258
0.897,1270
0.898,1251
0.899,1235
0.9,1230
0.901,1264
0.902,1279
0.903,1268
0.904,1258
0.905,1262
0.906,1300
0.907,1316
0.908,1311
0.909,1283
0.91,1277
0.911,1332
0.912,1371
0.913,1351
0.914,1341
0.915,1356
0.916,1383
0.917,1388
0.918,1380
0.919,1375
0.92,1361
0.921,1396
0.922,1390
0.923,1373
0.924,1357
0.925,1408
0.926,1413
0.927,1416
0.928,1391
0.929,1378
0.93,1374
0.931,1398
0.932,1410
0.933,1393
0.934,1387
0.935,1425
0.936,1424
0.937,1412
0.938,1412
0.939,1381
0.94,1392
0.941,1435
0.942,1407
0.943,1403
0.944,1414
0.945,1428
0.946,1450
0.947,1431
0.948,1418
0.949,1430
0.95,1431
0.951,1422
0.952,1433
0.953,1393
0.954,1439
0.955,1492
0.956,1492
0.957,1486
0.958,1460
0.959,1455
0.96,1466
0.961,1444
0.962,1425
0.963,1440
0.964,1487
0.965,1510
0.966,1495
0.967,1481
0.968,1474
0.969,1487
0.97,1528
0.971,1472
0.972,1478
0.973,1492
0.974,1514
0.975,1486
0.976,1471
0.977,1471
0.978,1453
0.979,1524
0.98,1521
0.981,1508
0.982,1508
0.983,1524
0.984,1560
0.985,1535
0.986,1492
0.987,1480
0.988,1479
0.989,1518
0.99,1506
0.991,1497
0.992,1479
0.993,1540
0.994,1536
0.995,1524
0.996,1488
0.997,1478
0.998,1479
0.999,1518
