0.0,980
0.001,975
0.002,979
0.003,952
0.004,974
0.005,1004
0.006,1000
0.007,992
0.008,992
0.009,968
0.01,992
0.011,984
0.012,970
0.013,960
0.014,962
0.015,989
0.016,1001
0.017,990
0.018,978
0.019,970
0.02,976
0.021,1000
0.022,996
0.023,983
0.024,997
0.025,992
0.026,1011
0.027,1055
0.028,1017
0.029,1006
0.03,1009
0.031,1071
0.032,1120
0.033,1127
0.034,1090
0.035,1107
0.036,1162
0.037,1195
0.038,1178
0.039,1165
0.04,1160
0.041,1263
0.042,1362
0.043,1356
0.044,1326
0.045,1348
0.046,1344
0.047,1344
0.048,1328
0.049,1306
0.05,1295
0.051,1307
0.052,1344
0.053,1322
0.054,1299
0.055,1298
0.056,1324
0.057,1345
0.058,1334
0.059,1313
0.06,1300
0.061,1332
0.062,1371
0.063,1360
0.064,1340
0.065,1319
0.066,1350
0.067,1436
0.068,1502
0.069,1495
0.07,1457
0.071,1430
0.072,1424
0.073,1411
0.074,1408
0.075,1370
0.076,1386
0.077,1414
0.078,1421
0.079,1404
0.08,1394
0.081,1379
0.082,1433
0.083,1472
0.084,1472
0.085,1412
0.086,1425
0.087,1487
0.088,1476
0.089,1457
0.09,1435
0.091,1415
0.092,1487
0.093,1501
0.094,1510
0.095,1521
0.096,1496
0.097,1470
0.098,1448
0.099,1471
0.1,1522
0.101,1512
0.102,1499
0.103,1486
0.104,1511
0.105,1535
0.106,1524
0.107,1489
0.108,1477
0.109,1518
0.11,1535
0.111,1536
0.112,1484
0.113,1496
0.114,1521
0.115,1599
0.116,1561
0.117,1546
0.118,1551
0.119,1562
0.12,1576
0.121,1553
0.122,1526
0.123,1537
0.124,1552
0.125,1572
0.126,1542
0.127,1518
0.128,1503
0.129,1518
0.13,1520
0.131,1504
0.132,1485
0.133,1499
0.134,1551
0.135,1536
0.136,1503
0.137,1514
0.138,1496
0.139,1557
0.14,1577
0.141,1550
0.142,1525
0.143,1545
0.144,1543
0.145,1531
0.146,1535
0.147,1503
0.148,1503
0.149,1536
0.15,1504
0.151,1484
0.152,1492
0.153,1509
0.154,1535
0.155,1508
0.156,1486
0.157,1481
0.158,1502
0.159,1544
0.16,1511
0.161,1497
0.162,1513
0.163,1545
0.164,1589
0.165,1585
0.166,1530
0.167,1510
0.168,1529
0.169,1536
0.17,1543
0.171,1599
0.172,1598
0.173,1625
0.174,1660
0.175,1626
0.176,1595
0.177,1581
0.178,1599
0.179,1588
0.18,1568
0.181,1552
0.182,1588
0.183,1605
0.184,1598
0.185,1580
0.186,1560
0.187,1540
0.188,1563
0.189,1613
0.19,1600
0.191,1604
0.192,1604
0.193,1618
0.194,1621
0.195,1643
0.196,1616
0.197,1594
0.198,1595
0.199,1590
0.2,1576
0.201,1562
0.202,1552
0.203,1569
0.204,1579
0.205,1569
0.206,1558
0.207,1550
0.208,1556
0.209,1560
0.21,1550
0.211,1526
0.212,1512
0.213,1557
0.214,1580
0.215,1606
0.216,1584
0.217,1568
0.218,1553
0.219,1550
0.22,1541
0.221,1556
0.222,1516
0.223,1520
0.224,1531
0.225,1600
0.226,1577
0.227,1552
0.228,1544
0.229,1546
0.23,1572
0.231,1547
0.232,1528
0.233,1510
0.234,1532
0.235,1545
0.236,1535
0.237,1540
0.238,1536
0.239,1555
0.24,1598
0.241,1570
0.242,1548
0.243,1549
0.244,1560
0.245,1562
0.246,1554
0.247,1546
0.248,1525
0.249,1568
0.25,1609
0.251,1600
0.252,1566
0.253,1548
0.254,1586
0.255,1675
0.256,1701
0.257,1748
0.258,1706
0.259,1734
0.26,1757
0.261,1726
0.262,1728
0.263,1740
0.264,1771
0.265,1817
0.266,1809
0.267,1754
0.268,1776
0.269,1768
0.27,1792
0.271,1767
0.272,1808
0.273,1808
0.274,1855
0.275,1913
0.276,1885
0.277,1862
0.278,1863
0.279,1903
0.28,2024
0.281,1983
0.282,1930
0.283,1995
0.284,1935
0.285,1897
0.286,1868
0.287,1862
0.288,1956
0.289,1964
0.29,1931
0.291,1920
0.292,1940
0.293,1925
0.294,1909
0.295,1920
0.296,1892
0.297,1979
0.298,2043
0.299,2019
0.3,2005
0.301,2008
0.302,2012
0.303,2011
0.304,2016
0.305,1978
0.306,1951
0.307,1941
0.308,1925
0.309,1951
0.31,1916
0.311,1958
0.312,1941
0.313,1915
0.314,1904
0.315,1878
0.316,1851
0.317,1851
0.318,1830
0.319,1795
0.32,1778
0.321,1827
0.322,1836
0.323,1852
0.324,1792
0.325,1741
0.326,1732
0.327,1713
0.328,1698
0.329,1681
0.33,1655
0.331,1658
0.332,1650
0.333,1629
0.334,1624
0.335,1610
0.336,1585
0.337,1574
0.338,1600
0.339,1546
0.34,1587
0.341,1576
0.342,1572
0.343,1552
0.344,1552
0.345,1536
0.346,1516
0.347,1546
0.348,1548
0.349,1530
0.35,1518
0.351,1523
0.352,1509
0.353,1505
0.354,1500
0.355,1504
0.356,1480
0.357,1478
0.358,1454
0.359,1436
0.36,1439
0.361,1454
0.362,1468
0.363,1463
0.364,1507
0.365,1476
0.366,1476
0.367,1460
0.368,1462
0.369,1465
0.37,1474
0.371,1548
0.372,1559
0.373,1593
0.374,1593
0.375,1581
0.376,1614
0.377,1587
0.378,1580
0.379,1559
0.38,1588
0.381,1631
0.382,1592
0.383,1578
0.384,1582
0.385,1603
0.386,1567
0.387,1561
0.388,1566
0.389,1543
0.39,1554
0.391,1564
0.392,1600
0.393,1638
0.394,1609
0.395,1593
0.396,1604
0.397,1607
0.398,1620
0.399,1646
0.4,1652
0.401,1639
0.402,1632
0.403,1612
0.404,1600
0.405,1654
0.406,1659
0.407,1723
0.408,1792
0.409,1762
0.41,1730
0.411,1728
0.412,1747
0.413,1736
0.414,1744
0.415,1690
0.416,1664
0.417,1687
0.418,1718
0.419,1760
0.42,1789
0.421,1840
0.422,1814
0.423,1808
0.424,1845
0.425,1935
0.426,2000
0.427,2032
0.428,2013
0.429,2020
0.43,1931
0.431,1894
0.432,1918
0.433,2014
0.434,2016
0.435,1996
0.436,2096
0.437,2080
0.438,2105
0.439,2080
0.44,2009
0.441,2005
0.442,2096
0.443,2098
0.444,2117
0.445,2164
0.446,2151
0.447,2175
0.448,2182
0.449,2178
0.45,2173
0.451,2208
0.452,2216
0.453,2236
0.454,2166
0.455,2159
0.456,2152
0.457,2174
0.458,2115
0.459,2094
0.46,2108
0.461,2108
0.462,2081
0.463,2062
0.464,2096
0.465,2144
0.466,2160
0.467,2080
0.468,2033
0.469,2014
0.47,1985
0.471,1951
0.472,1926
0.473,1913
0.474,1983
0.475,1936
0.476,1926
0.477,1913
0.478,1894
0.479,1870
0.48,1843
0.481,1826
0.482,1813
0.483,1803
0.484,1817
0.485,1809
0.486,1812
0.487,1807
0.488,1797
0.489,1800
0.49,1776
0.491,1784
0.492,1760
0.493,1791
0.494,1773
0.495,1750
0.496,1721
0.497,1701
0.498,1689
0.499,1694
0.5,1633
0.501,1616
0.502,1645
0.503,1634
0.504,1620
0.505,1625
0.506,1624
0.507,1603
0.508,1587
0.509,1582
0.51,1584
0.511,1580
0.512,1599
0.513,1605
0.514,1589
0.515,1567
0.516,1554
0.517,1540
0.518,1530
0.519,1521
0.52,1551
0.521,1514
0.522,1564
0.523,1520
0.524,1502
0.525,1501
0.526,1515
0.527,1506
0.528,1492
0.529,1503
0.53,1472
0.531,1504
0.532,1488
0.533,1484
0.534,1477
0.535,1479
0.536,1503
0.537,1483
0.538,1460
0.539,1439
0.54,1481
0.541,1482
0.542,1442
0.543,1422
0.544,1413
0.545,1446
0.546,1444
0.547,1433
0.548,1448
0.549,1451
0.55,1439
0.551,1460
0.552,1444
0.553,1439
0.554,1438
0.555,1446
0.556,1434
0.557,1428
0.558,1421
0.559,1432
0.56,1443
0.561,1444
0.562,1426
0.563,1420
0.564,1402
0.565,1396
0.566,1386
0.567,1396
0.568,1373
0.569,1382
0.57,1386
0.571,1373
0.572,1365
0.573,1354
0.574,1336
0.575,1326
0.576,1319
0.577,1306
0.578,1310
0.579,1298
0.58,1301
0.581,1298
0.582,1280
0.583,1264
0.584,1248
0.585,1241
0.586,1243
0.587,1215
0.588,1191
0.589,1194
0.59,1222
0.591,1223
0.592,1242
0.593,1216
0.594,1242
0.595,1279
0.596,1261
0.597,1264
0.598,1261
0.599,1298
0.6,1326
0.601,1334
0.602,1334
0.603,1399
0.604,1420
0.605,1424
0.606,1409
0.607,1403
0.608,1434
0.609,1455
0.61,1433
0.611,1427
0.612,1455
0.613,1471
0.614,1436
0.615,1416
0.616,1410
0.617,1442
0.618,1462
0.619,1471
0.62,1420
0.621,1415
0.622,1453
0.623,1489
0.624,1480
0.625,1450
0.626,1472
0.627,1508
0.628,1488
0.629,1443
0.63,1431
0.631,1449
0.632,1490
0.633,1497
0.634,1442
0.635,1484
0.636,1486
0.637,1469
0.638,1449
0.639,1453
0.64,1492
0.641,1476
0.642,1494
0.643,1425
0.644,1428
0.645,1468
0.646,1476
0.647,1452
0.648,1424
0.649,1450
0.65,1492
0.651,1466
0.652,1441
0.653,1438
0.654,1462
0.655,1479
0.656,1456
0.657,1431
0.658,1413
0.659,1468
0.66,1444
0.661,1428
0.662,1402
0.663,1449
0.664,1435
0.665,1414
0.666,1388
0.667,1368
0.668,1388
0.669,1398
0.67,1378
0.671,1353
0.672,1355
0.673,1360
0.674,1370
0.675,1343
0.676,1296
0.677,1313
0.678,1332
0.679,1313
0.68,1295
0.681,1295
0.682,1304
0.683,1283
0.684,1262
0.685,1244
0.686,1267
0.687,1295
0.688,1261
0.689,1240
0.69,1253
0.691,1346
0.692,1344
0.693,1304
0.694,1293
0.695,1309
0.696,1328
0.697,1288
0.698,1264
0.699,1271
0.7,1296
0.701,1303
0.702,1296
0.703,1253
0.704,1261
0.705,1287
0.706,1255
0.707,1232
0.708,1244
0.709,1257
0.71,1270
0.711,1251
0.712,1237
0.713,1227
0.714,1273
0.715,1282
0.716,1257
0.717,1241
0.718,1252
0.719,1250
0.72,1233
0.721,1220
0.722,1207
0.723,1200
0.724,1241
0.725,1198
0.726,1191
0.727,1194
0.728,1202
0.729,1197
0.73,1182
0.731,1195
0.732,1167
0.733,1189
0.734,1179
0.735,1165
0.736,1155
0.737,1176
0.738,1220
0.739,1227
0.74,1216
0.741,1238
0.742,1204
0.743,1219
0.744,1200
0.745,1183
0.746,1189
0.747,1202
0.748,1216
0.749,1201
0.75,1197
0.751,1188
0.752,1233
0.753,1224
0.754,1216
0.755,1216
0.756,1247
0.757,1229
0.758,1217
0.759,1220
0.76,1202
0.761,1212
0.762,1276
0.763,1234
0.764,1224
0.765,1244
0.766,1304
0.767,1312
0.768,1325
0.769,1285
0.77,1315
0.771,1296
0.772,1280
0.773,1266
0.774,1265
0.775,1274
0.776,1285
0.777,1264
0.778,1257
0.779,1250
0.78,1262
0.781,1277
0.782,1248
0.783,1246
0.784,1261
0.785,1280
0.786,1262
0.787,1252
0.788,1248
0.789,1254
0.79,1272
0.791,1262
0.792,1280
0.793,1268
0.794,1273
0.795,1269
0.796,1280
0.797,1259
0.798,1280
0.799,1244
0.8,1237
0.801,1228
0.802,1224
0.803,1234
0.804,1234
0.805,1225
0.806,1219
0.807,1214
0.808,1214
0.809,1201
0.81,1193
0.811,1200
0.812,1185
0.813,1187
0.814,1196
0.815,1185
0.816,1175
0.817,1173
0.818,1176
0.819,1162
0.82,1154
0.821,1156
0.822,1146
0.823,1147
0.824,1166
0.825,1160
0.826,1147
0.827,1143
0.828,1141
0.829,1130
0.83,1128
0.831,1118
0.832,1130
0.833,1129
0.834,1142
0.835,1136
0.836,1130
0.837,1130
0.838,1129
0.839,1122
0.84,1136
0.841,1109
0.842,1106
0.843,1105
0.844,1137
0.845,1133
0.846,1140
0.847,1126
0.848,1127
0.849,1120
0.85,1109
0.851,1104
0.852,1105
0.853,1100
0.854,1110
0.855,1123
0.856,1120
0.857,1110
0.858,1112
0.859,1120
0.86,1132
0.861,1108
0.862,1106
0.863,1102
0.864,1112
0.865,1123
0.866,1125
0.867,1120
0.868,1113
0.869,1113
0.87,1113
0.871,1130
0.872,1154
0.873,1125
0.874,1123
0.875,1152
0.876,1151
0.877,1144
0.878,1139
0.879,1138
0.88,1137
0.881,1125
0.882,1120
0.883,1116
0.884,1118
0.885,1151
0.886,1168
0.887,1149
0.888,1142
0.889,1142
0.89,1142
0.891,1148
0.892,1148
0.893,1160
0.894,1139
0.895,1152
0.896,1170
0.897,1172
0.898,1167
0.899,1166
0.9,1165
0.901,1167
0.902,1171
0.903,1178
0.904,1164
0.905,1195
0.906,1192
0.907,1187
0.908,1178
0.909,1176
0.91,1178
0.911,1174
0.912,1180
0.913,1176
0.914,1170
0.915,1169
0.916,1190
0.917,1191
0.918,1191
0.919,1181
0.92,1175
0.921,1172
0.922,1190
0.923,1201
0.924,1209
0.925,1190
0.926,1228
0.927,1205
0.928,1203
0.929,1191
0.93,1185
0.931,1183
0.932,1177
0.933,1196
0.934,1163
0.935,1162
0.936,1184
0.937,1186
0.938,1195
0.939,1194
0.94,1160
0.941,1153
0.942,1148
0.943,1146
0.944,1161
0.945,1168
0.946,1190
0.947,1170
0.948,1168
0.949,1154
0.95,1152
0.951,1136
0.952,1128
0.953,1119
0.954,1125
0.955,1151
0.956,1136
0.957,1183
0.958,1156
0.959,1145
0.96,1130
0.961,1133
0.962,1115
0.963,1123
0.964,1127
0.965,1135
0.966,1175
0.967,1170
0.968,1164
0.969,1148
0.97,1133
0.971,1119
0.972,1128
0.973,1107
0.974,1112
0.975,1128
0.976,1141
0.977,1172
0.978,1185
0.979,1178
0.98,1167
0.981,1150
0.982,1135
0.983,1136
0.984,1128
0.985,1143
0.986,1161
0.987,1177
0.988,1221
0.989,1209
0.99,1196
0.991,1198
0.992,1170
0.993,1176
0.994,1183
0.995,1176
0.996,1198
0.997,1216
0.998,1262
0.999,1249
