0.0,1024
0.01,1012
0.02,1018
0.03,1011
0.04,1015
0.05,1009
0.06,999
0.07,991
0.08,983
0.09,988
0.1,991
0.11,979
0.12,968
0.13,956
0.14,975
0.15,982
0.16,979
0.17,964
0.18,956
0.19,950
0.2,957
0.21,955
0.22,945
0.23,934
0.24,928
0.25,947
0.26,964
0.27,949
0.28,938
0.29,930
0.3,931
0.31,948
0.32,962
0.33,928
0.34,918
0.35,943
0.36,970
0.37,950
0.38,939
0.39,931
0.4,932
0.41,975
0.42,959
0.43,940
0.44,930
0.45,950
0.46,984
0.47,1008
0.48,969
0.49,968
0.5,969
0.51,1039
0.52,1112
0.53,1104
0.54,1084
0.55,1125
0.56,1158
0.57,1195
0.58,1180
0.59,1157
0.6,1185
0.61,1287
0.62,1287
0.63,1263
0.64,1256
0.65,1326
0.66,1344
0.67,1327
0.68,1292
0.69,1311
0.7,1408
0.71,1430
0.72,1368
0.73,1350
0.74,1398
0.75,1456
0.76,1440
0.77,1416
0.78,1419
0.79,1436
0.8,1498
0.81,1480
0.82,1457
0.83,1466
0.84,1488
0.85,1543
0.86,1551
0.87,1529
0.88,1504
0.89,1576
0.9,1600
0.91,1572
0.92,1543
0.93,1572
0.94,1580
0.95,1587
0.96,1588
0.97,1531
0.98,1586
0.99,1640
1.0,1627
1.01,1578
1.02,1616
1.03,1630
1.04,1648
1.05,1614
1.06,1592
1.07,1589
1.08,1647
1.09,1600
1.1,1572
1.11,1542
1.12,1576
1.13,1604
1.14,1616
1.15,1588
1.16,1594
1.17,1565
1.18,1584
1.19,1557
1.2,1524
1.21,1535
1.22,1558
1.23,1616
1.24,1624
1.25,1556
1.26,1548
1.27,1581
1.28,1646
1.29,1621
1.3,1595
1.31,1585
1.32,1620
1.33,1645
1.34,1582
1.35,1556
1.36,1537
1.37,1547
1.38,1596
1.39,1594
1.4,1544
1.41,1542
1.42,1553
1.43,1547
1.44,1520
1.45,1497
1.46,1495
1.47,1480
1.48,1471
1.49,1448
1.5,1419
1.51,1405
1.52,1414
1.53,1408
1.54,1387
1.55,1370
1.56,1354
1.57,1347
1.58,1350
1.59,1327
1.6,1304
1.61,1288
1.62,1307
1.63,1306
1.64,1288
1.65,1270
1.66,1279
1.67,1288
1.68,1282
1.69,1263
1.7,1240
1.71,1223
1.72,1216
1.73,1219
1.74,1205
1.75,1199
1.76,1195
1.77,1183
1.78,1190
1.79,1182
1.8,1163
1.81,1144
1.82,1160
1.83,1154
1.84,1144
1.85,1138
1.86,1122
1.87,1115
1.88,1135
1.89,1104
1.9,1090
1.91,1122
1.92,1106
1.93,1109
1.94,1095
1.95,1084
1.96,1075
1.97,1071
1.98,1072
1.99,1064
2.0,1046
2.01,1040
2.02,1058
2.03,1055
2.04,1036
2.05,1024
2.06,1047
2.07,1029
2.08,1015
2.09,1003
2.1,1000
2.11,1024
2.12,1029
2.13,1024
2.14,1003
2.15,997
2.16,1004
2.17,1008
2.18,994
2.19,980
2.2,1004
2.21,1024
2.22,1001
2.23,989
2.24,983
2.25,988
2.26,1000
2.27,1007
2.28,990
2.29,1024
2.3,1030
2.31,1042
2.32,1031
2.33,1017
2.34,1014
2.35,1033
2.36,1044
2.37,1027
2.38,1017
2.39,1080
2.4,1061
2.41,1056
2.42,1037
2.43,1065
2.44,1072
2.45,1088
2.46,1076
2.47,1062
2.48,1079
2.49,1094
2.5,1106
2.51,1094
2.52,1078
2.53,1096
2.54,1122
2.55,1135
2.56,1132
2.57,1109
2.58,1155
2.59,1180
2.6,1195
2.61,1179
2.62,1171
2.63,1167
2.64,1200
2.65,1180
2.66,1168
2.67,1156
2.68,1171
2.69,1196
2.7,1194
2.71,1179
2.72,1166
2.73,1161
2.74,1170
2.75,1170
2.76,1154
2.77,1139
2.78,1144
2.79,1159
2.8,1168
2.81,1154
2.82,1143
2.83,1143
2.84,1143
2.85,1148
2.86,1141
2.87,1136
2.88,1151
2.89,1156
2.9,1164
2.91,1149
2.92,1141
2.93,1133
2.94,1131
2.95,1132
2.96,1119
2.97,1114
2.98,1108
2.99,1139
3.0,1144
3.01,1128
3.02,1110
3.03,1108
3.04,1114
3.05,1108
3.06,1091
3.07,1081
3.08,1119
3.09,1125
3.1,1118
3.11,1103
3.12,1095
3.13,1095
3.14,1110
3.15,1113
3.16,1106
3.17,1119
3.18,1171
3.19,1200
3.2,1214
3.21,1169
3.22,1160
3.23,1163
3.24,1180
3.25,1175
3.26,1156
3.27,1168
3.28,1192
3.29,1206
3.3,1193
3.31,1186
3.32,1191
3.33,1207
3.34,1240
3.35,1238
3.36,1231
3.37,1280
3.38,1308
3.39,1288
3.4,1244
3.41,1243
3.42,1240
3.43,1269
3.44,1258
3.45,1242
3.46,1253
3.47,1266
3.48,1267
3.49,1247
3.5,1231
3.51,1258
3.52,1267
3.53,1280
3.54,1264
3.55,1294
3.56,1308
3.57,1317
3.58,1302
3.59,1290
3.6,1305
3.61,1319
3.62,1309
3.63,1306
3.64,1323
3.65,1382
3.66,1381
3.67,1359
3.68,1348
3.69,1359
3.7,1416
3.71,1367
3.72,1345
3.73,1352
3.74,1381
3.75,1392
3.76,1384
3.77,1363
3.78,1362
3.79,1406
3.8,1472
3.81,1453
3.82,1401
3.83,1412
3.84,1435
3.85,1453
3.86,1434
3.87,1444
3.88,1480
3.89,1458
3.9,1450
3.91,1416
3.92,1440
3.93,1431
3.94,1440
3.95,1381
3.96,1372
3.97,1379
3.98,1371
3.99,1362
4.0,1342
4.01,1374
4.02,1379
4.03,1366
4.04,1348
4.05,1326
4.06,1335
4.07,1326
4.08,1311
4.09,1312
4.1,1288
4.11,1319
4.12,1341
4.13,1323
4.14,1304
4.15,1296
4.16,1320
4.17,1336
4.18,1316
4.19,1302
4.2,1318
4.21,1329
4.22,1343
4.23,1338
4.24,1344
4.25,1343
4.26,1357
4.27,1434
4.28,1387
4.29,1370
4.3,1413
4.31,1413
4.32,1402
4.33,1388
4.34,1369
4.35,1364
4.36,1397
4.37,1378
4.38,1359
4.39,1371
4.4,1401
4.41,1395
4.42,1378
4.43,1360
4.44,1346
4.45,1368
4.46,1382
4.47,1372
4.48,1360
4.49,1396
4.5,1435
4.51,1440
4.52,1420
4.53,1418
4.54,1412
4.55,1443
4.56,1432
4.57,1448
4.58,1388
4.59,1414
4.6,1476
4.61,1429
4.62,1434
4.63,1439
4.64,1499
4.65,1519
4.66,1497
4.67,1469
4.68,1512
4.69,1513
4.7,1495
4.71,1472
4.72,1451
4.73,1455
4.74,1522
4.75,1506
4.76,1482
4.77,1479
4.78,1503
4.79,1543
4.8,1515
4.81,1497
4.82,1503
4.83,1502
4.84,1520
4.85,1503
4.86,1481
4.87,1535
4.88,1572
4.89,1518
4.9,1545
4.91,1500
4.92,1536
4.93,1500
4.94,1518
4.95,1454
4.96,1464
4.97,1471
4.98,1502
4.99,1504
5.0,1481
5.01,1440
5.02,1455
5.03,1468
5.04,1426
5.05,1411
5.06,1448
5.07,1448
5.08,1469
5.09,1411
5.1,1394
5.11,1380
5.12,1381
5.13,1368
5.14,1360
5.15,1341
5.16,1335
5.17,1336
5.18,1330
5.19,1315
5.2,1316
5.21,1322
5.22,1318
5.23,1332
5.24,1332
5.25,1335
5.26,1351
5.27,1361
5.28,1366
5.29,1348
5.3,1332
5.31,1325
5.32,1321
5.33,1312
5.34,1299
5.35,1281
5.36,1294
5.37,1306
5.38,1294
5.39,1291
5.4,1311
5.41,1290
5.42,1312
5.43,1286
5.44,1312
5.45,1261
5.46,1293
5.47,1343
5.48,1286
5.49,1267
5.5,1264
5.51,1271
5.52,1260
5.53,1258
5.54,1277
5.55,1304
5.56,1330
5.57,1334
5.58,1317
5.59,1297
5.6,1291
5.61,1300
5.62,1298
5.63,1282
5.64,1266
5.65,1268
5.66,1295
5.67,1294
5.68,1280
5.69,1262
5.7,1264
5.71,1273
5.72,1275
5.73,1274
5.74,1270
5.75,1263
5.76,1270
5.77,1266
5.78,1250
5.79,1251
5.8,1240
5.81,1250
5.82,1266
5.83,1252
5.84,1236
5.85,1232
5.86,1254
5.87,1247
5.88,1244
5.89,1232
5.9,1202
5.91,1208
5.92,1199
5.93,1188
5.94,1180
5.95,1204
5.96,1208
5.97,1202
5.98,1191
5.99,1200
6.0,1233
6.01,1250
6.02,1276
6.03,1287
6.04,1293
6.05,1313
6.06,1331
6.07,1345
6.08,1352
6.09,1332
6.1,1352
6.11,1352
6.12,1332
6.13,1317
6.14,1344
6.15,1367
6.16,1352
6.17,1360
6.18,1343
6.19,1346
6.2,1377
6.21,1360
6.22,1343
6.23,1359
6.24,1364
6.25,1392
6.26,1345
6.27,1331
6.28,1318
6.29,1359
6.3,1343
6.31,1320
6.32,1290
6.33,1343
6.34,1340
6.35,1328
6.36,1316
6.37,1297
6.38,1327
6.39,1351
6.4,1374
6.41,1376
6.42,1408
6.43,1407
6.44,1404
6.45,1402
6.46,1387
6.47,1406
6.48,1389
6.49,1368
6.5,1347
6.51,1354
6.52,1373
6.53,1399
6.54,1407
6.55,1360
6.56,1348
6.57,1364
6.58,1356
6.59,1360
6.6,1344
6.61,1354
6.62,1356
6.63,1343
6.64,1357
6.65,1366
6.66,1392
6.67,1369
6.68,1379
6.69,1326
6.7,1341
6.71,1391
6.72,1350
6.73,1334
6.74,1323
6.75,1354
6.76,1408
6.77,1391
6.78,1386
6.79,1384
6.8,1402
6.81,1400
6.82,1382
6.83,1376
6.84,1363
6.85,1365
6.86,1396
6.87,1407
6.88,1395
6.89,1390
6.9,1417
6.91,1415
6.92,1436
6.93,1457
6.94,1463
6.95,1450
6.96,1443
6.97,1446
6.98,1425
6.99,1408
7.0,1394
7.01,1423
7.02,1446
7.03,1451
7.04,1439
7.05,1422
7.06,1428
7.07,1408
7.08,1408
7.09,1404
7.1,1370
7.11,1404
7.12,1388
7.13,1382
7.14,1377
7.15,1344
7.16,1375
7.17,1339
7.18,1390
7.19,1327
7.2,1328
7.21,1278
7.22,1315
7.23,1330
7.24,1320
7.25,1336
7.26,1291
7.27,1305
7.28,1312
7.29,1298
7.3,1292
7.31,1264
7.32,1299
7.33,1283
7.34,1271
7.35,1259
7.36,1250
7.37,1260
7.38,1271
7.39,1296
7.4,1322
7.41,1324
7.42,1360
7.43,1377
7.44,1359
7.45,1359
7.46,1355
7.47,1328
7.48,1344
7.49,1359
7.5,1340
7.51,1323
7.52,1319
7.53,1351
7.54,1366
7.55,1373
7.56,1376
7.57,1364
7.58,1360
7.59,1363
7.6,1352
7.61,1335
7.62,1315
7.63,1340
7.64,1367
7.65,1354
7.66,1335
7.67,1319
7.68,1320
7.69,1344
7.7,1406
7.71,1417
7.72,1432
7.73,1440
7.74,1466
7.75,1504
7.76,1437
7.77,1417
7.78,1398
7.79,1417
7.8,1430
7.81,1426
7.82,1404
7.83,1386
7.84,1408
7.85,1407
7.86,1402
7.87,1379
7.88,1362
7.89,1356
7.9,1370
7.91,1396
7.92,1363
7.93,1348
7.94,1362
7.95,1368
7.96,1367
7.97,1363
7.98,1360
7.99,1325
8.0,1352
8.01,1399
8.02,1348
8.03,1344
8.04,1346
8.05,1378
8.06,1406
8.07,1408
8.08,1385
8.09,1384
8.1,1392
8.11,1394
8.12,1375
8.13,1408
8.14,1375
8.15,1390
8.16,1406
8.17,1384
8.18,1368
8.19,1350
8.2,1349
8.21,1362
8.22,1360
8.23,1372
8.24,1332
8.25,1354
8.26,1361
8.27,1345
8.28,1338
8.29,1304
8.3,1311
8.31,1343
8.32,1352
8.33,1331
8.34,1315
8.35,1336
8.36,1350
8.37,1375
8.38,1320
8.39,1288
8.4,1282
8.41,1302
8.42,1327
8.43,1293
8.44,1276
8.45,1279
8.46,1330
8.47,1319
8.48,1311
8.49,1297
8.5,1300
8.51,1293
8.52,1301
8.53,1311
8.54,1304
8.55,1245
8.56,1288
8.57,1331
8.58,1309
8.59,1294
8.6,1301
8.61,1281
8.62,1327
8.63,1295
8.64,1278
8.65,1260
8.66,1302
8.67,1297
8.68,1292
8.69,1274
8.7,1259
8.71,1258
8.72,1272
8.73,1296
8.74,1280
8.75,1280
8.76,1283
8.77,1300
8.78,1294
8.79,1281
8.8,1296
8.81,1260
8.82,1276
8.83,1293
8.84,1280
8.85,1279
8.86,1251
8.87,1284
8.88,1297
8.89,1285
8.9,1268
8.91,1248
8.92,1252
8.93,1264
8.94,1262
8.95,1245
8.96,1240
8.97,1249
8.98,1311
8.99,1264
9.0,1250
9.01,1233
9.02,1259
9.03,1246
9.04,1256
9.05,1248
9.06,1247
9.07,1217
9.08,1263
9.09,1296
9.1,1311
9.11,1270
9.12,1252
9.13,1242
9.14,1253
9.15,1241
9.16,1221
9.17,1206
9.18,1196
9.19,1222
9.2,1226
9.21,1216
9.22,1206
9.23,1191
9.24,1185
9.25,1193
9.26,1185
9.27,1170
9.28,1156
9.29,1156
9.3,1160
9.31,1155
9.32,1141
9.33,1126
9.34,1115
9.35,1114
9.36,1120
9.37,1112
9.38,1108
9.39,1090
9.4,1115
9.41,1107
9.42,1105
9.43,1104
9.44,1080
9.45,1072
9.46,1074
9.47,1099
9.48,1060
9.49,1042
9.5,1029
9.51,1052
9.52,1056
9.53,1045
9.54,1032
9.55,1021
9.56,1023
9.57,1021
9.58,1019
9.59,1006
9.6,995
9.61,1000
9.62,1032
9.63,1015
9.64,1004
9.65,1010
9.66,984
9.67,987
9.68,1020
9.69,984
9.7,971
9.71,961
9.72,988
9.73,1016
9.74,999
9.75,989
9.76,981
9.77,979
9.78,1029
9.79,1012
9.8,1006
9.81,999
9.82,1016
9.83,1056
9.84,1050
9.85,1056
9.86,1024
9.87,1018
9.88,1051
9.89,1081
9.9,1080
9.91,1072
9.92,1065
9.93,1111
9.94,1126
9.95,1121
9.96,1102
9.97,1109
9.98,1133
9.99,1229
