0.0,950
0.001,984
0.002,991
0.003,961
0.004,982
0.005,974
0.006,955
0.007,972
0.008,1000
0.009,1007
0.01,989
0.011,994
0.012,1045
0.013,1024
0.014,991
0.015,1006
0.016,1069
0.017,1032
0.018,1011
0.019,1034
0.02,1064
0.021,1050
0.022,1035
0.023,1053
0.024,1082
0.025,1084
0.026,1064
0.027,1048
0.028,1069
0.029,1105
0.03,1090
0.031,1072
0.032,1084
0.033,1099
0.034,1095
0.035,1076
0.036,1060
0.037,1067
0.038,1070
0.039,1052
0.04,1040
0.041,1049
0.042,1067
0.043,1067
0.044,1053
0.045,1044
0.046,1036
0.047,1050
0.048,1028
0.049,1004
0.05,1024
0.051,1045
0.052,1037
0.053,1024
0.054,1018
0.055,1028
0.056,1025
0.057,1007
0.058,1022
0.059,1049
0.06,1043
0.061,1024
0.062,1012
0.063,1038
0.064,1043
0.065,1027
0.066,1012
0.067,1030
0.068,1045
0.069,1029
0.07,1007
0.071,995
0.072,1029
0.073,1067
0.074,1052
0.075,1076
0.076,1082
0.077,1151
0.078,1111
0.079,1112
0.08,1241
0.081,1239
0.082,1217
0.083,1234
0.084,1290
0.085,1324
0.086,1264
0.087,1317
0.088,1308
0.089,1283
0.09,1292
0.091,1307
0.092,1287
0.093,1255
0.094,1259
0.095,1288
0.096,1266
0.097,1241
0.098,1264
0.099,1260
0.1,1231
0.101,1224
0.102,1241
0.103,1240
0.104,1215
0.105,1227
0.106,1252
0.107,1246
0.108,1228
0.109,1241
0.11,1256
0.111,1312
0.112,1268
0.113,1266
0.114,1303
0.115,1340
0.116,1316
0.117,1299
0.118,1360
0.119,1423
0.12,1388
0.121,1409
0.122,1435
0.123,1439
0.124,1407
0.125,1432
0.126,1418
0.127,1396
0.128,1429
0.129,1518
0.13,1519
0.131,1483
0.132,1505
0.133,1563
0.134,1568
0.135,1514
0.136,1531
0.137,1567
0.138,1543
0.139,1515
0.14,1531
0.141,1509
0.142,1500
0.143,1468
0.144,1460
0.145,1482
0.146,1488
0.147,1476
0.148,1462
0.149,1567
0.15,1553
0.151,1537
0.152,1547
0.153,1561
0.154,1560
0.155,1532
0.156,1505
0.157,1491
0.158,1543
0.159,1532
0.16,1535
0.161,1504
0.162,1551
0.163,1519
0.164,1509
0.165,1512
0.166,1491
0.167,1514
0.168,1473
0.169,1453
0.17,1462
0.171,1463
0.172,1452
0.173,1432
0.174,1409
0.175,1392
0.176,1384
0.177,1369
0.178,1352
0.179,1360
0.18,1379
0.181,1367
0.182,1354
0.183,1339
0.184,1322
0.185,1321
0.186,1308
0.187,1309
0.188,1289
0.189,1301
0.19,1308
0.191,1290
0.192,1269
0.193,1258
0.194,1251
0.195,1242
0.196,1221
0.197,1210
0.198,1238
0.199,1254
0.2,1241
0.201,1254
0.202,1215
0.203,1215
0.204,1207
0.205,1194
0.206,1172
0.207,1214
0.208,1171
0.209,1165
0.21,1157
0.211,1156
0.212,1150
0.213,1147
0.214,1131
0.215,1127
0.216,1139
0.217,1127
0.218,1115
0.219,1109
0.22,1099
0.221,1100
0.222,1093
0.223,1082
0.224,1084
0.225,1113
0.226,1131
0.227,1115
0.228,1100
0.229,1096
0.23,1110
0.231,1111
0.232,1112
0.233,1116
0.234,1156
0.235,1149
0.236,1132
0.237,1116
0.238,1106
0.239,1108
0.24,1100
0.241,1088
0.242,1085
0.243,1100
0.244,1115
0.245,1109
0.246,1105
0.247,1132
0.248,1127
0.249,1127
0.25,1119
0.251,1105
0.252,1135
0.253,1151
0.254,1182
0.255,1172
0.256,1133
0.257,1154
0.258,1149
0.259,1148
0.26,1140
0.261,1180
0.262,1188
0.263,1174
0.264,1208
0.265,1254
0.266,1226
0.267,1319
0.268,1319
0.269,1280
0.27,1267
0.271,1265
0.272,1320
0.273,1286
0.274,1267
0.275,1312
0.276,1293
0.277,1284
0.278,1272
0.279,1242
0.28,1329
0.281,1327
0.282,1313
0.283,1317
0.284,1341
0.285,1392
0.286,1354
0.287,1335
0.288,1344
0.289,1410
0.29,1428
0.291,1422
0.292,1426
0.293,1449
0.294,1488
0.295,1477
0.296,1482
0.297,1493
0.298,1522
0.299,1535
0.3,1492
0.301,1493
0.302,1461
0.303,1479
0.304,1488
0.305,1482
0.306,1458
0.307,1434
0.308,1457
0.309,1512
0.31,1482
0.311,1465
0.312,1486
0.313,1504
0.314,1492
0.315,1494
0.316,1453
0.317,1427
0.318,1457
0.319,1463
0.32,1472
0.321,1440
0.322,1483
0.323,1488
0.324,1568
0.325,1586
0.326,1554
0.327,1535
0.328,1604
0.329,1571
0.33,1580
0.331,1563
0.332,1558
0.333,1549
0.334,1640
0.335,1661
0.336,1632
0.337,1580
0.338,1594
0.339,1606
0.34,1600
0.341,1632
0.342,1608
0.343,1632
0.344,1652
0.345,1634
0.346,1656
0.347,1744
0.348,1776
0.349,1788
0.35,1768
0.351,1753
0.352,1773
0.353,1802
0.354,1808
0.355,1787
0.356,1762
0.357,1808
0.358,1815
0.359,1837
0.36,1838
0.361,1833
0.362,1854
0.363,1975
0.364,1963
0.365,1936
0.366,1945
0.367,1933
0.368,1936
0.369,1918
0.37,1929
0.371,1882
0.372,2008
0.373,2080
0.374,2010
0.375,2048
0.376,2043
0.377,2124
0.378,2123
0.379,2153
0.38,2160
0.381,2231
0.382,2177
0.383,2284
0.384,2268
0.385,2268
0.386,2239
0.387,2211
0.388,2207
0.389,2215
0.39,2280
0.391,2223
0.392,2281
0.393,2277
0.394,2201
0.395,2202
0.396,2151
0.397,2129
0.398,2161
0.399,2160
0.4,2132
0.401,2102
0.402,2084
0.403,2052
0.404,2016
0.405,2004
0.406,2061
0.407,2068
0.408,2104
0.409,2117
0.41,2099
0.411,2086
0.412,2063
0.413,2040
0.414,2056
0.415,2035
0.416,2004
0.417,1977
0.418,1970
0.419,1956
0.42,1936
0.421,1941
0.422,1930
0.423,1983
0.424,1983
0.425,1939
0.426,1884
0.427,1871
0.428,1847
0.429,1833
0.43,1803
0.431,1770
0.432,1780
0.433,1787
0.434,1764
0.435,1758
0.436,1731
0.437,1738
0.438,1680
0.439,1668
0.44,1653
0.441,1666
0.442,1670
0.443,1655
0.444,1632
0.445,1615
0.446,1597
0.447,1588
0.448,1592
0.449,1591
0.45,1613
0.451,1603
0.452,1588
0.453,1575
0.454,1568
0.455,1552
0.456,1520
0.457,1501
0.458,1493
0.459,1516
0.46,1506
0.461,1505
0.462,1439
0.463,1421
0.464,1408
0.465,1383
0.466,1370
0.467,1379
0.468,1398
0.469,1391
0.47,1390
0.471,1403
0.472,1394
0.473,1384
0.474,1378
0.475,1377
0.476,1397
0.477,1413
0.478,1403
0.479,1379
0.48,1364
0.481,1372
0.482,1417
0.483,1386
0.484,1396
0.485,1392
0.486,1376
0.487,1368
0.488,1360
0.489,1319
0.49,1336
0.491,1360
0.492,1338
0.493,1343
0.494,1350
0.495,1330
0.496,1314
0.497,1320
0.498,1336
0.499,1351
0.5,1375
0.501,1330
0.502,1339
0.503,1338
0.504,1321
0.505,1307
0.506,1302
0.507,1328
0.508,1341
0.509,1326
0.51,1310
0.511,1301
0.512,1319
0.513,1307
0.514,1290
0.515,1281
0.516,1308
0.517,1333
0.518,1318
0.519,1303
0.52,1292
0.521,1310
0.522,1291
0.523,1301
0.524,1249
0.525,1265
0.526,1280
0.527,1285
0.528,1255
0.529,1241
0.53,1237
0.531,1265
0.532,1290
0.533,1272
0.534,1264
0.535,1280
0.536,1271
0.537,1267
0.538,1264
0.539,1225
0.54,1225
0.541,1250
0.542,1264
0.543,1228
0.544,1224
0.545,1245
0.546,1271
0.547,1291
0.548,1264
0.549,1238
0.55,1274
0.551,1295
0.552,1269
0.553,1257
0.554,1283
0.555,1305
0.556,1291
0.557,1285
0.558,1271
0.559,1284
0.56,1311
0.561,1291
0.562,1275
0.563,1312
0.564,1310
0.565,1322
0.566,1302
0.567,1278
0.568,1263
0.569,1281
0.57,1296
0.571,1276
0.572,1272
0.573,1296
0.574,1312
0.575,1322
0.576,1272
0.577,1272
0.578,1408
0.579,1420
0.58,1400
0.581,1408
0.582,1401
0.583,1417
0.584,1398
0.585,1376
0.586,1364
0.587,1368
0.588,1389
0.589,1392
0.59,1376
0.591,1344
0.592,1365
0.593,1407
0.594,1363
0.595,1341
0.596,1330
0.597,1391
0.598,1392
0.599,1377
0.6,1364
0.601,1389
0.602,1397
0.603,1387
0.604,1360
0.605,1345
0.606,1354
0.607,1384
0.608,1365
0.609,1362
0.61,1331
0.611,1368
0.612,1380
0.613,1358
0.614,1341
0.615,1327
0.616,1358
0.617,1317
0.618,1326
0.619,1386
0.62,1400
0.621,1383
0.622,1371
0.623,1378
0.624,1401
0.625,1378
0.626,1358
0.627,1407
0.628,1395
0.629,1372
0.63,1354
0.631,1342
0.632,1357
0.633,1379
0.634,1335
0.635,1325
0.636,1350
0.637,1353
0.638,1325
0.639,1336
0.64,1338
0.641,1363
0.642,1349
0.643,1329
0.644,1356
0.645,1389
0.646,1378
0.647,1358
0.648,1341
0.649,1355
0.65,1353
0.651,1338
0.652,1328
0.653,1350
0.654,1366
0.655,1354
0.656,1338
0.657,1328
0.658,1322
0.659,1307
0.66,1293
0.661,1280
0.662,1300
0.663,1304
0.664,1288
0.665,1279
0.666,1275
0.667,1272
0.668,1253
0.669,1236
0.67,1230
0.671,1257
0.672,1257
0.673,1263
0.674,1229
0.675,1223
0.676,1215
0.677,1199
0.678,1197
0.679,1263
0.68,1237
0.681,1224
0.682,1212
0.683,1211
0.684,1278
0.685,1242
0.686,1205
0.687,1241
0.688,1262
0.689,1244
0.69,1226
0.691,1295
0.692,1271
0.693,1254
0.694,1296
0.695,1330
0.696,1310
0.697,1311
0.698,1302
0.699,1314
0.7,1295
0.701,1286
0.702,1319
0.703,1330
0.704,1312
0.705,1304
0.706,1324
0.707,1336
0.708,1314
0.709,1298
0.71,1322
0.711,1338
0.712,1324
0.713,1311
0.714,1303
0.715,1309
0.716,1329
0.717,1314
0.718,1301
0.719,1318
0.72,1347
0.721,1327
0.722,1298
0.723,1314
0.724,1332
0.725,1313
0.726,1318
0.727,1351
0.728,1344
0.729,1318
0.73,1320
0.731,1326
0.732,1302
0.733,1288
0.734,1317
0.735,1352
0.736,1337
0.737,1322
0.738,1312
0.739,1314
0.74,1312
0.741,1292
0.742,1281
0.743,1309
0.744,1312
0.745,1298
0.746,1296
0.747,1275
0.748,1295
0.749,1289
0.75,1275
0.751,1279
0.752,1296
0.753,1316
0.754,1316
0.755,1295
0.756,1292
0.757,1296
0.758,1295
0.759,1301
0.76,1287
0.761,1265
0.762,1268
0.763,1287
0.764,1308
0.765,1285
0.766,1270
0.767,1271
0.768,1279
0.769,1327
0.77,1288
0.771,1278
0.772,1270
0.773,1304
0.774,1304
0.775,1291
0.776,1291
0.777,1266
0.778,1258
0.779,1266
0.78,1267
0.781,1255
0.782,1244
0.783,1238
0.784,1264
0.785,1280
0.786,1277
0.787,1277
0.788,1254
0.789,1258
0.79,1248
0.791,1238
0.792,1232
0.793,1217
0.794,1237
0.795,1272
0.796,1251
0.797,1231
0.798,1237
0.799,1234
0.8,1223
0.801,1214
0.802,1236
0.803,1246
0.804,1236
0.805,1226
0.806,1224
0.807,1213
0.808,1240
0.809,1229
0.81,1217
0.811,1216
0.812,1248
0.813,1309
0.814,1328
0.815,1280
0.816,1274
0.817,1299
0.818,1332
0.819,1322
0.82,1340
0.821,1315
0.822,1344
0.823,1386
0.824,1384
0.825,1374
0.826,1363
0.827,1375
0.828,1393
0.829,1363
0.83,1351
0.831,1343
0.832,1368
0.833,1379
0.834,1376
0.835,1360
0.836,1347
0.837,1337
0.838,1368
0.839,1413
0.84,1365
0.841,1352
0.842,1377
0.843,1392
0.844,1390
0.845,1376
0.846,1365
0.847,1353
0.848,1366
0.849,1370
0.85,1345
0.851,1332
0.852,1385
0.853,1369
0.854,1348
0.855,1332
0.856,1323
0.857,1369
0.858,1409
0.859,1406
0.86,1376
0.861,1399
0.862,1422
0.863,1421
0.864,1396
0.865,1387
0.866,1409
0.867,1414
0.868,1395
0.869,1403
0.87,1404
0.871,1439
0.872,1416
0.873,1395
0.874,1391
0.875,1416
0.876,1408
0.877,1424
0.878,1383
0.879,1422
0.88,1461
0.881,1445
0.882,1425
0.883,1415
0.884,1432
0.885,1462
0.886,1440
0.887,1422
0.888,1446
0.889,1500
0.89,1457
0.891,1441
0.892,1428
0.893,1471
0.894,1468
0.895,1427
0.896,1440
0.897,1458
0.898,1456
0.899,1471
0.9,1418
0.901,1431
0.902,1503
0.903,1471
0.904,1453
0.905,1484
0.906,1516
0.907,1527
0.908,1493
0.909,1481
0.91,1489
0.911,1492
0.912,1504
0.913,1461
0.914,1472
0.915,1493
0.916,1495
0.917,1471
0.918,1472
0.919,1445
0.92,1502
0.921,1499
0.922,1488
0.923,1487
0.924,1489
0.925,1591
0.926,1590
0.927,1566
0.928,1568
0.929,1543
0.93,1670
0.931,1728
0.932,1695
0.933,1684
0.934,1748
0.935,1712
0.936,1685
0.937,1668
0.938,1653
0.939,1649
0.94,1652
0.941,1624
0.942,1622
0.943,1647
0.944,1616
0.945,1622
0.946,1603
0.947,1585
0.948,1569
0.949,1568
0.95,1648
0.951,1701
0.952,1640
0.953,1628
0.954,1687
0.955,1680
0.956,1712
0.957,1664
0.958,1636
0.959,1641
0.96,1661
0.961,1683
0.962,1640
0.963,1612
0.964,1638
0.965,1663
0.966,1664
0.967,1625
0.968,1613
0.969,1607
0.97,1634
0.971,1618
0.972,1609
0.973,1590
0.974,1603
0.975,1620
0.976,1666
0.977,1602
0.978,1584
0.979,1571
0.98,1566
0.981,1561
0.982,1545
0.983,1533
0.984,1519
0.985,1544
0.986,1553
0.987,1556
0.988,1600
0.989,1513
0.99,1499
0.991,1492
0.992,1476
0.993,1464
0.994,1451
0.995,1467
0.996,1464
0.997,1448
0.998,1492
0.999,1424
