0.0,942
0.001,928
0.002,960
0.003,944
0.004,937
0.005,932
0.006,959
0.007,982
0.008,961
0.009,949
0.01,937
0.011,930
0.012,941
0.013,944
0.014,930
0.015,918
0.016,917
0.017,938
0.018,950
0.019,941
0.02,928
0.021,917
0.022,922
0.023,932
0.024,923
0.025,913
0.026,904
0.027,922
0.028,939
0.029,937
0.03,925
0.031,912
0.032,912
0.033,929
0.034,928
0.035,918
0.036,912
0.037,919
0.038,937
0.039,955
0.04,927
0.041,915
0.042,910
0.043,923
0.044,925
0.045,920
0.046,906
0.047,930
0.048,937
0.049,944
0.05,925
0.051,915
0.052,934
0.053,965
0.054,955
0.055,960
0.056,931
0.057,960
0.058,1007
0.059,985
0.06,966
0.061,964
0.062,1008
0.063,1022
0.064,1012
0.065,1009
0.066,1028
0.067,1058
0.068,1066
0.069,1051
0.07,1046
0.071,1051
0.072,1098
0.073,1108
0.074,1092
0.075,1087
0.076,1116
0.077,1143
0.078,1120
0.079,1114
0.08,1106
0.081,1170
0.082,1171
0.083,1149
0.084,1134
0.085,1153
0.086,1172
0.087,1177
0.088,1152
0.089,1138
0.09,1138
0.091,1174
0.092,1168
0.093,1150
0.094,1155
0.095,1149
0.096,1222
0.097,1211
0.098,1194
0.099,1178
0.1,1196
0.101,1252
0.102,1249
0.103,1212
0.104,1243
0.105,1276
0.106,1285
0.107,1280
0.108,1250
0.109,1231
0.11,1258
0.111,1263
0.112,1248
0.113,1237
0.114,1248
0.115,1260
0.116,1257
0.117,1237
0.118,1221
0.119,1211
0.12,1231
0.121,1231
0.122,1223
0.123,1210
0.124,1230
0.125,1227
0.126,1211
0.127,1195
0.128,1188
0.129,1216
0.13,1208
0.131,1186
0.132,1178
0.133,1189
0.134,1214
0.135,1203
0.136,1198
0.137,1191
0.138,1193
0.139,1218
0.14,1198
0.141,1180
0.142,1179
0.143,1199
0.144,1279
0.145,1304
0.146,1258
0.147,1252
0.148,1255
0.149,1292
0.15,1298
0.151,1283
0.152,1265
0.153,1310
0.154,1314
0.155,1316
0.156,1305
0.157,1287
0.158,1296
0.159,1287
0.16,1320
0.161,1280
0.162,1265
0.163,1254
0.164,1287
0.165,1322
0.166,1310
0.167,1302
0.168,1300
0.169,1312
0.17,1320
0.171,1312
0.172,1310
0.173,1311
0.174,1301
0.175,1342
0.176,1311
0.177,1310
0.178,1295
0.179,1285
0.18,1293
0.181,1282
0.182,1271
0.183,1285
0.184,1299
0.185,1294
0.186,1288
0.187,1277
0.188,1268
0.189,1263
0.19,1254
0.191,1237
0.192,1219
0.193,1212
0.194,1246
0.195,1250
0.196,1233
0.197,1216
0.198,1221
0.199,1215
0.2,1212
0.201,1203
0.202,1200
0.203,1187
0.204,1210
0.205,1209
0.206,1200
0.207,1195
0.208,1192
0.209,1192
0.21,1186
0.211,1175
0.212,1167
0.213,1152
0.214,1158
0.215,1165
0.216,1155
0.217,1144
0.218,1138
0.219,1140
0.22,1128
0.221,1125
0.222,1118
0.223,1104
0.224,1107
0.225,1124
0.226,1123
0.227,1108
0.228,1104
0.229,1111
0.23,1104
0.231,1097
0.232,1104
0.233,1128
0.234,1122
0.235,1114
0.236,1098
0.237,1100
0.238,1092
0.239,1098
0.24,1103
0.241,1088
0.242,1092
0.243,1129
0.244,1128
0.245,1104
0.246,1104
0.247,1106
0.248,1112
0.249,1097
0.25,1098
0.251,1099
0.252,1136
0.253,1149
0.254,1150
0.255,1152
0.256,1160
0.257,1192
0.258,1187
0.259,1175
0.26,1172
0.261,1215
0.262,1231
0.263,1204
0.264,1185
0.265,1199
0.266,1176
0.267,1174
0.268,1161
0.269,1154
0.27,1179
0.271,1180
0.272,1178
0.273,1176
0.274,1168
0.275,1163
0.276,1183
0.277,1174
0.278,1189
0.279,1212
0.28,1185
0.281,1184
0.282,1183
0.283,1147
0.284,1161
0.285,1153
0.286,1140
0.287,1136
0.288,1158
0.289,1202
0.29,1189
0.291,1169
0.292,1166
0.293,1182
0.294,1177
0.295,1165
0.296,1156
0.297,1159
0.298,1181
0.299,1180
0.3,1200
0.301,1183
0.302,1151
0.303,1170
0.304,1168
0.305,1152
0.306,1148
0.307,1215
0.308,1228
0.309,1232
0.31,1193
0.311,1200
0.312,1255
0.313,1260
0.314,1245
0.315,1237
0.316,1246
0.317,1252
0.318,1269
0.319,1235
0.32,1225
0.321,1221
0.322,1240
0.323,1231
0.324,1222
0.325,1224
0.326,1253
0.327,1243
0.328,1227
0.329,1209
0.33,1202
0.331,1196
0.332,1204
0.333,1190
0.334,1176
0.335,1169
0.336,1172
0.337,1180
0.338,1176
0.339,1167
0.34,1167
0.341,1153
0.342,1154
0.343,1148
0.344,1136
0.345,1134
0.346,1140
0.347,1149
0.348,1136
0.349,1128
0.35,1112
0.351,1094
0.352,1104
0.353,1100
0.354,1103
0.355,1079
0.356,1067
0.357,1103
0.358,1096
0.359,1055
0.36,1054
0.361,1047
0.362,1039
0.363,1023
0.364,1056
0.365,1061
0.366,1056
0.367,1042
0.368,1040
0.369,1040
0.37,1052
0.371,1036
0.372,1027
0.373,1060
0.374,1072
0.375,1059
0.376,1052
0.377,1039
0.378,1046
0.379,1047
0.38,1043
0.381,1037
0.382,1022
0.383,1041
0.384,1079
0.385,1080
0.386,1073
0.387,1067
0.388,1077
0.389,1067
0.39,1066
0.391,1066
0.392,1042
0.393,1045
0.394,1076
0.395,1088
0.396,1082
0.397,1070
0.398,1063
0.399,1083
0.4,1075
0.401,1067
0.402,1056
0.403,1048
0.404,1076
0.405,1084
0.406,1092
0.407,1070
0.408,1065
0.409,1063
0.41,1071
0.411,1065
0.412,1056
0.413,1064
0.414,1087
0.415,1104
0.416,1081
0.417,1073
0.418,1071
0.419,1074
0.42,1089
0.421,1095
0.422,1091
0.423,1089
0.424,1114
0.425,1130
0.426,1124
0.427,1115
0.428,1112
0.429,1112
0.43,1125
0.431,1141
0.432,1108
0.433,1119
0.434,1132
0.435,1134
0.436,1147
0.437,1116
0.438,1110
0.439,1117
0.44,1116
0.441,1110
0.442,1104
0.443,1123
0.444,1131
0.445,1117
0.446,1113
0.447,1112
0.448,1111
0.449,1105
0.45,1100
0.451,1095
0.452,1118
0.453,1136
0.454,1125
0.455,1119
0.456,1118
0.457,1135
0.458,1117
0.459,1112
0.46,1097
0.461,1101
0.462,1152
0.463,1144
0.464,1168
0.465,1138
0.466,1136
0.467,1167
0.468,1183
0.469,1159
0.47,1158
0.471,1196
0.472,1211
0.473,1216
0.474,1193
0.475,1202
0.476,1216
0.477,1219
0.478,1215
0.479,1204
0.48,1247
0.481,1260
0.482,1250
0.483,1246
0.484,1250
0.485,1265
0.486,1253
0.487,1255
0.488,1233
0.489,1257
0.49,1290
0.491,1260
0.492,1280
0.493,1259
0.494,1280
0.495,1255
0.496,1244
0.497,1230
0.498,1216
0.499,1219
0.5,1242
0.501,1238
0.502,1236
0.503,1244
0.504,1256
0.505,1248
0.506,1261
0.507,1230
0.508,1233
0.509,1275
0.51,1282
0.511,1273
0.512,1273
0.513,1276
0.514,1279
0.515,1266
0.516,1263
0.517,1251
0.518,1248
0.519,1279
0.52,1271
0.521,1287
0.522,1272
0.523,1275
0.524,1290
0.525,1291
0.526,1262
0.527,1261
0.528,1286
0.529,1336
0.53,1302
0.531,1296
0.532,1286
0.533,1295
0.534,1356
0.535,1343
0.536,1344
0.537,1375
0.538,1380
0.539,1370
0.54,1367
0.541,1366
0.542,1359
0.543,1372
0.544,1376
0.545,1345
0.546,1343
0.547,1373
0.548,1386
0.549,1379
0.55,1382
0.551,1378
0.552,1376
0.553,1404
0.554,1389
0.555,1391
0.556,1384
0.557,1412
0.558,1416
0.559,1395
0.56,1390
0.561,1404
0.562,1424
0.563,1487
0.564,1480
0.565,1466
0.566,1454
0.567,1488
0.568,1491
0.569,1472
0.57,1457
0.571,1455
0.572,1520
0.573,1546
0.574,1532
0.575,1521
0.576,1540
0.577,1567
0.578,1544
0.579,1530
0.58,1519
0.581,1517
0.582,1535
0.583,1520
0.584,1476
0.585,1527
0.586,1503
0.587,1484
0.588,1472
0.589,1463
0.59,1447
0.591,1479
0.592,1429
0.593,1423
0.594,1416
0.595,1433
0.596,1432
0.597,1422
0.598,1408
0.599,1403
0.6,1398
0.601,1387
0.602,1382
0.603,1366
0.604,1359
0.605,1352
0.606,1368
0.607,1359
0.608,1350
0.609,1334
0.61,1324
0.611,1312
0.612,1303
0.613,1292
0.614,1282
0.615,1281
0.616,1307
0.617,1303
0.618,1286
0.619,1304
0.62,1277
0.621,1270
0.622,1264
0.623,1250
0.624,1246
0.625,1240
0.626,1256
0.627,1258
0.628,1243
0.629,1233
0.63,1231
0.631,1224
0.632,1217
0.633,1210
0.634,1195
0.635,1207
0.636,1201
0.637,1208
0.638,1193
0.639,1184
0.64,1176
0.641,1170
0.642,1167
0.643,1159
0.644,1154
0.645,1146
0.646,1173
0.647,1176
0.648,1165
0.649,1159
0.65,1167
0.651,1157
0.652,1160
0.653,1148
0.654,1136
0.655,1132
0.656,1158
0.657,1180
0.658,1137
0.659,1126
0.66,1141
0.661,1148
0.662,1121
0.663,1115
0.664,1110
0.665,1141
0.666,1151
0.667,1141
0.668,1130
0.669,1124
0.67,1132
0.671,1138
0.672,1126
0.673,1116
0.674,1137
0.675,1157
0.676,1161
0.677,1145
0.678,1136
0.679,1166
0.68,1160
0.681,1151
0.682,1137
0.683,1169
0.684,1229
0.685,1232
0.686,1225
0.687,1219
0.688,1234
0.689,1236
0.69,1218
0.691,1204
0.692,1237
0.693,1256
0.694,1276
0.695,1230
0.696,1226
0.697,1224
0.698,1291
0.699,1297
0.7,1276
0.701,1261
0.702,1283
0.703,1328
0.704,1312
0.705,1274
0.706,1268
0.707,1266
0.708,1288
0.709,1296
0.71,1263
0.711,1252
0.712,1276
0.713,1280
0.714,1259
0.715,1249
0.716,1248
0.717,1272
0.718,1264
0.719,1244
0.72,1238
0.721,1264
0.722,1317
0.723,1311
0.724,1299
0.725,1288
0.726,1298
0.727,1307
0.728,1296
0.729,1265
0.73,1298
0.731,1347
0.732,1374
0.733,1361
0.734,1348
0.735,1359
0.736,1363
0.737,1343
0.738,1326
0.739,1355
0.74,1393
0.741,1407
0.742,1374
0.743,1364
0.744,1369
0.745,1428
0.746,1424
0.747,1392
0.748,1387
0.749,1406
0.75,1434
0.751,1382
0.752,1365
0.753,1351
0.754,1433
0.755,1491
0.756,1471
0.757,1453
0.758,1449
0.759,1471
0.76,1432
0.761,1416
0.762,1411
0.763,1408
0.764,1417
0.765,1398
0.766,1392
0.767,1389
0.768,1423
0.769,1518
0.77,1500
0.771,1481
0.772,1478
0.773,1505
0.774,1560
0.775,1538
0.776,1526
0.777,1540
0.778,1568
0.779,1620
0.78,1592
0.781,1615
0.782,1565
0.783,1554
0.784,1532
0.785,1536
0.786,1500
0.787,1538
0.788,1524
0.789,1505
0.79,1492
0.791,1504
0.792,1473
0.793,1483
0.794,1459
0.795,1444
0.796,1453
0.797,1470
0.798,1461
0.799,1447
0.8,1447
0.801,1444
0.802,1481
0.803,1460
0.804,1448
0.805,1455
0.806,1464
0.807,1467
0.808,1449
0.809,1451
0.81,1442
0.811,1456
0.812,1437
0.813,1428
0.814,1424
0.815,1447
0.816,1535
0.817,1536
0.818,1488
0.819,1484
0.82,1504
0.821,1519
0.822,1504
0.823,1470
0.824,1502
0.825,1569
0.826,1550
0.827,1532
0.828,1514
0.829,1536
0.83,1531
0.831,1480
0.832,1484
0.833,1494
0.834,1500
0.835,1479
0.836,1465
0.837,1488
0.838,1472
0.839,1553
0.84,1544
0.841,1524
0.842,1536
0.843,1567
0.844,1543
0.845,1508
0.846,1496
0.847,1487
0.848,1547
0.849,1625
0.85,1602
0.851,1590
0.852,1594
0.853,1595
0.854,1584
0.855,1563
0.856,1548
0.857,1550
0.858,1545
0.859,1522
0.86,1506
0.861,1496
0.862,1543
0.863,1511
0.864,1488
0.865,1477
0.866,1470
0.867,1483
0.868,1476
0.869,1457
0.87,1442
0.871,1447
0.872,1453
0.873,1428
0.874,1410
0.875,1398
0.876,1408
0.877,1403
0.878,1381
0.879,1368
0.88,1371
0.881,1390
0.882,1408
0.883,1368
0.884,1361
0.885,1357
0.886,1352
0.887,1362
0.888,1344
0.889,1327
0.89,1329
0.891,1376
0.892,1376
0.893,1336
0.894,1328
0.895,1324
0.896,1327
0.897,1334
0.898,1320
0.899,1313
0.9,1311
0.901,1326
0.902,1319
0.903,1308
0.904,1298
0.905,1294
0.906,1283
0.907,1275
0.908,1264
0.909,1252
0.91,1238
0.911,1259
0.912,1255
0.913,1246
0.914,1229
0.915,1233
0.916,1230
0.917,1239
0.918,1227
0.919,1220
0.92,1209
0.921,1219
0.922,1234
0.923,1235
0.924,1224
0.925,1214
0.926,1209
0.927,1201
0.928,1204
0.929,1185
0.93,1171
0.931,1162
0.932,1195
0.933,1232
0.934,1247
0.935,1216
0.936,1197
0.937,1200
0.938,1222
0.939,1211
0.94,1199
0.941,1194
0.942,1220
0.943,1219
0.944,1207
0.945,1206
0.946,1201
0.947,1194
0.948,1203
0.949,1172
0.95,1163
0.951,1177
0.952,1190
0.953,1187
0.954,1176
0.955,1171
0.956,1168
0.957,1175
0.958,1142
0.959,1127
0.96,1134
0.961,1153
0.962,1148
0.963,1140
0.964,1137
0.965,1131
0.966,1160
0.967,1130
0.968,1120
0.969,1111
0.97,1151
0.971,1154
0.972,1145
0.973,1137
0.974,1130
0.975,1130
0.976,1139
0.977,1124
0.978,1116
0.979,1113
0.98,1145
0.981,1152
0.982,1139
0.983,1132
0.984,1126
0.985,1158
0.986,1165
0.987,1152
0.988,1152
0.989,1163
0.99,1192
0.991,1220
0.992,1235
0.993,1193
0.994,1187
0.995,1235
0.996,1335
0.997,1290
0.998,1283
0.999,1314
