0.0,922
0.001,950
0.002,975
0.003,953
0.004,941
0.005,942
0.006,942
0.007,950
0.008,941
0.009,934
0.01,929
0.011,958
0.012,979
0.013,959
0.014,949
0.015,947
0.016,946
0.017,951
0.018,943
0.019,932
0.02,926
0.021,950
0.022,960
0.023,954
0.024,945
0.025,943
0.026,936
0.027,949
0.028,956
0.029,942
0.03,933
0.031,941
0.032,963
0.033,980
0.034,968
0.035,960
0.036,954
0.037,958
0.038,971
0.039,962
0.04,954
0.041,943
0.042,966
0.043,989
0.044,983
0.045,973
0.046,966
0.047,964
0.048,995
0.049,999
0.05,987
0.051,975
0.052,1002
0.053,1010
0.054,1004
0.055,996
0.056,992
0.057,985
0.058,995
0.059,991
0.06,972
0.061,992
0.062,1001
0.063,1010
0.064,997
0.065,988
0.066,985
0.067,998
0.068,988
0.069,992
0.07,967
0.071,1009
0.072,1025
0.073,1012
0.074,1001
0.075,1003
0.076,1034
0.077,1043
0.078,1030
0.079,1040
0.08,1060
0.081,1189
0.082,1180
0.083,1169
0.084,1160
0.085,1196
0.086,1204
0.087,1179
0.088,1162
0.089,1200
0.09,1234
0.091,1208
0.092,1207
0.093,1207
0.094,1176
0.095,1190
0.096,1203
0.097,1200
0.098,1183
0.099,1215
0.1,1228
0.101,1201
0.102,1186
0.103,1188
0.104,1238
0.105,1244
0.106,1232
0.107,1242
0.108,1264
0.109,1288
0.11,1256
0.111,1239
0.112,1225
0.113,1232
0.114,1276
0.115,1269
0.116,1264
0.117,1274
0.118,1311
0.119,1348
0.12,1311
0.121,1287
0.122,1280
0.123,1300
0.124,1306
0.125,1284
0.126,1271
0.127,1270
0.128,1299
0.129,1326
0.13,1297
0.131,1281
0.132,1270
0.133,1279
0.134,1312
0.135,1319
0.136,1288
0.137,1283
0.138,1309
0.139,1336
0.14,1298
0.141,1306
0.142,1296
0.143,1290
0.144,1303
0.145,1282
0.146,1296
0.147,1294
0.148,1335
0.149,1379
0.15,1335
0.151,1348
0.152,1311
0.153,1329
0.154,1440
0.155,1423
0.156,1408
0.157,1403
0.158,1407
0.159,1463
0.16,1423
0.161,1385
0.162,1371
0.163,1371
0.164,1402
0.165,1370
0.166,1367
0.167,1336
0.168,1392
0.169,1420
0.17,1404
0.171,1423
0.172,1404
0.173,1375
0.174,1378
0.175,1364
0.176,1360
0.177,1374
0.178,1407
0.179,1384
0.18,1360
0.181,1354
0.182,1330
0.183,1331
0.184,1354
0.185,1340
0.186,1343
0.187,1323
0.188,1353
0.189,1372
0.19,1352
0.191,1337
0.192,1337
0.193,1332
0.194,1342
0.195,1331
0.196,1324
0.197,1312
0.198,1326
0.199,1329
0.2,1317
0.201,1297
0.202,1288
0.203,1288
0.204,1304
0.205,1298
0.206,1291
0.207,1288
0.208,1291
0.209,1319
0.21,1327
0.211,1319
0.212,1318
0.213,1291
0.214,1302
0.215,1336
0.216,1311
0.217,1297
0.218,1335
0.219,1363
0.22,1361
0.221,1358
0.222,1356
0.223,1345
0.224,1349
0.225,1379
0.226,1367
0.227,1357
0.228,1346
0.229,1367
0.23,1399
0.231,1368
0.232,1370
0.233,1398
0.234,1357
0.235,1388
0.236,1386
0.237,1371
0.238,1376
0.239,1408
0.24,1420
0.241,1392
0.242,1400
0.243,1357
0.244,1348
0.245,1352
0.246,1376
0.247,1331
0.248,1318
0.249,1307
0.25,1328
0.251,1316
0.252,1295
0.253,1312
0.254,1287
0.255,1296
0.256,1294
0.257,1276
0.258,1261
0.259,1276
0.26,1322
0.261,1440
0.262,1375
0.263,1379
0.264,1381
0.265,1412
0.266,1412
0.267,1389
0.268,1368
0.269,1406
0.27,1437
0.271,1492
0.272,1440
0.273,1432
0.274,1437
0.275,1427
0.276,1406
0.277,1408
0.278,1446
0.279,1556
0.28,1556
0.281,1568
0.282,1540
0.283,1544
0.284,1568
0.285,1540
0.286,1568
0.287,1536
0.288,1548
0.289,1611
0.29,1570
0.291,1552
0.292,1575
0.293,1537
0.294,1616
0.295,1598
0.296,1601
0.297,1616
0.298,1593
0.299,1632
0.3,1574
0.301,1592
0.302,1538
0.303,1558
0.304,1550
0.305,1535
0.306,1543
0.307,1582
0.308,1552
0.309,1536
0.31,1499
0.311,1491
0.312,1564
0.313,1568
0.314,1536
0.315,1564
0.316,1574
0.317,1536
0.318,1522
0.319,1516
0.32,1490
0.321,1492
0.322,1473
0.323,1451
0.324,1434
0.325,1465
0.326,1536
0.327,1556
0.328,1532
0.329,1526
0.33,1535
0.331,1533
0.332,1527
0.333,1535
0.334,1507
0.335,1543
0.336,1591
0.337,1522
0.338,1514
0.339,1492
0.34,1499
0.341,1504
0.342,1472
0.343,1473
0.344,1488
0.345,1485
0.346,1476
0.347,1503
0.348,1462
0.349,1459
0.35,1501
0.351,1506
0.352,1490
0.353,1516
0.354,1520
0.355,1550
0.356,1496
0.357,1475
0.358,1476
0.359,1491
0.36,1510
0.361,1485
0.362,1494
0.363,1535
0.364,1599
0.365,1593
0.366,1614
0.367,1556
0.368,1541
0.369,1527
0.37,1535
0.371,1535
0.372,1551
0.373,1536
0.374,1516
0.375,1505
0.376,1492
0.377,1488
0.378,1479
0.379,1467
0.38,1457
0.381,1444
0.382,1450
0.383,1462
0.384,1480
0.385,1422
0.386,1413
0.387,1406
0.388,1390
0.389,1376
0.39,1374
0.391,1358
0.392,1419
0.393,1413
0.394,1384
0.395,1347
0.396,1374
0.397,1335
0.398,1367
0.399,1315
0.4,1307
0.401,1320
0.402,1347
0.403,1375
0.404,1347
0.405,1374
0.406,1338
0.407,1368
0.408,1388
0.409,1356
0.41,1348
0.411,1396
0.412,1467
0.413,1470
0.414,1472
0.415,1448
0.416,1464
0.417,1470
0.418,1445
0.419,1469
0.42,1480
0.421,1495
0.422,1452
0.423,1427
0.424,1426
0.425,1417
0.426,1417
0.427,1391
0.428,1408
0.429,1408
0.43,1407
0.431,1412
0.432,1400
0.433,1389
0.434,1394
0.435,1473
0.436,1485
0.437,1503
0.438,1487
0.439,1508
0.44,1506
0.441,1536
0.442,1488
0.443,1496
0.444,1472
0.445,1471
0.446,1447
0.447,1427
0.448,1432
0.449,1492
0.45,1454
0.451,1439
0.452,1428
0.453,1416
0.454,1424
0.455,1486
0.456,1448
0.457,1430
0.458,1426
0.459,1467
0.46,1507
0.461,1470
0.462,1462
0.463,1477
0.464,1448
0.465,1433
0.466,1428
0.467,1428
0.468,1434
0.469,1452
0.47,1476
0.471,1435
0.472,1431
0.473,1430
0.474,1430
0.475,1431
0.476,1417
0.477,1427
0.478,1411
0.479,1447
0.48,1460
0.481,1420
0.482,1412
0.483,1397
0.484,1405
0.485,1398
0.486,1381
0.487,1379
0.488,1360
0.489,1381
0.49,1395
0.491,1385
0.492,1382
0.493,1403
0.494,1384
0.495,1420
0.496,1424
0.497,1407
0.498,1397
0.499,1444
0.5,1431
0.501,1422
0.502,1416
0.503,1422
0.504,1432
0.505,1434
0.506,1419
0.507,1408
0.508,1432
0.509,1447
0.51,1519
0.511,1496
0.512,1493
0.513,1478
0.514,1488
0.515,1472
0.516,1451
0.517,1450
0.518,1448
0.519,1488
0.52,1480
0.521,1470
0.522,1461
0.523,1456
0.524,1507
0.525,1585
0.526,1549
0.527,1536
0.528,1546
0.529,1596
0.53,1570
0.531,1542
0.532,1533
0.533,1536
0.534,1610
0.535,1600
0.536,1583
0.537,1599
0.538,1594
0.539,1592
0.54,1569
0.541,1575
0.542,1544
0.543,1544
0.544,1572
0.545,1518
0.546,1544
0.547,1536
0.548,1543
0.549,1529
0.55,1512
0.551,1501
0.552,1497
0.553,1498
0.554,1500
0.555,1485
0.556,1503
0.557,1475
0.558,1503
0.559,1536
0.56,1492
0.561,1472
0.562,1471
0.563,1519
0.564,1462
0.565,1459
0.566,1438
0.567,1428
0.568,1496
0.569,1547
0.57,1504
0.571,1521
0.572,1482
0.573,1470
0.574,1485
0.575,1466
0.576,1440
0.577,1422
0.578,1450
0.579,1442
0.58,1428
0.581,1418
0.582,1415
0.583,1413
0.584,1406
0.585,1398
0.586,1386
0.587,1392
0.588,1408
0.589,1420
0.59,1398
0.591,1386
0.592,1386
0.593,1386
0.594,1374
0.595,1357
0.596,1348
0.597,1340
0.598,1335
0.599,1368
0.6,1355
0.601,1336
0.602,1324
0.603,1335
0.604,1309
0.605,1296
0.606,1285
0.607,1278
0.608,1279
0.609,1298
0.61,1309
0.611,1280
0.612,1266
0.613,1252
0.614,1235
0.615,1248
0.616,1224
0.617,1245
0.618,1210
0.619,1229
0.62,1228
0.621,1226
0.622,1231
0.623,1224
0.624,1224
0.625,1237
0.626,1220
0.627,1204
0.628,1191
0.629,1206
0.63,1216
0.631,1220
0.632,1207
0.633,1198
0.634,1184
0.635,1190
0.636,1208
0.637,1190
0.638,1191
0.639,1231
0.64,1242
0.641,1235
0.642,1232
0.643,1240
0.644,1240
0.645,1242
0.646,1265
0.647,1252
0.648,1264
0.649,1280
0.65,1292
0.651,1284
0.652,1274
0.653,1281
0.654,1266
0.655,1280
0.656,1280
0.657,1270
0.658,1288
0.659,1309
0.66,1317
0.661,1384
0.662,1375
0.663,1343
0.664,1329
0.665,1344
0.666,1368
0.667,1299
0.668,1336
0.669,1340
0.67,1344
0.671,1327
0.672,1331
0.673,1307
0.674,1302
0.675,1327
0.676,1342
0.677,1339
0.678,1327
0.679,1384
0.68,1402
0.681,1392
0.682,1407
0.683,1391
0.684,1387
0.685,1423
0.686,1432
0.687,1396
0.688,1385
0.689,1432
0.69,1400
0.691,1392
0.692,1384
0.693,1382
0.694,1376
0.695,1376
0.696,1371
0.697,1380
0.698,1368
0.699,1408
0.7,1398
0.701,1392
0.702,1383
0.703,1375
0.704,1372
0.705,1371
0.706,1367
0.707,1360
0.708,1355
0.709,1388
0.71,1391
0.711,1439
0.712,1393
0.713,1394
0.714,1391
0.715,1384
0.716,1379
0.717,1368
0.718,1383
0.719,1359
0.72,1408
0.721,1402
0.722,1408
0.723,1391
0.724,1392
0.725,1400
0.726,1389
0.727,1371
0.728,1365
0.729,1403
0.73,1403
0.731,1389
0.732,1380
0.733,1375
0.734,1371
0.735,1364
0.736,1367
0.737,1352
0.738,1348
0.739,1349
0.74,1379
0.741,1368
0.742,1379
0.743,1340
0.744,1340
0.745,1337
0.746,1339
0.747,1333
0.748,1342
0.749,1328
0.75,1356
0.751,1347
0.752,1368
0.753,1328
0.754,1321
0.755,1334
0.756,1315
0.757,1323
0.758,1314
0.759,1306
0.76,1312
0.761,1340
0.762,1398
0.763,1404
0.764,1384
0.765,1378
0.766,1371
0.767,1365
0.768,1353
0.769,1361
0.77,1337
0.771,1379
0.772,1374
0.773,1376
0.774,1353
0.775,1350
0.776,1354
0.777,1403
0.778,1412
0.779,1420
0.78,1388
0.781,1417
0.782,1412
0.783,1394
0.784,1379
0.785,1374
0.786,1380
0.787,1373
0.788,1374
0.789,1370
0.79,1381
0.791,1387
0.792,1400
0.793,1395
0.794,1363
0.795,1375
0.796,1344
0.797,1343
0.798,1344
0.799,1329
0.8,1340
0.801,1361
0.802,1354
0.803,1344
0.804,1329
0.805,1320
0.806,1317
0.807,1334
0.808,1307
0.809,1301
0.81,1298
0.811,1347
0.812,1360
0.813,1338
0.814,1333
0.815,1312
0.816,1312
0.817,1297
0.818,1288
0.819,1286
0.82,1284
0.821,1315
0.822,1324
0.823,1297
0.824,1281
0.825,1275
0.826,1276
0.827,1264
0.828,1268
0.829,1260
0.83,1271
0.831,1273
0.832,1299
0.833,1288
0.834,1269
0.835,1260
0.836,1258
0.837,1239
0.838,1254
0.839,1237
0.84,1240
0.841,1290
0.842,1287
0.843,1272
0.844,1245
0.845,1263
0.846,1236
0.847,1228
0.848,1228
0.849,1225
0.85,1223
0.851,1236
0.852,1252
0.853,1240
0.854,1230
0.855,1222
0.856,1232
0.857,1219
0.858,1211
0.859,1203
0.86,1205
0.861,1237
0.862,1248
0.863,1263
0.864,1208
0.865,1199
0.866,1191
0.867,1184
0.868,1179
0.869,1183
0.87,1185
0.871,1215
0.872,1215
0.873,1214
0.874,1198
0.875,1215
0.876,1191
0.877,1179
0.878,1172
0.879,1187
0.88,1168
0.881,1185
0.882,1215
0.883,1186
0.884,1174
0.885,1176
0.886,1163
0.887,1148
0.888,1154
0.889,1144
0.89,1151
0.891,1216
0.892,1204
0.893,1194
0.894,1152
0.895,1146
0.896,1144
0.897,1145
0.898,1143
0.899,1162
0.9,1154
0.901,1154
0.902,1172
0.903,1168
0.904,1148
0.905,1141
0.906,1138
0.907,1127
0.908,1120
0.909,1120
0.91,1123
0.911,1150
0.912,1153
0.913,1146
0.914,1152
0.915,1128
0.916,1142
0.917,1104
0.918,1097
0.919,1116
0.92,1111
0.921,1128
0.922,1147
0.923,1142
0.924,1126
0.925,1128
0.926,1109
0.927,1120
0.928,1094
0.929,1099
0.93,1100
0.931,1136
0.932,1138
0.933,1134
0.934,1116
0.935,1106
0.936,1112
0.937,1089
0.938,1088
0.939,1089
0.94,1087
0.941,1107
0.942,1121
0.943,1112
0.944,1096
0.945,1087
0.946,1079
0.947,1078
0.948,1088
0.949,1083
0.95,1094
0.951,1088
0.952,1136
0.953,1111
0.954,1095
0.955,1082
0.956,1076
0.957,1082
0.958,1081
0.959,1061
0.96,1065
0.961,1095
0.962,1120
0.963,1089
0.964,1074
0.965,1066
0.966,1056
0.967,1057
0.968,1060
0.969,1052
0.97,1052
0.971,1082
0.972,1083
0.973,1078
0.974,1077
0.975,1052
0.976,1047
0.977,1059
0.978,1056
0.979,1047
0.98,1076
0.981,1078
0.982,1104
0.983,1106
0.984,1072
0.985,1056
0.986,1042
0.987,1070
0.988,1042
0.989,1037
0.99,1040
0.991,1044
0.992,1075
0.993,1075
0.994,1056
0.995,1042
0.996,1032
0.997,1027
0.998,1023
0.999,1021
