0.0,917
0.0,933
0.0,940
0.0,939
0.0,929
0.01,918
0.01,914
0.01,928
0.01,932
0.01,930
0.01,926
0.01,926
0.01,944
0.01,965
0.01,976
0.01,955
0.02,944
0.02,943
0.02,968
0.02,967
0.02,959
0.02,952
0.02,955
0.02,964
0.02,977
0.03,968
0.03,952
0.03,941
0.03,940
0.03,953
0.03,947
0.03,942
0.03,936
0.03,945
0.03,953
0.04,959
0.04,949
0.04,937
0.04,927
0.04,932
0.04,946
0.04,940
0.04,931
0.04,922
0.04,934
0.04,939
0.05,944
0.05,936
0.05,925
0.05,928
0.05,921
0.05,931
0.05,922
0.05,915
0.05,908
0.06,925
0.06,938
0.06,941
0.06,932
0.06,919
0.06,910
0.06,926
0.06,935
0.06,922
0.06,911
0.07,906
0.07,922
0.07,937
0.07,938
0.07,922
0.07,913
0.07,911
0.07,932
0.07,943
0.07,938
0.07,932
0.08,936
0.08,955
0.08,983
0.08,981
0.08,946
0.08,944
0.08,958
0.08,971
0.08,968
0.09,959
0.09,970
0.09,975
0.09,1003
0.09,1002
0.09,989
0.09,994
0.09,992
0.09,1031
0.09,1057
0.1,1039
0.1,1036
0.1,1104
0.1,1112
0.1,1134
0.1,1114
0.1,1088
0.1,1080
0.1,1096
0.1,1135
0.1,1152
0.11,1144
0.11,1136
0.11,1164
0.11,1183
0.11,1176
0.11,1154
0.11,1140
0.11,1139
0.11,1166
0.12,1177
0.12,1166
0.12,1149
0.12,1153
0.12,1160
0.12,1160
0.12,1148
0.12,1137
0.12,1122
0.12,1119
0.12,1127
0.13,1112
0.13,1103
0.13,1088
0.13,1097
0.13,1098
0.13,1096
0.13,1082
0.13,1069
0.13,1057
0.14,1086
0.14,1075
0.14,1068
0.14,1056
0.14,1043
0.14,1055
0.14,1065
0.14,1072
0.14,1038
0.14,1032
0.14,1024
0.15,1037
0.15,1045
0.15,1025
0.15,1011
0.15,1056
0.15,1048
0.15,1072
0.15,1036
0.15,1019
0.15,1023
0.16,1056
0.16,1054
0.16,1056
0.16,1036
0.16,1056
0.16,1061
0.16,1060
0.16,1044
0.16,1033
0.17,1029
0.17,1046
0.17,1059
0.17,1055
0.17,1049
0.17,1055
0.17,1073
0.17,1071
0.17,1071
0.17,1064
0.18,1035
0.18,1045
0.18,1056
0.18,1068
0.18,1073
0.18,1036
0.18,1076
0.18,1087
0.18,1097
0.18,1087
0.18,1096
0.19,1095
0.19,1103
0.19,1088
0.19,1068
0.19,1060
0.19,1079
0.19,1073
0.19,1081
0.19,1080
0.2,1088
0.2,1060
0.2,1060
0.2,1085
0.2,1090
0.2,1086
0.2,1080
0.2,1075
0.2,1136
0.2,1156
0.21,1178
0.21,1159
0.21,1144
0.21,1141
0.21,1158
0.21,1163
0.21,1153
0.21,1140
0.21,1145
0.21,1159
0.21,1171
0.22,1157
0.22,1140
0.22,1128
0.22,1132
0.22,1159
0.22,1148
0.22,1159
0.22,1122
0.22,1142
0.23,1149
0.23,1146
0.23,1130
0.23,1114
0.23,1105
0.23,1124
0.23,1133
0.23,1147
0.23,1106
0.23,1096
0.24,1112
0.24,1126
0.24,1124
0.24,1107
0.24,1119
0.24,1120
0.24,1143
0.24,1103
0.24,1097
0.24,1088
0.24,1112
0.25,1119
0.25,1115
0.25,1102
0.25,1093
0.25,1088
0.25,1118
0.25,1109
0.25,1104
0.25,1091
0.26,1087
0.26,1119
0.26,1137
0.26,1131
0.26,1120
0.26,1106
0.26,1105
0.26,1136
0.26,1114
0.26,1106
0.27,1106
0.27,1152
0.27,1184
0.27,1168
0.27,1149
0.27,1147
0.27,1207
0.27,1184
0.27,1172
0.27,1158
0.28,1183
0.28,1197
0.28,1216
0.28,1171
0.28,1162
0.28,1196
0.28,1282
0.28,1288
0.28,1304
0.28,1284
0.29,1312
0.29,1301
0.29,1288
0.29,1293
0.29,1253
0.29,1266
0.29,1267
0.29,1255
0.29,1234
0.29,1267
0.29,1277
0.3,1269
0.3,1264
0.3,1237
0.3,1255
0.3,1275
0.3,1271
0.3,1252
0.3,1307
0.3,1358
0.3,1325
0.31,1308
0.31,1297
0.31,1332
0.31,1411
0.31,1423
0.31,1372
0.31,1372
0.31,1410
0.31,1467
0.32,1428
0.32,1399
0.32,1423
0.32,1464
0.32,1504
0.32,1466
0.32,1472
0.32,1495
0.32,1518
0.32,1483
0.33,1464
0.33,1465
0.33,1543
0.33,1568
0.33,1538
0.33,1517
0.33,1564
0.33,1578
0.33,1583
0.33,1554
0.34,1530
0.34,1529
0.34,1538
0.34,1527
0.34,1523
0.34,1480
0.34,1501
0.34,1558
0.34,1536
0.34,1514
0.35,1500
0.35,1512
0.35,1510
0.35,1493
0.35,1480
0.35,1480
0.35,1501
0.35,1515
0.35,1493
0.35,1469
0.35,1452
0.36,1459
0.36,1470
0.36,1461
0.36,1440
0.36,1471
0.36,1480
0.36,1489
0.36,1465
0.36,1463
0.36,1426
0.37,1427
0.37,1425
0.37,1403
0.37,1408
0.37,1440
0.37,1410
0.37,1391
0.37,1376
0.37,1354
0.38,1364
0.38,1366
0.38,1359
0.38,1331
0.38,1356
0.38,1374
0.38,1324
0.38,1310
0.38,1319
0.38,1402
0.39,1412
0.39,1395
0.39,1385
0.39,1439
0.39,1480
0.39,1455
0.39,1448
0.39,1423
0.39,1496
0.39,1469
0.4,1461
0.4,1446
0.4,1477
0.4,1511
0.4,1534
0.4,1511
0.4,1487
0.4,1556
0.4,1580
0.4,1573
0.41,1552
0.41,1600
0.41,1599
0.41,1556
0.41,1535
0.41,1503
0.41,1512
0.41,1580
0.41,1600
0.41,1592
0.42,1571
0.42,1600
0.42,1560
0.42,1538
0.42,1505
0.42,1519
0.42,1549
0.42,1536
0.42,1507
0.42,1503
0.42,1514
0.43,1572
0.43,1584
0.43,1531
0.43,1518
0.43,1537
0.43,1568
0.43,1515
0.43,1490
0.43,1551
0.43,1548
0.44,1566
0.44,1542
0.44,1517
0.44,1512
0.44,1521
0.44,1516
0.44,1500
0.44,1482
0.44,1516
0.45,1536
0.45,1563
0.45,1504
0.45,1496
0.45,1468
0.45,1469
0.45,1490
0.45,1431
0.45,1432
0.45,1430
0.46,1442
0.46,1411
0.46,1387
0.46,1380
0.46,1399
0.46,1405
0.46,1394
0.46,1379
0.46,1380
0.46,1389
0.47,1376
0.47,1360
0.47,1343
0.47,1338
0.47,1382
0.47,1418
0.47,1410
0.47,1389
0.47,1390
0.47,1394
0.48,1388
0.48,1384
0.48,1360
0.48,1360
0.48,1356
0.48,1348
0.48,1340
0.48,1328
0.48,1335
0.48,1338
0.48,1335
0.49,1327
0.49,1290
0.49,1295
0.49,1309
0.49,1303
0.49,1294
0.49,1311
0.49,1303
0.49,1315
0.49,1322
0.5,1312
0.5,1295
0.5,1303
0.5,1307
0.5,1323
0.5,1292
0.5,1289
0.5,1295
0.5,1309
0.51,1296
0.51,1284
0.51,1265
0.51,1280
0.51,1289
0.51,1288
0.51,1283
0.51,1281
0.51,1285
0.51,1293
0.52,1282
0.52,1268
0.52,1255
0.52,1271
0.52,1290
0.52,1288
0.52,1279
0.52,1274
0.52,1278
0.52,1296
0.53,1280
0.53,1253
0.53,1240
0.53,1255
0.53,1271
0.53,1269
0.53,1265
0.53,1266
0.53,1271
0.53,1281
0.54,1279
0.54,1259
0.54,1240
0.54,1249
0.54,1258
0.54,1248
0.54,1243
0.54,1244
0.54,1243
0.54,1256
0.55,1249
0.55,1234
0.55,1216
0.55,1223
0.55,1239
0.55,1225
0.55,1211
0.55,1221
0.55,1228
0.55,1233
0.56,1222
0.56,1216
0.56,1211
0.56,1227
0.56,1240
0.56,1239
0.56,1232
0.56,1248
0.56,1260
0.56,1236
0.57,1221
0.57,1224
0.57,1296
0.57,1281
0.57,1241
0.57,1247
0.57,1264
0.57,1275
0.57,1264
0.57,1256
0.58,1233
0.58,1250
0.58,1288
0.58,1268
0.58,1312
0.58,1311
0.58,1399
0.58,1391
0.58,1376
0.58,1380
0.58,1451
0.59,1432
0.59,1432
0.59,1463
0.59,1468
0.59,1471
0.59,1450
0.59,1427
0.59,1430
0.59,1455
0.59,1479
0.6,1460
0.6,1435
0.6,1459
0.6,1499
0.6,1458
0.6,1449
0.6,1446
0.6,1460
0.6,1524
0.6,1535
0.61,1494
0.61,1490
0.61,1535
0.61,1510
0.61,1488
0.61,1461
0.61,1462
0.61,1492
0.61,1477
0.61,1452
0.62,1499
0.62,1495
0.62,1475
0.62,1456
0.62,1480
0.62,1454
0.62,1468
0.62,1451
0.62,1426
0.62,1496
0.63,1514
0.63,1499
0.63,1474
0.63,1459
0.63,1455
0.63,1438
0.63,1410
0.63,1408
0.63,1447
0.64,1444
0.64,1427
0.64,1416
0.64,1415
0.64,1444
0.64,1466
0.64,1449
0.64,1434
0.64,1479
0.64,1504
0.65,1496
0.65,1472
0.65,1455
0.65,1439
0.65,1444
0.65,1440
0.65,1398
0.65,1381
0.65,1404
0.65,1403
0.66,1390
0.66,1379
0.66,1371
0.66,1372
0.66,1385
0.66,1368
0.66,1347
0.66,1329
0.66,1345
0.66,1351
0.67,1341
0.67,1321
0.67,1311
0.67,1302
0.67,1299
0.67,1286
0.67,1266
0.67,1244
0.67,1262
0.67,1260
0.68,1247
0.68,1236
0.68,1233
0.68,1224
0.68,1221
0.68,1209
0.68,1196
0.68,1198
0.68,1224
0.68,1191
0.69,1188
0.69,1183
0.69,1168
0.69,1172
0.69,1156
0.69,1140
0.69,1130
0.69,1154
0.69,1154
0.69,1145
0.7,1140
0.7,1132
0.7,1124
0.7,1126
0.7,1112
0.7,1098
0.7,1089
0.7,1116
0.7,1135
0.7,1106
0.7,1100
0.71,1091
0.71,1111
0.71,1098
0.71,1084
0.71,1063
0.71,1071
0.71,1081
0.71,1083
0.71,1099
0.71,1088
0.72,1069
0.72,1088
0.72,1087
0.72,1073
0.72,1060
0.72,1084
0.72,1098
0.72,1111
0.72,1075
0.72,1066
0.73,1082
0.73,1094
0.73,1088
0.73,1096
0.73,1128
0.73,1142
0.73,1146
0.73,1123
0.73,1124
0.73,1119
0.74,1132
0.74,1120
0.74,1099
0.74,1115
0.74,1139
0.74,1148
0.74,1131
0.74,1145
0.74,1111
0.74,1143
0.75,1134
0.75,1135
0.75,1131
0.75,1141
0.75,1168
0.75,1177
0.75,1161
0.75,1152
0.75,1216
0.76,1254
0.76,1232
0.76,1240
0.76,1258
0.76,1284
0.76,1288
0.76,1288
0.76,1247
0.76,1278
0.76,1283
0.77,1267
0.77,1264
0.77,1255
0.77,1282
0.77,1286
0.77,1279
0.77,1242
0.77,1249
0.77,1257
0.77,1268
0.78,1226
0.78,1288
0.78,1297
0.78,1308
0.78,1280
0.78,1275
0.78,1256
0.78,1259
0.78,1237
0.78,1224
0.79,1279
0.79,1289
0.79,1264
0.79,1240
0.79,1225
0.79,1231
0.79,1244
0.79,1264
0.79,1248
0.79,1232
0.8,1249
0.8,1264
0.8,1251
0.8,1236
0.8,1221
0.8,1224
0.8,1247
0.8,1290
0.8,1278
0.8,1261
0.81,1276
0.81,1286
0.81,1281
0.81,1262
0.81,1245
0.81,1233
0.81,1237
0.81,1246
0.81,1185
0.81,1216
0.82,1216
0.82,1200
0.82,1175
0.82,1156
0.82,1164
0.82,1175
0.82,1168
0.82,1152
0.82,1153
0.82,1172
0.83,1183
0.83,1148
0.83,1151
0.83,1168
0.83,1149
0.83,1139
0.83,1124
0.83,1125
0.83,1140
0.83,1149
0.83,1134
0.84,1148
0.84,1120
0.84,1121
0.84,1130
0.84,1116
0.84,1100
0.84,1108
0.84,1127
0.84,1127
0.84,1116
0.85,1105
0.85,1109
0.85,1131
0.85,1151
0.85,1114
0.85,1100
0.85,1130
0.85,1145
0.85,1140
0.85,1128
0.86,1110
0.86,1138
0.86,1164
0.86,1147
0.86,1127
0.86,1183
0.86,1181
0.86,1198
0.86,1157
0.86,1167
0.87,1182
0.87,1167
0.87,1151
0.87,1159
0.87,1137
0.87,1171
0.87,1180
0.87,1189
0.87,1174
0.88,1152
0.88,1167
0.88,1180
0.88,1175
0.88,1216
0.88,1200
0.88,1248
0.88,1200
0.88,1194
0.88,1223
0.89,1302
0.89,1281
0.89,1259
0.89,1296
0.89,1294
0.89,1271
0.89,1282
0.89,1250
0.89,1272
0.89,1295
0.9,1280
0.9,1280
0.9,1280
0.9,1328
0.9,1297
0.9,1308
0.9,1260
0.9,1287
0.9,1280
0.9,1290
0.91,1268
0.91,1271
0.91,1335
0.91,1328
0.91,1312
0.91,1285
0.91,1299
0.91,1327
0.91,1282
0.91,1267
0.92,1304
0.92,1319
0.92,1329
0.92,1302
0.92,1304
0.92,1296
0.92,1285
0.92,1272
0.92,1254
0.92,1236
0.93,1280
0.93,1288
0.93,1269
0.93,1256
0.93,1235
0.93,1245
0.93,1262
0.93,1289
0.93,1280
0.93,1281
0.94,1291
0.94,1305
0.94,1246
0.94,1236
0.94,1247
0.94,1240
0.94,1219
0.94,1200
0.94,1217
0.94,1230
0.95,1215
0.95,1197
0.95,1213
0.95,1180
0.95,1189
0.95,1176
0.95,1161
0.95,1168
0.95,1185
0.95,1196
0.96,1181
0.96,1163
0.96,1149
0.96,1152
0.96,1176
0.96,1177
0.96,1164
0.96,1152
0.96,1199
0.96,1212
0.96,1200
0.97,1181
0.97,1179
0.97,1192
0.97,1212
0.97,1162
0.97,1173
0.97,1176
0.97,1178
0.97,1160
0.97,1143
0.98,1152
0.98,1150
0.98,1154
0.98,1152
0.98,1138
0.98,1155
0.98,1157
0.98,1142
0.98,1128
0.98,1118
0.99,1149
0.99,1154
0.99,1138
0.99,1128
0.99,1174
0.99,1208
0.99,1183
0.99,1165
0.99,1167
0.99,1203
1.0,1248
1.0,1211
1.0,1195
1.0,1245
