0.0,1235
0.001,1262
0.002,1262
0.003,1246
0.004,1242
0.005,1235
0.006,1234
0.007,1245
0.008,1230
0.009,1234
0.01,1230
0.011,1232
0.012,1262
0.013,1245
0.014,1237
0.015,1231
0.016,1219
0.017,1219
0.018,1219
0.019,1207
0.02,1209
0.021,1206
0.022,1203
0.023,1236
0.024,1221
0.025,1215
0.026,1204
0.027,1194
0.028,1199
0.029,1194
0.03,1184
0.031,1185
0.032,1183
0.033,1186
0.034,1211
0.035,1196
0.036,1194
0.037,1184
0.038,1175
0.039,1180
0.04,1177
0.041,1166
0.042,1168
0.043,1170
0.044,1174
0.045,1205
0.046,1196
0.047,1187
0.048,1185
0.049,1178
0.05,1188
0.051,1189
0.052,1178
0.053,1186
0.054,1190
0.055,1203
0.056,1220
0.057,1205
0.058,1201
0.059,1189
0.06,1182
0.061,1191
0.062,1188
0.063,1178
0.064,1192
0.065,1188
0.066,1204
0.067,1202
0.068,1194
0.069,1187
0.07,1177
0.071,1164
0.072,1184
0.073,1152
0.074,1154
0.075,1154
0.076,1157
0.077,1200
0.078,1184
0.079,1169
0.08,1162
0.081,1175
0.082,1156
0.083,1176
0.084,1155
0.085,1140
0.086,1139
0.087,1176
0.088,1167
0.089,1160
0.09,1147
0.091,1153
0.092,1144
0.093,1143
0.094,1136
0.095,1142
0.096,1151
0.097,1175
0.098,1177
0.099,1160
0.1,1160
0.101,1148
0.102,1148
0.103,1136
0.104,1134
0.105,1136
0.106,1137
0.107,1151
0.108,1136
0.109,1126
0.11,1121
0.111,1110
0.112,1107
0.113,1093
0.114,1098
0.115,1108
0.116,1140
0.117,1148
0.118,1124
0.119,1120
0.12,1123
0.121,1128
0.122,1117
0.123,1114
0.124,1112
0.125,1159
0.126,1160
0.127,1147
0.128,1141
0.129,1151
0.13,1152
0.131,1164
0.132,1130
0.133,1144
0.134,1151
0.135,1187
0.136,1202
0.137,1178
0.138,1176
0.139,1176
0.14,1216
0.141,1191
0.142,1197
0.143,1236
0.144,1263
0.145,1228
0.146,1237
0.147,1244
0.148,1228
0.149,1218
0.15,1207
0.151,1208
0.152,1201
0.153,1233
0.154,1228
0.155,1244
0.156,1207
0.157,1196
0.158,1222
0.159,1212
0.16,1232
0.161,1226
0.162,1241
0.163,1285
0.164,1300
0.165,1267
0.166,1257
0.167,1264
0.168,1242
0.169,1270
0.17,1248
0.171,1265
0.172,1310
0.173,1273
0.174,1288
0.175,1279
0.176,1260
0.177,1252
0.178,1236
0.179,1247
0.18,1211
0.181,1242
0.182,1262
0.183,1238
0.184,1248
0.185,1218
0.186,1236
0.187,1231
0.188,1213
0.189,1225
0.19,1222
0.191,1251
0.192,1279
0.193,1247
0.194,1248
0.195,1232
0.196,1247
0.197,1228
0.198,1227
0.199,1245
0.2,1248
0.201,1297
0.202,1283
0.203,1275
0.204,1273
0.205,1279
0.206,1262
0.207,1241
0.208,1236
0.209,1229
0.21,1254
0.211,1288
0.212,1282
0.213,1304
0.214,1307
0.215,1328
0.216,1300
0.217,1277
0.218,1278
0.219,1295
0.22,1303
0.221,1317
0.222,1301
0.223,1313
0.224,1321
0.225,1308
0.226,1306
0.227,1290
0.228,1283
0.229,1305
0.23,1308
0.231,1338
0.232,1320
0.233,1306
0.234,1313
0.235,1318
0.236,1332
0.237,1312
0.238,1298
0.239,1310
0.24,1322
0.241,1340
0.242,1324
0.243,1310
0.244,1309
0.245,1311
0.246,1329
0.247,1339
0.248,1326
0.249,1328
0.25,1336
0.251,1362
0.252,1371
0.253,1354
0.254,1346
0.255,1344
0.256,1355
0.257,1377
0.258,1394
0.259,1358
0.26,1369
0.261,1414
0.262,1369
0.263,1362
0.264,1358
0.265,1391
0.266,1380
0.267,1394
0.268,1372
0.269,1376
0.27,1394
0.271,1413
0.272,1392
0.273,1380
0.274,1384
0.275,1395
0.276,1457
0.277,1418
0.278,1424
0.279,1426
0.28,1445
0.281,1425
0.282,1409
0.283,1433
0.284,1432
0.285,1448
0.286,1459
0.287,1478
0.288,1483
0.289,1484
0.29,1515
0.291,1472
0.292,1464
0.293,1467
0.294,1524
0.295,1455
0.296,1427
0.297,1428
0.298,1457
0.299,1470
0.3,1452
0.301,1445
0.302,1429
0.303,1442
0.304,1472
0.305,1454
0.306,1459
0.307,1472
0.308,1520
0.309,1495
0.31,1487
0.311,1504
0.312,1458
0.313,1474
0.314,1465
0.315,1456
0.316,1471
0.317,1463
0.318,1492
0.319,1462
0.32,1455
0.321,1441
0.322,1439
0.323,1422
0.324,1421
0.325,1408
0.326,1392
0.327,1415
0.328,1405
0.329,1391
0.33,1385
0.331,1377
0.332,1399
0.333,1372
0.334,1352
0.335,1362
0.336,1370
0.337,1391
0.338,1348
0.339,1336
0.34,1338
0.341,1346
0.342,1336
0.343,1341
0.344,1345
0.345,1344
0.346,1390
0.347,1390
0.348,1384
0.349,1342
0.35,1350
0.351,1367
0.352,1336
0.353,1336
0.354,1353
0.355,1401
0.356,1381
0.357,1356
0.358,1347
0.359,1356
0.36,1375
0.361,1357
0.362,1355
0.363,1375
0.364,1407
0.365,1424
0.366,1414
0.367,1396
0.368,1386
0.369,1383
0.37,1412
0.371,1395
0.372,1394
0.373,1403
0.374,1434
0.375,1480
0.376,1456
0.377,1429
0.378,1418
0.379,1432
0.38,1432
0.381,1418
0.382,1416
0.383,1415
0.384,1459
0.385,1467
0.386,1472
0.387,1432
0.388,1424
0.389,1446
0.39,1440
0.391,1434
0.392,1456
0.393,1504
0.394,1496
0.395,1483
0.396,1459
0.397,1450
0.398,1468
0.399,1470
0.4,1478
0.401,1454
0.402,1478
0.403,1551
0.404,1513
0.405,1490
0.406,1479
0.407,1486
0.408,1488
0.409,1468
0.41,1474
0.411,1481
0.412,1527
0.413,1547
0.414,1524
0.415,1540
0.416,1531
0.417,1526
0.418,1517
0.419,1496
0.42,1503
0.421,1520
0.422,1552
0.423,1581
0.424,1568
0.425,1542
0.426,1522
0.427,1530
0.428,1511
0.429,1516
0.43,1526
0.431,1552
0.432,1613
0.433,1564
0.434,1558
0.435,1543
0.436,1543
0.437,1540
0.438,1517
0.439,1515
0.44,1522
0.441,1583
0.442,1577
0.443,1560
0.444,1539
0.445,1514
0.446,1526
0.447,1518
0.448,1503
0.449,1550
0.45,1552
0.451,1584
0.452,1583
0.453,1528
0.454,1504
0.455,1519
0.456,1536
0.457,1510
0.458,1512
0.459,1523
0.46,1540
0.461,1583
0.462,1560
0.463,1536
0.464,1520
0.465,1507
0.466,1524
0.467,1503
0.468,1496
0.469,1535
0.47,1563
0.471,1595
0.472,1552
0.473,1522
0.474,1504
0.475,1543
0.476,1536
0.477,1504
0.478,1496
0.479,1506
0.48,1536
0.481,1568
0.482,1539
0.483,1520
0.484,1509
0.485,1500
0.486,1516
0.487,1491
0.488,1491
0.489,1500
0.49,1520
0.491,1568
0.492,1546
0.493,1522
0.494,1506
0.495,1496
0.496,1511
0.497,1500
0.498,1487
0.499,1492
0.5,1496
0.501,1542
0.502,1534
0.503,1515
0.504,1491
0.505,1475
0.506,1491
0.507,1490
0.508,1472
0.509,1484
0.51,1512
0.511,1541
0.512,1578
0.513,1514
0.514,1492
0.515,1512
0.516,1499
0.517,1488
0.518,1482
0.519,1497
0.52,1587
0.521,1553
0.522,1522
0.523,1509
0.524,1504
0.525,1521
0.526,1524
0.527,1504
0.528,1509
0.529,1532
0.53,1604
0.531,1608
0.532,1577
0.533,1544
0.534,1527
0.535,1580
0.536,1521
0.537,1527
0.538,1545
0.539,1584
0.54,1614
0.541,1584
0.542,1553
0.543,1529
0.544,1536
0.545,1520
0.546,1535
0.547,1517
0.548,1532
0.549,1591
0.55,1584
0.551,1552
0.552,1522
0.553,1512
0.554,1520
0.555,1495
0.556,1503
0.557,1516
0.558,1553
0.559,1562
0.56,1540
0.561,1510
0.562,1480
0.563,1481
0.564,1463
0.565,1476
0.566,1482
0.567,1503
0.568,1568
0.569,1548
0.57,1520
0.571,1490
0.572,1496
0.573,1487
0.574,1466
0.575,1483
0.576,1507
0.577,1579
0.578,1538
0.579,1512
0.58,1490
0.581,1483
0.582,1486
0.583,1500
0.584,1483
0.585,1504
0.586,1560
0.587,1558
0.588,1533
0.589,1528
0.59,1524
0.591,1591
0.592,1517
0.593,1540
0.594,1551
0.595,1583
0.596,1644
0.597,1578
0.598,1546
0.599,1521
0.6,1529
0.601,1508
0.602,1504
0.603,1520
0.604,1524
0.605,1578
0.606,1571
0.607,1544
0.608,1523
0.609,1508
0.61,1512
0.611,1501
0.612,1489
0.613,1503
0.614,1515
0.615,1559
0.616,1572
0.617,1548
0.618,1524
0.619,1512
0.62,1507
0.621,1532
0.622,1494
0.623,1500
0.624,1511
0.625,1539
0.626,1578
0.627,1551
0.628,1515
0.629,1494
0.63,1544
0.631,1504
0.632,1485
0.633,1503
0.634,1522
0.635,1578
0.636,1554
0.637,1530
0.638,1508
0.639,1500
0.64,1522
0.641,1505
0.642,1498
0.643,1535
0.644,1540
0.645,1586
0.646,1564
0.647,1542
0.648,1559
0.649,1517
0.65,1532
0.651,1510
0.652,1514
0.653,1524
0.654,1561
0.655,1577
0.656,1599
0.657,1536
0.658,1509
0.659,1526
0.66,1514
0.661,1496
0.662,1506
0.663,1516
0.664,1557
0.665,1553
0.666,1525
0.667,1545
0.668,1532
0.669,1515
0.67,1504
0.671,1484
0.672,1492
0.673,1504
0.674,1549
0.675,1540
0.676,1514
0.677,1497
0.678,1482
0.679,1482
0.68,1475
0.681,1458
0.682,1460
0.683,1469
0.684,1492
0.685,1507
0.686,1483
0.687,1467
0.688,1456
0.689,1445
0.69,1452
0.691,1430
0.692,1432
0.693,1432
0.694,1442
0.695,1473
0.696,1448
0.697,1428
0.698,1413
0.699,1399
0.7,1411
0.701,1390
0.702,1425
0.703,1421
0.704,1468
0.705,1423
0.706,1399
0.707,1392
0.708,1377
0.709,1389
0.71,1376
0.711,1367
0.712,1377
0.713,1376
0.714,1412
0.715,1416
0.716,1375
0.717,1368
0.718,1382
0.719,1349
0.72,1353
0.721,1332
0.722,1340
0.723,1344
0.724,1358
0.725,1407
0.726,1352
0.727,1348
0.728,1367
0.729,1345
0.73,1347
0.731,1360
0.732,1364
0.733,1361
0.734,1364
0.735,1361
0.736,1376
0.737,1336
0.738,1327
0.739,1317
0.74,1330
0.741,1308
0.742,1311
0.743,1312
0.744,1318
0.745,1347
0.746,1328
0.747,1318
0.748,1308
0.749,1296
0.75,1310
0.751,1290
0.752,1294
0.753,1304
0.754,1303
0.755,1340
0.756,1318
0.757,1307
0.758,1296
0.759,1288
0.76,1288
0.761,1278
0.762,1269
0.763,1276
0.764,1274
0.765,1305
0.766,1298
0.767,1284
0.768,1271
0.769,1264
0.77,1260
0.771,1263
0.772,1248
0.773,1258
0.774,1259
0.775,1271
0.776,1292
0.777,1274
0.778,1267
0.779,1258
0.78,1244
0.781,1256
0.782,1239
0.783,1238
0.784,1240
0.785,1247
0.786,1288
0.787,1266
0.788,1251
0.789,1266
0.79,1262
0.791,1276
0.792,1232
0.793,1232
0.794,1231
0.795,1238
0.796,1266
0.797,1251
0.798,1248
0.799,1243
0.8,1226
0.801,1229
0.802,1216
0.803,1218
0.804,1220
0.805,1224
0.806,1256
0.807,1243
0.808,1233
0.809,1220
0.81,1205
0.811,1208
0.812,1215
0.813,1195
0.814,1228
0.815,1216
0.816,1232
0.817,1228
0.818,1216
0.819,1231
0.82,1190
0.821,1186
0.822,1176
0.823,1184
0.824,1175
0.825,1176
0.826,1208
0.827,1192
0.828,1181
0.829,1161
0.83,1153
0.831,1160
0.832,1145
0.833,1145
0.834,1151
0.835,1183
0.836,1192
0.837,1160
0.838,1145
0.839,1130
0.84,1135
0.841,1135
0.842,1121
0.843,1127
0.844,1122
0.845,1152
0.846,1137
0.847,1131
0.848,1118
0.849,1104
0.85,1104
0.851,1103
0.852,1088
0.853,1079
0.854,1098
0.855,1105
0.856,1102
0.857,1094
0.858,1108
0.859,1068
0.86,1088
0.861,1059
0.862,1055
0.863,1051
0.864,1075
0.865,1073
0.866,1074
0.867,1064
0.868,1052
0.869,1042
0.87,1040
0.871,1036
0.872,1031
0.873,1030
0.874,1029
0.875,1048
0.876,1050
0.877,1041
0.878,1025
0.879,1012
0.88,1009
0.881,1005
0.882,1001
0.883,996
0.884,991
0.885,1017
0.886,1016
0.887,1020
0.888,996
0.889,980
0.89,981
0.891,974
0.892,971
0.893,974
0.894,990
0.895,993
0.896,1008
0.897,970
0.898,983
0.899,962
0.9,958
0.901,959
0.902,951
0.903,944
0.904,973
0.905,977
0.906,969
0.907,957
0.908,959
0.909,946
0.91,943
0.911,946
0.912,930
0.913,939
0.914,956
0.915,959
0.916,951
0.917,940
0.918,928
0.919,940
0.92,932
0.921,928
0.922,923
0.923,923
0.924,954
0.925,968
0.926,968
0.927,960
0.928,938
0.929,946
0.93,958
0.931,955
0.932,950
0.933,976
0.934,975
0.935,971
0.936,966
0.937,949
0.938,956
0.939,960
0.94,953
0.941,952
0.942,976
0.943,992
0.944,980
0.945,970
0.946,959
0.947,956
0.948,959
0.949,956
0.95,953
0.951,975
0.952,976
0.953,983
0.954,1011
0.955,981
0.956,976
0.957,974
0.958,980
0.959,977
0.96,973
0.961,986
0.962,1005
0.963,1001
0.964,990
0.965,984
0.966,983
0.967,1011
0.968,991
0.969,982
0.97,978
0.971,1023
0.972,1012
0.973,1023
0.974,1008
0.975,1018
0.976,1001
0.977,1030
0.978,1033
0.979,1039
0.98,1047
0.981,1072
0.982,1066
0.983,1083
0.984,1078
0.985,1060
0.986,1072
0.987,1094
0.988,1088
0.989,1056
0.99,1079
0.991,1107
0.992,1096
0.993,1074
0.994,1088
0.995,1066
0.996,1080
0.997,1083
0.998,1073
0.999,1070
