0.0,680
0.001,719
0.002,724
0.003,702
0.004,702
0.005,697
0.006,686
0.007,692
0.008,713
0.009,706
0.01,687
0.011,687
0.012,686
0.013,675
0.014,686
0.015,713
0.016,696
0.017,688
0.018,683
0.019,696
0.02,675
0.021,687
0.022,715
0.023,704
0.024,680
0.025,689
0.026,688
0.027,680
0.028,704
0.029,722
0.03,711
0.031,696
0.032,711
0.033,710
0.034,713
0.035,728
0.036,754
0.037,733
0.038,713
0.039,742
0.04,733
0.041,722
0.042,756
0.043,776
0.044,758
0.045,744
0.046,760
0.047,758
0.048,751
0.049,784
0.05,774
0.051,763
0.052,749
0.053,760
0.054,752
0.055,740
0.056,773
0.057,781
0.058,756
0.059,734
0.06,733
0.061,722
0.062,718
0.063,765
0.064,741
0.065,722
0.066,723
0.067,739
0.068,733
0.069,730
0.07,769
0.071,768
0.072,744
0.073,737
0.074,736
0.075,738
0.076,735
0.077,768
0.078,746
0.079,728
0.08,727
0.081,726
0.082,725
0.083,732
0.084,756
0.085,740
0.086,722
0.087,726
0.088,726
0.089,718
0.09,728
0.091,747
0.092,733
0.093,713
0.094,721
0.095,730
0.096,702
0.097,717
0.098,734
0.099,717
0.1,695
0.101,699
0.102,697
0.103,693
0.104,737
0.105,725
0.106,711
0.107,693
0.108,704
0.109,699
0.11,691
0.111,723
0.112,724
0.113,703
0.114,691
0.115,689
0.116,689
0.117,681
0.118,714
0.119,715
0.12,692
0.121,687
0.122,693
0.123,703
0.124,697
0.125,728
0.126,716
0.127,684
0.128,697
0.129,708
0.13,694
0.131,735
0.132,727
0.133,712
0.134,702
0.135,707
0.136,704
0.137,718
0.138,727
0.139,728
0.14,698
0.141,698
0.142,699
0.143,689
0.144,740
0.145,719
0.146,705
0.147,705
0.148,712
0.149,711
0.15,729
0.151,735
0.152,728
0.153,702
0.154,720
0.155,721
0.156,720
0.157,746
0.158,746
0.159,732
0.16,729
0.161,731
0.162,720
0.163,735
0.164,758
0.165,738
0.166,730
0.167,743
0.168,735
0.169,733
0.17,775
0.171,744
0.172,724
0.173,735
0.174,726
0.175,714
0.176,721
0.177,746
0.178,726
0.179,710
0.18,725
0.181,723
0.182,708
0.183,737
0.184,736
0.185,720
0.186,724
0.187,731
0.188,720
0.189,738
0.19,762
0.191,749
0.192,733
0.193,756
0.194,744
0.195,747
0.196,764
0.197,760
0.198,749
0.199,741
0.2,730
0.201,734
0.202,763
0.203,751
0.204,738
0.205,746
0.206,744
0.207,731
0.208,760
0.209,768
0.21,745
0.211,733
0.212,751
0.213,744
0.214,731
0.215,758
0.216,761
0.217,748
0.218,742
0.219,748
0.22,745
0.221,732
0.222,761
0.223,752
0.224,739
0.225,737
0.226,736
0.227,726
0.228,731
0.229,760
0.23,730
0.231,735
0.232,733
0.233,717
0.234,739
0.235,756
0.236,743
0.237,740
0.238,768
0.239,740
0.24,730
0.241,784
0.242,775
0.243,746
0.244,763
0.245,763
0.246,748
0.247,752
0.248,783
0.249,752
0.25,746
0.251,761
0.252,752
0.253,738
0.254,783
0.255,781
0.256,761
0.257,783
0.258,768
0.259,768
0.26,766
0.261,769
0.262,776
0.263,777
0.264,767
0.265,752
0.266,745
0.267,764
0.268,754
0.269,736
0.27,757
0.271,745
0.272,734
0.273,775
0.274,762
0.275,746
0.276,758
0.277,772
0.278,748
0.279,756
0.28,776
0.281,777
0.282,739
0.283,748
0.284,743
0.285,733
0.286,757
0.287,760
0.288,747
0.289,748
0.29,762
0.291,757
0.292,769
0.293,797
0.294,772
0.295,767
0.296,768
0.297,780
0.298,746
0.299,796
0.3,772
0.301,756
0.302,767
0.303,765
0.304,743
0.305,792
0.306,784
0.307,756
0.308,758
0.309,768
0.31,768
0.311,795
0.312,824
0.313,816
0.314,779
0.315,792
0.316,776
0.317,763
0.318,786
0.319,778
0.32,753
0.321,764
0.322,783
0.323,767
0.324,792
0.325,794
0.326,765
0.327,764
0.328,778
0.329,788
0.33,800
0.331,804
0.332,782
0.333,762
0.334,777
0.335,782
0.336,780
0.337,801
0.338,779
0.339,758
0.34,770
0.341,783
0.342,780
0.343,801
0.344,811
0.345,788
0.346,772
0.347,800
0.348,804
0.349,800
0.35,813
0.351,791
0.352,767
0.353,762
0.354,775
0.355,765
0.356,794
0.357,797
0.358,780
0.359,768
0.36,786
0.361,792
0.362,818
0.363,833
0.364,818
0.365,784
0.366,811
0.367,798
0.368,799
0.369,816
0.37,805
0.371,780
0.372,778
0.373,775
0.374,787
0.375,800
0.376,821
0.377,800
0.378,785
0.379,800
0.38,791
0.381,792
0.382,827
0.383,831
0.384,796
0.385,785
0.386,791
0.387,796
0.388,831
0.389,844
0.39,806
0.391,780
0.392,811
0.393,793
0.394,796
0.395,829
0.396,809
0.397,797
0.398,801
0.399,808
0.4,831
0.401,839
0.402,800
0.403,783
0.404,794
0.405,791
0.406,792
0.407,824
0.408,804
0.409,784
0.41,782
0.411,789
0.412,779
0.413,803
0.414,822
0.415,775
0.416,773
0.417,761
0.418,768
0.419,787
0.42,819
0.421,810
0.422,788
0.423,778
0.424,785
0.425,787
0.426,796
0.427,816
0.428,798
0.429,761
0.43,764
0.431,770
0.432,761
0.433,798
0.434,786
0.435,763
0.436,768
0.437,774
0.438,784
0.439,800
0.44,800
0.441,776
0.442,765
0.443,796
0.444,776
0.445,800
0.446,803
0.447,791
0.448,773
0.449,781
0.45,797
0.451,776
0.452,811
0.453,793
0.454,765
0.455,768
0.456,781
0.457,776
0.458,821
0.459,797
0.46,772
0.461,786
0.462,779
0.463,775
0.464,785
0.465,808
0.466,770
0.467,752
0.468,772
0.469,772
0.47,768
0.471,798
0.472,782
0.473,757
0.474,763
0.475,780
0.476,783
0.477,789
0.478,788
0.479,761
0.48,755
0.481,760
0.482,768
0.483,784
0.484,810
0.485,776
0.486,759
0.487,779
0.488,780
0.489,772
0.49,801
0.491,783
0.492,761
0.493,762
0.494,772
0.495,770
0.496,789
0.497,796
0.498,773
0.499,758
0.5,768
0.501,767
0.502,768
0.503,792
0.504,779
0.505,757
0.506,763
0.507,776
0.508,769
0.509,797
0.51,814
0.511,783
0.512,784
0.513,787
0.514,804
0.515,815
0.516,823
0.517,800
0.518,778
0.519,795
0.52,803
0.521,792
0.522,818
0.523,820
0.524,801
0.525,815
0.526,808
0.527,831
0.528,841
0.529,819
0.53,811
0.531,816
0.532,820
0.533,800
0.534,840
0.535,833
0.536,811
0.537,812
0.538,803
0.539,781
0.54,804
0.541,803
0.542,780
0.543,778
0.544,793
0.545,781
0.546,754
0.547,804
0.548,777
0.549,756
0.55,772
0.551,774
0.552,763
0.553,776
0.554,796
0.555,770
0.556,764
0.557,776
0.558,757
0.559,780
0.56,803
0.561,785
0.562,769
0.563,783
0.564,781
0.565,762
0.566,795
0.567,802
0.568,775
0.569,783
0.57,777
0.571,751
0.572,766
0.573,771
0.574,771
0.575,771
0.576,796
0.577,791
0.578,792
0.579,832
0.58,810
0.581,817
0.582,819
0.583,829
0.584,807
0.585,815
0.586,834
0.587,824
0.588,822
0.589,821
0.59,811
0.591,824
0.592,847
0.593,814
0.594,823
0.595,820
0.596,805
0.597,802
0.598,836
0.599,834
0.6,812
0.601,824
0.602,840
0.603,800
0.604,836
0.605,840
0.606,862
0.607,852
0.608,853
0.609,829
0.61,823
0.611,839
0.612,835
0.613,821
0.614,826
0.615,827
0.616,804
0.617,800
0.618,848
0.619,814
0.62,810
0.621,820
0.622,797
0.623,813
0.624,820
0.625,809
0.626,786
0.627,798
0.628,788
0.629,769
0.63,807
0.631,787
0.632,767
0.633,775
0.634,795
0.635,763
0.636,790
0.637,798
0.638,779
0.639,778
0.64,785
0.641,769
0.642,754
0.643,783
0.644,766
0.645,745
0.646,757
0.647,747
0.648,723
0.649,744
0.65,755
0.651,736
0.652,730
0.653,748
0.654,744
0.655,756
0.656,767
0.657,741
0.658,726
0.659,746
0.66,737
0.661,720
0.662,755
0.663,758
0.664,744
0.665,744
0.666,768
0.667,764
0.668,764
0.669,784
0.67,771
0.671,753
0.672,787
0.673,766
0.674,758
0.675,783
0.676,819
0.677,808
0.678,774
0.679,784
0.68,788
0.681,762
0.682,780
0.683,802
0.684,784
0.685,762
0.686,783
0.687,767
0.688,754
0.689,786
0.69,783
0.691,782
0.692,747
0.693,768
0.694,768
0.695,757
0.696,767
0.697,784
0.698,767
0.699,765
0.7,768
0.701,761
0.702,742
0.703,770
0.704,767
0.705,748
0.706,744
0.707,771
0.708,760
0.709,735
0.71,765
0.711,756
0.712,747
0.713,732
0.714,752
0.715,742
0.716,749
0.717,786
0.718,776
0.719,758
0.72,760
0.721,760
0.722,760
0.723,761
0.724,790
0.725,770
0.726,761
0.727,768
0.728,780
0.729,756
0.73,775
0.731,786
0.732,775
0.733,760
0.734,778
0.735,799
0.736,783
0.737,816
0.738,824
0.739,823
0.74,792
0.741,791
0.742,792
0.743,783
0.744,808
0.745,826
0.746,811
0.747,799
0.748,803
0.749,795
0.75,804
0.751,814
0.752,832
0.753,804
0.754,780
0.755,788
0.756,792
0.757,777
0.758,806
0.759,816
0.76,792
0.761,769
0.762,786
0.763,780
0.764,774
0.765,791
0.766,798
0.767,772
0.768,750
0.769,759
0.77,767
0.771,772
0.772,786
0.773,790
0.774,766
0.775,755
0.776,757
0.777,758
0.778,760
0.779,788
0.78,783
0.781,755
0.782,745
0.783,760
0.784,751
0.785,752
0.786,780
0.787,779
0.788,747
0.789,741
0.79,748
0.791,755
0.792,751
0.793,804
0.794,791
0.795,756
0.796,751
0.797,756
0.798,758
0.799,783
0.8,791
0.801,784
0.802,749
0.803,754
0.804,761
0.805,758
0.806,787
0.807,793
0.808,789
0.809,759
0.81,749
0.811,753
0.812,768
0.813,767
0.814,781
0.815,759
0.816,733
0.817,746
0.818,740
0.819,749
0.82,767
0.821,788
0.822,745
0.823,732
0.824,734
0.825,738
0.826,754
0.827,782
0.828,773
0.829,747
0.83,736
0.831,753
0.832,758
0.833,768
0.834,803
0.835,775
0.836,758
0.837,753
0.838,763
0.839,762
0.84,774
0.841,822
0.842,815
0.843,783
0.844,788
0.845,793
0.846,793
0.847,807
0.848,832
0.849,808
0.85,780
0.851,787
0.852,794
0.853,803
0.854,809
0.855,830
0.856,803
0.857,779
0.858,783
0.859,799
0.86,796
0.861,817
0.862,847
0.863,812
0.864,785
0.865,811
0.866,795
0.867,794
0.868,830
0.869,815
0.87,795
0.871,789
0.872,816
0.873,804
0.874,809
0.875,837
0.876,824
0.877,800
0.878,792
0.879,800
0.88,796
0.881,810
0.882,852
0.883,823
0.884,795
0.885,799
0.886,806
0.887,803
0.888,832
0.889,844
0.89,809
0.891,783
0.892,790
0.893,799
0.894,798
0.895,815
0.896,828
0.897,803
0.898,786
0.899,792
0.9,810
0.901,780
0.902,829
0.903,809
0.904,786
0.905,805
0.906,806
0.907,804
0.908,797
0.909,827
0.91,807
0.911,799
0.912,788
0.913,798
0.914,795
0.915,808
0.916,839
0.917,819
0.918,799
0.919,797
0.92,801
0.921,800
0.922,815
0.923,839
0.924,817
0.925,788
0.926,804
0.927,812
0.928,808
0.929,831
0.93,852
0.931,824
0.932,820
0.933,829
0.934,823
0.935,805
0.936,853
0.937,843
0.938,813
0.939,810
0.94,836
0.941,827
0.942,828
0.943,844
0.944,828
0.945,804
0.946,801
0.947,820
0.948,813
0.949,799
0.95,852
0.951,838
0.952,817
0.953,821
0.954,824
0.955,818
0.956,831
0.957,859
0.958,848
0.959,830
0.96,817
0.961,826
0.962,818
0.963,837
0.964,856
0.965,831
0.966,807
0.967,808
0.968,822
0.969,803
0.97,840
0.971,829
0.972,810
0.973,792
0.974,816
0.975,809
0.976,808
0.977,839
0.978,832
0.979,820
0.98,795
0.981,815
0.982,821
0.983,824
0.984,851
0.985,848
0.986,832
0.987,821
0.988,828
0.989,820
0.99,808
0.991,850
0.992,837
0.993,824
0.994,808
0.995,824
0.996,805
0.997,795
0.998,831
0.999,823
