0.0,678
0.001,675
0.002,694
0.003,703
0.004,687
0.005,669
0.006,674
0.007,672
0.008,664
0.009,699
0.01,693
0.011,674
0.012,679
0.013,681
0.014,690
0.015,697
0.016,727
0.017,726
0.018,700
0.019,730
0.02,715
0.021,712
0.022,740
0.023,744
0.024,717
0.025,710
0.026,711
0.027,723
0.028,703
0.029,742
0.03,736
0.031,703
0.032,708
0.033,711
0.034,704
0.035,714
0.036,732
0.037,721
0.038,695
0.039,698
0.04,705
0.041,701
0.042,719
0.043,728
0.044,706
0.045,704
0.046,734
0.047,732
0.048,705
0.049,746
0.05,736
0.051,713
0.052,720
0.053,737
0.054,736
0.055,751
0.056,759
0.057,745
0.058,723
0.059,736
0.06,732
0.061,720
0.062,770
0.063,765
0.064,736
0.065,751
0.066,748
0.067,732
0.068,745
0.069,770
0.07,740
0.071,725
0.072,752
0.073,746
0.074,725
0.075,751
0.076,754
0.077,735
0.078,729
0.079,748
0.08,739
0.081,728
0.082,770
0.083,754
0.084,737
0.085,743
0.086,745
0.087,742
0.088,749
0.089,768
0.09,738
0.091,725
0.092,727
0.093,720
0.094,709
0.095,754
0.096,757
0.097,732
0.098,736
0.099,742
0.1,738
0.101,721
0.102,763
0.103,755
0.104,737
0.105,749
0.106,749
0.107,738
0.108,768
0.109,776
0.11,755
0.111,740
0.112,756
0.113,760
0.114,727
0.115,758
0.116,762
0.117,742
0.118,745
0.119,768
0.12,749
0.121,745
0.122,788
0.123,776
0.124,757
0.125,770
0.126,779
0.127,760
0.128,784
0.129,814
0.13,799
0.131,785
0.132,792
0.133,780
0.134,765
0.135,792
0.136,801
0.137,785
0.138,778
0.139,811
0.14,778
0.141,767
0.142,799
0.143,790
0.144,775
0.145,776
0.146,782
0.147,765
0.148,770
0.149,800
0.15,783
0.151,766
0.152,799
0.153,786
0.154,771
0.155,814
0.156,839
0.157,817
0.158,804
0.159,824
0.16,814
0.161,809
0.162,845
0.163,852
0.164,831
0.165,826
0.166,835
0.167,815
0.168,813
0.169,839
0.17,827
0.171,812
0.172,831
0.173,822
0.174,814
0.175,831
0.176,834
0.177,816
0.178,802
0.179,813
0.18,794
0.181,782
0.182,802
0.183,806
0.184,795
0.185,805
0.186,815
0.187,786
0.188,786
0.189,808
0.19,796
0.191,787
0.192,795
0.193,784
0.194,768
0.195,800
0.196,807
0.197,809
0.198,784
0.199,807
0.2,792
0.201,767
0.202,806
0.203,812
0.204,810
0.205,801
0.206,843
0.207,810
0.208,812
0.209,848
0.21,823
0.211,803
0.212,825
0.213,808
0.214,782
0.215,792
0.216,802
0.217,793
0.218,779
0.219,793
0.22,774
0.221,770
0.222,807
0.223,797
0.224,769
0.225,769
0.226,776
0.227,770
0.228,763
0.229,801
0.23,795
0.231,787
0.232,797
0.233,796
0.234,782
0.235,789
0.236,807
0.237,783
0.238,771
0.239,783
0.24,770
0.241,756
0.242,775
0.243,775
0.244,759
0.245,774
0.246,762
0.247,759
0.248,740
0.249,773
0.25,759
0.251,740
0.252,739
0.253,752
0.254,743
0.255,751
0.256,765
0.257,751
0.258,731
0.259,745
0.26,748
0.261,741
0.262,768
0.263,772
0.264,752
0.265,744
0.266,751
0.267,746
0.268,746
0.269,773
0.27,765
0.271,750
0.272,750
0.273,753
0.274,752
0.275,772
0.276,785
0.277,767
0.278,737
0.279,751
0.28,752
0.281,764
0.282,779
0.283,776
0.284,756
0.285,737
0.286,753
0.287,768
0.288,756
0.289,793
0.29,782
0.291,759
0.292,758
0.293,762
0.294,760
0.295,781
0.296,815
0.297,788
0.298,783
0.299,795
0.3,808
0.301,825
0.302,843
0.303,845
0.304,822
0.305,808
0.306,812
0.307,813
0.308,814
0.309,840
0.31,835
0.311,809
0.312,801
0.313,821
0.314,804
0.315,813
0.316,836
0.317,823
0.318,793
0.319,802
0.32,801
0.321,811
0.322,882
0.323,866
0.324,848
0.325,830
0.326,840
0.327,843
0.328,847
0.329,909
0.33,878
0.331,848
0.332,838
0.333,859
0.334,864
0.335,879
0.336,898
0.337,870
0.338,853
0.339,857
0.34,872
0.341,884
0.342,904
0.343,914
0.344,890
0.345,865
0.346,891
0.347,888
0.348,886
0.349,940
0.35,931
0.351,908
0.352,900
0.353,907
0.354,915
0.355,920
0.356,936
0.357,905
0.358,887
0.359,873
0.36,877
0.361,871
0.362,897
0.363,899
0.364,886
0.365,849
0.366,856
0.367,857
0.368,849
0.369,880
0.37,884
0.371,840
0.372,826
0.373,852
0.374,862
0.375,858
0.376,904
0.377,879
0.378,875
0.379,864
0.38,863
0.381,851
0.382,872
0.383,879
0.384,852
0.385,836
0.386,832
0.387,831
0.388,835
0.389,867
0.39,866
0.391,851
0.392,820
0.393,825
0.394,825
0.395,820
0.396,887
0.397,856
0.398,820
0.399,815
0.4,817
0.401,816
0.402,841
0.403,849
0.404,821
0.405,797
0.406,816
0.407,802
0.408,800
0.409,820
0.41,823
0.411,795
0.412,795
0.413,804
0.414,792
0.415,793
0.416,832
0.417,809
0.418,786
0.419,789
0.42,812
0.421,796
0.422,812
0.423,818
0.424,800
0.425,768
0.426,780
0.427,765
0.428,759
0.429,790
0.43,787
0.431,772
0.432,755
0.433,757
0.434,756
0.435,755
0.436,777
0.437,761
0.438,744
0.439,733
0.44,748
0.441,736
0.442,768
0.443,777
0.444,757
0.445,732
0.446,742
0.447,749
0.448,744
0.449,767
0.45,775
0.451,746
0.452,729
0.453,748
0.454,752
0.455,740
0.456,790
0.457,774
0.458,751
0.459,762
0.46,772
0.461,768
0.462,773
0.463,822
0.464,812
0.465,777
0.466,785
0.467,790
0.468,780
0.469,795
0.47,807
0.471,789
0.472,764
0.473,779
0.474,776
0.475,760
0.476,785
0.477,792
0.478,756
0.479,768
0.48,768
0.481,761
0.482,759
0.483,785
0.484,772
0.485,753
0.486,763
0.487,765
0.488,746
0.489,769
0.49,778
0.491,760
0.492,743
0.493,749
0.494,743
0.495,735
0.496,764
0.497,770
0.498,776
0.499,768
0.5,780
0.501,753
0.502,760
0.503,788
0.504,801
0.505,804
0.506,820
0.507,823
0.508,825
0.509,848
0.51,875
0.511,859
0.512,835
0.513,862
0.514,837
0.515,817
0.516,849
0.517,844
0.518,833
0.519,833
0.52,847
0.521,824
0.522,821
0.523,835
0.524,834
0.525,813
0.526,830
0.527,835
0.528,799
0.529,804
0.53,846
0.531,849
0.532,847
0.533,862
0.534,848
0.535,811
0.536,821
0.537,842
0.538,843
0.539,828
0.54,851
0.541,813
0.542,803
0.543,840
0.544,840
0.545,834
0.546,839
0.547,843
0.548,819
0.549,823
0.55,844
0.551,858
0.552,853
0.553,880
0.554,864
0.555,848
0.556,869
0.557,885
0.558,884
0.559,896
0.56,893
0.561,876
0.562,846
0.563,887
0.564,883
0.565,896
0.566,910
0.567,895
0.568,874
0.569,856
0.57,881
0.571,887
0.572,886
0.573,902
0.574,902
0.575,887
0.576,901
0.577,928
0.578,947
0.579,950
0.58,981
0.581,961
0.582,927
0.583,949
0.584,967
0.585,971
0.586,980
0.587,978
0.588,952
0.589,938
0.59,951
0.591,953
0.592,954
0.593,963
0.594,947
0.595,924
0.596,940
0.597,974
0.598,949
0.599,948
0.6,965
0.601,935
0.602,908
0.603,930
0.604,967
0.605,949
0.606,955
0.607,968
0.608,923
0.609,912
0.61,937
0.611,946
0.612,944
0.613,959
0.614,946
0.615,921
0.616,920
0.617,942
0.618,959
0.619,939
0.62,973
0.621,944
0.622,922
0.623,943
0.624,958
0.625,960
0.626,942
0.627,941
0.628,910
0.629,892
0.63,921
0.631,914
0.632,908
0.633,919
0.634,908
0.635,891
0.636,888
0.637,913
0.638,907
0.639,907
0.64,927
0.641,916
0.642,890
0.643,911
0.644,926
0.645,923
0.646,928
0.647,941
0.648,909
0.649,878
0.65,910
0.651,916
0.652,928
0.653,946
0.654,943
0.655,918
0.656,897
0.657,898
0.658,896
0.659,907
0.66,922
0.661,896
0.662,868
0.663,895
0.664,926
0.665,906
0.666,924
0.667,917
0.668,885
0.669,855
0.67,897
0.671,905
0.672,922
0.673,909
0.674,904
0.675,876
0.676,870
0.677,897
0.678,915
0.679,895
0.68,900
0.681,882
0.682,856
0.683,860
0.684,875
0.685,861
0.686,857
0.687,885
0.688,872
0.689,832
0.69,874
0.691,884
0.692,885
0.693,882
0.694,879
0.695,849
0.696,847
0.697,876
0.698,877
0.699,884
0.7,872
0.701,861
0.702,836
0.703,865
0.704,871
0.705,876
0.706,874
0.707,886
0.708,853
0.709,831
0.71,853
0.711,872
0.712,863
0.713,862
0.714,860
0.715,837
0.716,827
0.717,852
0.718,835
0.719,832
0.72,858
0.721,843
0.722,807
0.723,824
0.724,836
0.725,840
0.726,820
0.727,846
0.728,809
0.729,784
0.73,845
0.731,851
0.732,847
0.733,848
0.734,850
0.735,832
0.736,832
0.737,852
0.738,839
0.739,832
0.74,859
0.741,852
0.742,835
0.743,827
0.744,848
0.745,836
0.746,816
0.747,836
0.748,819
0.749,784
0.75,810
0.751,817
0.752,804
0.753,806
0.754,822
0.755,804
0.756,790
0.757,827
0.758,817
0.759,808
0.76,821
0.761,829
0.762,820
0.763,852
0.764,884
0.765,883
0.766,868
0.767,896
0.768,868
0.769,844
0.77,866
0.771,868
0.772,847
0.773,846
0.774,864
0.775,844
0.776,819
0.777,847
0.778,834
0.779,818
0.78,823
0.781,819
0.782,798
0.783,806
0.784,826
0.785,812
0.786,804
0.787,825
0.788,819
0.789,806
0.79,814
0.791,832
0.792,813
0.793,812
0.794,818
0.795,803
0.796,789
0.797,818
0.798,809
0.799,794
0.8,802
0.801,815
0.802,799
0.803,793
0.804,827
0.805,796
0.806,781
0.807,792
0.808,786
0.809,780
0.81,795
0.811,799
0.812,781
0.813,775
0.814,787
0.815,782
0.816,762
0.817,795
0.818,801
0.819,777
0.82,796
0.821,782
0.822,768
0.823,787
0.824,788
0.825,764
0.826,748
0.827,768
0.828,769
0.829,752
0.83,805
0.831,808
0.832,799
0.833,785
0.834,805
0.835,791
0.836,780
0.837,816
0.838,813
0.839,787
0.84,806
0.841,803
0.842,796
0.843,789
0.844,810
0.845,795
0.846,789
0.847,794
0.848,788
0.849,773
0.85,811
0.851,827
0.852,805
0.853,806
0.854,832
0.855,824
0.856,788
0.857,842
0.858,836
0.859,825
0.86,820
0.861,820
0.862,800
0.863,809
0.864,838
0.865,815
0.866,791
0.867,816
0.868,806
0.869,788
0.87,812
0.871,825
0.872,803
0.873,802
0.874,806
0.875,790
0.876,781
0.877,819
0.878,815
0.879,792
0.88,808
0.881,799
0.882,786
0.883,799
0.884,821
0.885,809
0.886,791
0.887,808
0.888,811
0.889,792
0.89,815
0.891,842
0.892,820
0.893,786
0.894,794
0.895,787
0.896,766
0.897,792
0.898,795
0.899,776
0.9,766
0.901,792
0.902,750
0.903,748
0.904,798
0.905,783
0.906,767
0.907,761
0.908,758
0.909,748
0.91,767
0.911,782
0.912,764
0.913,752
0.914,769
0.915,760
0.916,744
0.917,773
0.918,770
0.919,750
0.92,746
0.921,751
0.922,746
0.923,741
0.924,777
0.925,758
0.926,737
0.927,744
0.928,748
0.929,735
0.93,759
0.931,770
0.932,752
0.933,740
0.934,746
0.935,737
0.936,726
0.937,772
0.938,766
0.939,745
0.94,755
0.941,781
0.942,761
0.943,754
0.944,790
0.945,775
0.946,753
0.947,772
0.948,762
0.949,747
0.95,768
0.951,796
0.952,762
0.953,747
0.954,771
0.955,764
0.956,749
0.957,775
0.958,768
0.959,751
0.96,748
0.961,756
0.962,743
0.963,739
0.964,788
0.965,775
0.966,754
0.967,761
0.968,761
0.969,747
0.97,758
0.971,774
0.972,770
0.973,744
0.974,748
0.975,741
0.976,728
0.977,753
0.978,762
0.979,747
0.98,748
0.981,748
0.982,743
0.983,733
0.984,768
0.985,757
0.986,742
0.987,753
0.988,778
0.989,767
0.99,767
0.991,779
0.992,764
0.993,751
0.994,776
0.995,768
0.996,767
0.997,778
0.998,786
0.999,762
