0.0,887
0.0,887
0.0,904
0.0,885
0.0,873
0.01,863
0.01,884
0.01,896
0.01,889
0.01,885
0.01,881
0.01,881
0.01,886
0.01,879
0.01,866
0.01,856
0.02,879
0.02,886
0.02,885
0.02,877
0.02,879
0.02,875
0.02,887
0.02,883
0.02,874
0.03,865
0.03,893
0.03,895
0.03,891
0.03,884
0.03,881
0.03,876
0.03,889
0.03,885
0.03,874
0.04,864
0.04,888
0.04,912
0.04,885
0.04,882
0.04,876
0.04,891
0.04,885
0.04,874
0.04,863
0.04,886
0.05,894
0.05,894
0.05,888
0.05,883
0.05,885
0.05,901
0.05,906
0.05,895
0.05,890
0.06,928
0.06,927
0.06,919
0.06,928
0.06,929
0.06,943
0.06,948
0.06,924
0.06,926
0.06,968
0.07,965
0.07,950
0.07,947
0.07,950
0.07,978
0.07,960
0.07,960
0.07,970
0.07,983
0.07,975
0.07,967
0.08,958
0.08,968
0.08,985
0.08,971
0.08,958
0.08,983
0.08,1003
0.08,1005
0.08,993
0.09,992
0.09,994
0.09,1015
0.09,1004
0.09,994
0.09,1003
0.09,1051
0.09,1020
0.09,1020
0.09,1010
0.1,1032
0.1,1034
0.1,1019
0.1,1006
0.1,1044
0.1,1058
0.1,1059
0.1,1047
0.1,1027
0.1,1044
0.1,1063
0.11,1063
0.11,1048
0.11,1077
0.11,1088
0.11,1075
0.11,1060
0.11,1062
0.11,1079
0.11,1075
0.12,1061
0.12,1048
0.12,1092
0.12,1113
0.12,1100
0.12,1088
0.12,1125
0.12,1117
0.12,1151
0.12,1143
0.12,1107
0.13,1158
0.13,1170
0.13,1192
0.13,1152
0.13,1147
0.13,1196
0.13,1258
0.13,1243
0.13,1259
0.14,1263
0.14,1280
0.14,1280
0.14,1266
0.14,1255
0.14,1296
0.14,1339
0.14,1367
0.14,1319
0.14,1335
0.14,1332
0.15,1340
0.15,1343
0.15,1301
0.15,1339
0.15,1316
0.15,1327
0.15,1313
0.15,1291
0.15,1353
0.15,1364
0.16,1348
0.16,1331
0.16,1311
0.16,1307
0.16,1320
0.16,1313
0.16,1291
0.16,1274
0.16,1308
0.17,1323
0.17,1312
0.17,1292
0.17,1280
0.17,1281
0.17,1295
0.17,1286
0.17,1265
0.17,1251
0.17,1267
0.18,1262
0.18,1253
0.18,1234
0.18,1219
0.18,1221
0.18,1237
0.18,1229
0.18,1209
0.18,1188
0.18,1201
0.18,1200
0.19,1188
0.19,1168
0.19,1154
0.19,1144
0.19,1148
0.19,1139
0.19,1126
0.19,1111
0.19,1117
0.2,1119
0.2,1107
0.2,1120
0.2,1104
0.2,1133
0.2,1131
0.2,1152
0.2,1126
0.2,1167
0.2,1179
0.21,1165
0.21,1148
0.21,1137
0.21,1139
0.21,1147
0.21,1139
0.21,1124
0.21,1109
0.21,1134
0.21,1138
0.21,1127
0.22,1116
0.22,1103
0.22,1100
0.22,1113
0.22,1108
0.22,1098
0.22,1095
0.22,1135
0.22,1142
0.23,1135
0.23,1121
0.23,1128
0.23,1141
0.23,1138
0.23,1118
0.23,1106
0.23,1119
0.23,1145
0.23,1144
0.24,1135
0.24,1126
0.24,1151
0.24,1151
0.24,1152
0.24,1139
0.24,1136
0.24,1200
0.24,1241
0.24,1258
0.24,1243
0.25,1242
0.25,1314
0.25,1369
0.25,1356
0.25,1330
0.25,1369
0.25,1410
0.25,1399
0.25,1377
0.26,1387
0.26,1408
0.26,1408
0.26,1372
0.26,1382
0.26,1400
0.26,1400
0.26,1391
0.26,1383
0.26,1388
0.27,1453
0.27,1512
0.27,1454
0.27,1452
0.27,1503
0.27,1471
0.27,1464
0.27,1449
0.27,1451
0.27,1522
0.28,1526
0.28,1497
0.28,1476
0.28,1506
0.28,1522
0.28,1546
0.28,1523
0.28,1503
0.28,1494
0.28,1512
0.29,1512
0.29,1454
0.29,1515
0.29,1492
0.29,1513
0.29,1492
0.29,1468
0.29,1476
0.29,1550
0.29,1554
0.29,1527
0.3,1524
0.3,1561
0.3,1558
0.3,1544
0.3,1510
0.3,1507
0.3,1531
0.3,1584
0.3,1548
0.3,1526
0.31,1548
0.31,1551
0.31,1508
0.31,1488
0.31,1477
0.31,1502
0.31,1561
0.31,1531
0.31,1505
0.32,1531
0.32,1526
0.32,1507
0.32,1477
0.32,1473
0.32,1480
0.32,1523
0.32,1510
0.32,1495
0.32,1483
0.33,1515
0.33,1565
0.33,1576
0.33,1535
0.33,1523
0.33,1527
0.33,1540
0.33,1518
0.33,1488
0.33,1526
0.34,1495
0.34,1474
0.34,1477
0.34,1467
0.34,1446
0.34,1423
0.34,1446
0.34,1448
0.34,1440
0.34,1412
0.35,1391
0.35,1397
0.35,1394
0.35,1370
0.35,1344
0.35,1364
0.35,1372
0.35,1337
0.35,1332
0.35,1336
0.35,1376
0.36,1429
0.36,1417
0.36,1408
0.36,1420
0.36,1427
0.36,1410
0.36,1408
0.36,1392
0.36,1425
0.36,1448
0.37,1434
0.37,1410
0.37,1448
0.37,1478
0.37,1502
0.37,1479
0.37,1467
0.37,1472
0.37,1482
0.38,1458
0.38,1427
0.38,1449
0.38,1500
0.38,1482
0.38,1463
0.38,1452
0.38,1453
0.38,1470
0.38,1448
0.39,1458
0.39,1500
0.39,1480
0.39,1470
0.39,1448
0.39,1425
0.39,1425
0.39,1457
0.39,1512
0.39,1486
0.4,1461
0.4,1467
0.4,1473
0.4,1470
0.4,1453
0.4,1437
0.4,1424
0.4,1441
0.4,1471
0.4,1449
0.41,1439
0.41,1439
0.41,1435
0.41,1409
0.41,1402
0.41,1391
0.41,1392
0.41,1384
0.41,1357
0.41,1370
0.42,1380
0.42,1384
0.42,1362
0.42,1339
0.42,1328
0.42,1328
0.42,1315
0.42,1291
0.42,1279
0.42,1318
0.42,1369
0.43,1350
0.43,1335
0.43,1341
0.43,1363
0.43,1359
0.43,1343
0.43,1362
0.43,1386
0.43,1376
0.43,1376
0.44,1339
0.44,1355
0.44,1423
0.44,1405
0.44,1383
0.44,1397
0.44,1414
0.44,1402
0.44,1377
0.45,1358
0.45,1362
0.45,1443
0.45,1444
0.45,1418
0.45,1411
0.45,1456
0.45,1447
0.45,1421
0.45,1395
0.46,1397
0.46,1400
0.46,1408
0.46,1362
0.46,1360
0.46,1391
0.46,1480
0.46,1430
0.46,1411
0.46,1409
0.47,1424
0.47,1402
0.47,1384
0.47,1369
0.47,1388
0.47,1430
0.47,1418
0.47,1402
0.47,1403
0.47,1396
0.48,1431
0.48,1409
0.48,1388
0.48,1422
0.48,1431
0.48,1410
0.48,1390
0.48,1381
0.48,1424
0.48,1457
0.48,1438
0.49,1432
0.49,1448
0.49,1439
0.49,1424
0.49,1411
0.49,1419
0.49,1451
0.49,1506
0.49,1484
0.49,1472
0.5,1473
0.5,1476
0.5,1488
0.5,1460
0.5,1456
0.5,1461
0.5,1446
0.5,1424
0.5,1411
0.51,1459
0.51,1490
0.51,1468
0.51,1450
0.51,1452
0.51,1456
0.51,1436
0.51,1416
0.51,1400
0.51,1472
0.52,1503
0.52,1470
0.52,1455
0.52,1460
0.52,1488
0.52,1504
0.52,1479
0.52,1460
0.52,1523
0.52,1521
0.53,1510
0.53,1498
0.53,1494
0.53,1496
0.53,1553
0.53,1530
0.53,1536
0.53,1591
0.53,1568
0.53,1536
0.54,1551
0.54,1552
0.54,1536
0.54,1584
0.54,1578
0.54,1536
0.54,1491
0.54,1532
0.54,1538
0.54,1523
0.55,1512
0.55,1508
0.55,1515
0.55,1564
0.55,1542
0.55,1527
0.55,1510
0.55,1550
0.55,1566
0.55,1552
0.56,1541
0.56,1532
0.56,1523
0.56,1518
0.56,1491
0.56,1468
0.56,1452
0.56,1475
0.56,1454
0.56,1437
0.57,1421
0.57,1413
0.57,1400
0.57,1428
0.57,1380
0.57,1370
0.57,1402
0.57,1380
0.57,1367
0.57,1360
0.58,1331
0.58,1322
0.58,1309
0.58,1298
0.58,1290
0.58,1294
0.58,1308
0.58,1316
0.58,1290
0.58,1312
0.58,1288
0.59,1316
0.59,1276
0.59,1264
0.59,1299
0.59,1286
0.59,1285
0.59,1271
0.59,1263
0.59,1272
0.59,1291
0.6,1300
0.6,1282
0.6,1279
0.6,1312
0.6,1299
0.6,1292
0.6,1280
0.6,1296
0.6,1276
0.6,1296
0.61,1290
0.61,1244
0.61,1253
0.61,1264
0.61,1257
0.61,1244
0.61,1235
0.61,1225
0.61,1227
0.61,1228
0.62,1215
0.62,1197
0.62,1204
0.62,1260
0.62,1285
0.62,1272
0.62,1252
0.62,1253
0.62,1260
0.62,1264
0.63,1243
0.63,1229
0.63,1244
0.63,1279
0.63,1257
0.63,1249
0.63,1245
0.63,1279
0.63,1250
0.64,1234
0.64,1206
0.64,1230
0.64,1234
0.64,1229
0.64,1210
0.64,1212
0.64,1247
0.64,1297
0.64,1281
0.65,1267
0.65,1318
0.65,1331
0.65,1358
0.65,1339
0.65,1359
0.65,1332
0.65,1343
0.65,1324
0.65,1303
0.66,1301
0.66,1351
0.66,1361
0.66,1343
0.66,1332
0.66,1344
0.66,1375
0.66,1358
0.66,1327
0.66,1352
0.67,1368
0.67,1344
0.67,1323
0.67,1312
0.67,1340
0.67,1421
0.67,1409
0.67,1391
0.67,1424
0.67,1439
0.68,1440
0.68,1388
0.68,1371
0.68,1375
0.68,1403
0.68,1432
0.68,1439
0.68,1384
0.68,1407
0.68,1423
0.69,1399
0.69,1380
0.69,1381
0.69,1428
0.69,1459
0.69,1435
0.69,1409
0.69,1442
0.69,1488
0.69,1480
0.7,1461
0.7,1488
0.7,1472
0.7,1460
0.7,1440
0.7,1407
0.7,1424
0.7,1473
0.7,1499
0.7,1477
0.7,1466
0.71,1468
0.71,1538
0.71,1525
0.71,1485
0.71,1531
0.71,1529
0.71,1536
0.71,1512
0.71,1494
0.71,1488
0.72,1564
0.72,1544
0.72,1517
0.72,1531
0.72,1527
0.72,1519
0.72,1495
0.72,1476
0.72,1474
0.72,1520
0.73,1547
0.73,1536
0.73,1498
0.73,1528
0.73,1593
0.73,1553
0.73,1530
0.73,1518
0.73,1529
0.73,1568
0.74,1528
0.74,1506
0.74,1553
0.74,1587
0.74,1566
0.74,1545
0.74,1540
0.74,1553
0.74,1536
0.74,1509
0.75,1503
0.75,1525
0.75,1546
0.75,1568
0.75,1537
0.75,1518
0.75,1526
0.75,1590
0.75,1588
0.76,1561
0.76,1538
0.76,1567
0.76,1569
0.76,1548
0.76,1529
0.76,1500
0.76,1506
0.76,1563
0.76,1540
0.77,1505
0.77,1525
0.77,1525
0.77,1535
0.77,1479
0.77,1469
0.77,1500
0.77,1507
0.77,1481
0.77,1456
0.78,1475
0.78,1485
0.78,1471
0.78,1456
0.78,1482
0.78,1488
0.78,1479
0.78,1461
0.78,1424
0.78,1407
0.79,1448
0.79,1463
0.79,1429
0.79,1409
0.79,1399
0.79,1407
0.79,1406
0.79,1393
0.79,1369
0.79,1350
0.8,1381
0.8,1377
0.8,1358
0.8,1343
0.8,1328
0.8,1319
0.8,1316
0.8,1294
0.8,1271
0.8,1256
0.81,1271
0.81,1264
0.81,1247
0.81,1272
0.81,1230
0.81,1220
0.81,1221
0.81,1200
0.81,1182
0.81,1164
0.82,1184
0.82,1169
0.82,1153
0.82,1144
0.82,1135
0.82,1139
0.82,1124
0.82,1106
0.82,1119
0.82,1108
0.83,1110
0.83,1103
0.83,1095
0.83,1087
0.83,1083
0.83,1088
0.83,1073
0.83,1059
0.83,1053
0.83,1085
0.83,1111
0.84,1089
0.84,1088
0.84,1086
0.84,1089
0.84,1076
0.84,1062
0.84,1110
0.84,1141
0.84,1149
0.84,1137
0.85,1137
0.85,1139
0.85,1203
0.85,1217
0.85,1178
0.85,1189
0.85,1219
0.85,1232
0.85,1220
0.85,1194
0.86,1199
0.86,1279
0.86,1277
0.86,1259
0.86,1282
0.86,1287
0.86,1264
0.86,1278
0.86,1247
0.86,1283
0.87,1307
0.87,1292
0.87,1279
0.87,1280
0.87,1291
0.87,1300
0.87,1300
0.87,1262
0.87,1261
0.88,1327
0.88,1284
0.88,1258
0.88,1269
0.88,1306
0.88,1359
0.88,1338
0.88,1324
0.88,1322
0.88,1334
0.89,1315
0.89,1293
0.89,1275
0.89,1313
0.89,1340
0.89,1326
0.89,1307
0.89,1300
0.89,1305
0.89,1368
0.9,1344
0.9,1324
0.9,1343
0.9,1368
0.9,1370
0.9,1340
0.9,1331
0.9,1329
0.9,1342
0.9,1344
0.91,1317
0.91,1301
0.91,1341
0.91,1335
0.91,1319
0.91,1302
0.91,1303
0.91,1370
0.91,1356
0.91,1333
0.92,1326
0.92,1346
0.92,1355
0.92,1329
0.92,1316
0.92,1316
0.92,1359
0.92,1349
0.92,1322
0.92,1312
0.93,1368
0.93,1364
0.93,1395
0.93,1371
0.93,1354
0.93,1350
0.93,1360
0.93,1344
0.93,1325
0.93,1307
0.94,1348
0.94,1360
0.94,1363
0.94,1343
0.94,1327
0.94,1313
0.94,1343
0.94,1294
0.94,1304
0.94,1287
0.95,1287
0.95,1294
0.95,1250
0.95,1256
0.95,1259
0.95,1279
0.95,1227
0.95,1226
0.95,1239
0.95,1234
0.96,1248
0.96,1202
0.96,1199
0.96,1213
0.96,1261
0.96,1242
0.96,1220
0.96,1237
0.96,1246
0.96,1258
0.96,1241
0.97,1227
0.97,1228
0.97,1260
0.97,1259
0.97,1241
0.97,1223
0.97,1233
0.97,1279
0.97,1283
0.97,1257
0.98,1255
0.98,1269
0.98,1273
0.98,1251
0.98,1233
0.98,1272
0.98,1262
0.98,1242
0.98,1232
0.98,1218
0.99,1220
0.99,1238
0.99,1229
0.99,1201
0.99,1232
0.99,1249
0.99,1242
0.99,1226
0.99,1211
0.99,1221
1.0,1239
1.0,1255
1.0,1251
1.0,1229
