0.0,833
0.0,831
0.0,851
0.0,857
0.0,847
0.01,839
0.01,837
0.01,841
0.01,850
0.01,842
0.01,833
0.01,823
0.01,842
0.01,847
0.01,849
0.01,842
0.02,836
0.02,825
0.02,838
0.02,843
0.02,835
0.02,826
0.02,819
0.02,840
0.02,845
0.03,844
0.03,837
0.03,852
0.03,833
0.03,848
0.03,872
0.03,841
0.03,833
0.03,857
0.03,871
0.04,876
0.04,868
0.04,864
0.04,855
0.04,873
0.04,877
0.04,870
0.04,874
0.04,904
0.04,952
0.04,947
0.05,937
0.05,947
0.05,935
0.05,992
0.05,1072
0.05,1047
0.05,1031
0.05,1072
0.05,1095
0.06,1095
0.06,1082
0.06,1067
0.06,1068
0.06,1119
0.06,1176
0.06,1164
0.06,1151
0.06,1187
0.06,1211
0.07,1197
0.07,1175
0.07,1172
0.07,1225
0.07,1299
0.07,1275
0.07,1257
0.07,1277
0.07,1300
0.07,1286
0.07,1272
0.08,1264
0.08,1283
0.08,1298
0.08,1308
0.08,1263
0.08,1291
0.08,1314
0.08,1334
0.08,1326
0.09,1297
0.09,1312
0.09,1328
0.09,1279
0.09,1262
0.09,1328
0.09,1331
0.09,1320
0.09,1304
0.09,1298
0.1,1328
0.1,1319
0.1,1309
0.1,1294
0.1,1292
0.1,1309
0.1,1320
0.1,1297
0.1,1304
0.1,1272
0.1,1336
0.11,1364
0.11,1332
0.11,1314
0.11,1324
0.11,1336
0.11,1360
0.11,1336
0.11,1327
0.11,1315
0.12,1336
0.12,1367
0.12,1352
0.12,1335
0.12,1328
0.12,1358
0.12,1365
0.12,1348
0.12,1331
0.12,1343
0.12,1357
0.13,1342
0.13,1331
0.13,1311
0.13,1292
0.13,1320
0.13,1332
0.13,1331
0.13,1313
0.13,1294
0.14,1312
0.14,1296
0.14,1292
0.14,1270
0.14,1248
0.14,1256
0.14,1276
0.14,1276
0.14,1247
0.14,1232
0.14,1215
0.15,1221
0.15,1226
0.15,1208
0.15,1205
0.15,1208
0.15,1224
0.15,1204
0.15,1187
0.15,1171
0.15,1159
0.16,1162
0.16,1175
0.16,1163
0.16,1148
0.16,1132
0.16,1155
0.16,1168
0.16,1167
0.16,1151
0.17,1137
0.17,1135
0.17,1142
0.17,1163
0.17,1140
0.17,1120
0.17,1106
0.17,1133
0.17,1165
0.17,1171
0.18,1143
0.18,1160
0.18,1166
0.18,1175
0.18,1158
0.18,1158
0.18,1129
0.18,1199
0.18,1186
0.18,1239
0.18,1240
0.19,1202
0.19,1203
0.19,1231
0.19,1239
0.19,1235
0.19,1226
0.19,1226
0.19,1280
0.19,1315
0.2,1300
0.2,1280
0.2,1264
0.2,1296
0.2,1283
0.2,1288
0.2,1262
0.2,1261
0.2,1280
0.2,1288
0.21,1271
0.21,1236
0.21,1244
0.21,1244
0.21,1289
0.21,1295
0.21,1287
0.21,1298
0.21,1330
0.21,1376
0.21,1344
0.22,1369
0.22,1353
0.22,1380
0.22,1436
0.22,1424
0.22,1440
0.22,1410
0.22,1420
0.22,1444
0.23,1433
0.23,1411
0.23,1396
0.23,1400
0.23,1400
0.23,1386
0.23,1376
0.23,1371
0.23,1394
0.23,1404
0.24,1390
0.24,1369
0.24,1376
0.24,1408
0.24,1422
0.24,1384
0.24,1363
0.24,1378
0.24,1410
0.24,1433
0.24,1412
0.25,1391
0.25,1381
0.25,1398
0.25,1416
0.25,1408
0.25,1364
0.25,1364
0.25,1391
0.25,1440
0.26,1408
0.26,1385
0.26,1392
0.26,1393
0.26,1456
0.26,1448
0.26,1454
0.26,1425
0.26,1488
0.26,1492
0.27,1480
0.27,1459
0.27,1462
0.27,1476
0.27,1533
0.27,1537
0.27,1510
0.27,1485
0.27,1490
0.27,1495
0.28,1524
0.28,1508
0.28,1488
0.28,1471
0.28,1481
0.28,1495
0.28,1466
0.28,1455
0.28,1457
0.28,1483
0.29,1505
0.29,1491
0.29,1473
0.29,1452
0.29,1445
0.29,1458
0.29,1462
0.29,1450
0.29,1430
0.29,1424
0.29,1438
0.3,1432
0.3,1410
0.3,1388
0.3,1367
0.3,1355
0.3,1360
0.3,1375
0.3,1334
0.3,1317
0.3,1311
0.31,1321
0.31,1352
0.31,1322
0.31,1344
0.31,1297
0.31,1296
0.31,1301
0.31,1284
0.31,1271
0.32,1266
0.32,1274
0.32,1276
0.32,1275
0.32,1257
0.32,1239
0.32,1220
0.32,1212
0.32,1219
0.32,1210
0.33,1192
0.33,1176
0.33,1187
0.33,1236
0.33,1188
0.33,1173
0.33,1158
0.33,1151
0.33,1165
0.33,1160
0.34,1167
0.34,1145
0.34,1152
0.34,1157
0.34,1158
0.34,1162
0.34,1151
0.34,1153
0.34,1177
0.34,1184
0.35,1173
0.35,1199
0.35,1163
0.35,1215
0.35,1202
0.35,1186
0.35,1170
0.35,1160
0.35,1189
0.35,1201
0.35,1189
0.36,1176
0.36,1164
0.36,1199
0.36,1206
0.36,1198
0.36,1190
0.36,1180
0.36,1178
0.36,1188
0.36,1183
0.37,1175
0.37,1204
0.37,1212
0.37,1196
0.37,1183
0.37,1178
0.37,1181
0.37,1172
0.37,1166
0.38,1176
0.38,1180
0.38,1185
0.38,1176
0.38,1156
0.38,1146
0.38,1148
0.38,1142
0.38,1139
0.38,1123
0.39,1143
0.39,1153
0.39,1141
0.39,1121
0.39,1128
0.39,1133
0.39,1135
0.39,1130
0.39,1136
0.39,1180
0.4,1189
0.4,1174
0.4,1158
0.4,1149
0.4,1163
0.4,1181
0.4,1177
0.4,1167
0.4,1173
0.4,1204
0.41,1201
0.41,1207
0.41,1187
0.41,1215
0.41,1223
0.41,1184
0.41,1176
0.41,1185
0.41,1215
0.41,1216
0.42,1215
0.42,1193
0.42,1192
0.42,1266
0.42,1300
0.42,1281
0.42,1268
0.42,1292
0.42,1335
0.42,1311
0.42,1290
0.43,1283
0.43,1311
0.43,1314
0.43,1322
0.43,1311
0.43,1316
0.43,1359
0.43,1360
0.43,1343
0.43,1324
0.44,1319
0.44,1334
0.44,1328
0.44,1316
0.44,1297
0.44,1328
0.44,1359
0.44,1380
0.44,1363
0.45,1342
0.45,1330
0.45,1351
0.45,1361
0.45,1342
0.45,1353
0.45,1352
0.45,1361
0.45,1341
0.45,1315
0.46,1306
0.46,1312
0.46,1322
0.46,1311
0.46,1295
0.46,1311
0.46,1350
0.46,1331
0.46,1312
0.46,1304
0.47,1316
0.47,1399
0.47,1391
0.47,1381
0.47,1367
0.47,1376
0.47,1377
0.47,1384
0.47,1367
0.47,1346
0.48,1349
0.48,1391
0.48,1389
0.48,1374
0.48,1369
0.48,1409
0.48,1440
0.48,1397
0.48,1377
0.48,1361
0.48,1391
0.49,1374
0.49,1358
0.49,1350
0.49,1384
0.49,1428
0.49,1423
0.49,1389
0.49,1381
0.49,1413
0.49,1446
0.5,1471
0.5,1424
0.5,1446
0.5,1464
0.5,1445
0.5,1414
0.5,1398
0.5,1435
0.5,1501
0.51,1488
0.51,1477
0.51,1485
0.51,1494
0.51,1474
0.51,1450
0.51,1426
0.51,1445
0.51,1479
0.51,1480
0.52,1455
0.52,1447
0.52,1479
0.52,1520
0.52,1470
0.52,1447
0.52,1442
0.52,1500
0.52,1474
0.52,1486
0.53,1433
0.53,1455
0.53,1474
0.53,1515
0.53,1499
0.53,1475
0.53,1470
0.53,1496
0.53,1464
0.53,1431
0.54,1447
0.54,1443
0.54,1510
0.54,1487
0.54,1471
0.54,1420
0.54,1417
0.54,1460
0.54,1466
0.54,1444
0.55,1425
0.55,1452
0.55,1450
0.55,1434
0.55,1411
0.55,1394
0.55,1383
0.55,1382
0.55,1362
0.55,1341
0.56,1317
0.56,1327
0.56,1330
0.56,1316
0.56,1296
0.56,1271
0.56,1288
0.56,1295
0.56,1249
0.56,1233
0.57,1214
0.57,1260
0.57,1229
0.57,1219
0.57,1204
0.57,1186
0.57,1200
0.57,1188
0.57,1174
0.57,1179
0.58,1150
0.58,1167
0.58,1154
0.58,1136
0.58,1122
0.58,1116
0.58,1122
0.58,1112
0.58,1101
0.58,1099
0.58,1107
0.59,1106
0.59,1094
0.59,1084
0.59,1076
0.59,1092
0.59,1090
0.59,1103
0.59,1068
0.59,1098
0.59,1115
0.6,1124
0.6,1107
0.6,1099
0.6,1116
0.6,1114
0.6,1106
0.6,1090
0.6,1074
0.6,1111
0.6,1113
0.61,1127
0.61,1090
0.61,1086
0.61,1097
0.61,1099
0.61,1083
0.61,1088
0.61,1097
0.61,1119
0.61,1113
0.62,1101
0.62,1100
0.62,1123
0.62,1160
0.62,1119
0.62,1104
0.62,1156
0.62,1167
0.62,1156
0.62,1139
0.63,1127
0.63,1128
0.63,1176
0.63,1149
0.63,1120
0.63,1127
0.63,1173
0.63,1186
0.63,1169
0.64,1161
0.64,1147
0.64,1165
0.64,1159
0.64,1156
0.64,1141
0.64,1170
0.64,1194
0.64,1188
0.64,1168
0.65,1169
0.65,1193
0.65,1213
0.65,1202
0.65,1180
0.65,1224
0.65,1229
0.65,1213
0.65,1199
0.65,1198
0.66,1240
0.66,1309
0.66,1293
0.66,1303
0.66,1275
0.66,1312
0.66,1347
0.66,1333
0.66,1316
0.66,1312
0.67,1351
0.67,1326
0.67,1307
0.67,1280
0.67,1314
0.67,1344
0.67,1301
0.67,1281
0.67,1280
0.67,1284
0.68,1283
0.68,1280
0.68,1246
0.68,1245
0.68,1292
0.68,1295
0.68,1276
0.68,1256
0.68,1238
0.68,1240
0.69,1252
0.69,1235
0.69,1219
0.69,1204
0.69,1213
0.69,1214
0.69,1198
0.69,1181
0.69,1166
0.69,1164
0.7,1166
0.7,1146
0.7,1134
0.7,1118
0.7,1134
0.7,1137
0.7,1122
0.7,1106
0.7,1099
0.7,1097
0.7,1100
0.71,1088
0.71,1071
0.71,1056
0.71,1077
0.71,1084
0.71,1071
0.71,1061
0.71,1055
0.71,1055
0.71,1070
0.72,1068
0.72,1071
0.72,1046
0.72,1088
0.72,1080
0.72,1058
0.72,1044
0.72,1054
0.72,1067
0.72,1088
0.73,1056
0.73,1072
0.73,1104
0.73,1087
0.73,1074
0.73,1066
0.73,1076
0.73,1106
0.73,1083
0.73,1088
0.74,1090
0.74,1115
0.74,1129
0.74,1114
0.74,1098
0.74,1103
0.74,1146
0.74,1209
0.74,1191
0.74,1174
0.75,1232
0.75,1230
0.75,1213
0.75,1198
0.75,1196
0.75,1231
0.75,1290
0.75,1273
0.75,1250
0.76,1280
0.76,1298
0.76,1326
0.76,1305
0.76,1287
0.76,1300
0.76,1313
0.76,1316
0.76,1292
0.76,1286
0.77,1320
0.77,1372
0.77,1360
0.77,1339
0.77,1328
0.77,1350
0.77,1340
0.77,1344
0.77,1294
0.77,1344
0.78,1379
0.78,1361
0.78,1342
0.78,1333
0.78,1356
0.78,1403
0.78,1385
0.78,1362
0.78,1361
0.78,1387
0.79,1408
0.79,1388
0.79,1371
0.79,1362
0.79,1372
0.79,1379
0.79,1362
0.79,1330
0.79,1341
0.79,1349
0.8,1332
0.8,1344
0.8,1302
0.8,1296
0.8,1308
0.8,1335
0.8,1285
0.8,1267
0.8,1316
0.8,1266
0.81,1254
0.81,1241
0.81,1238
0.81,1264
0.81,1263
0.81,1244
0.81,1222
0.81,1253
0.81,1264
0.81,1248
0.82,1235
0.82,1224
0.82,1232
0.82,1238
0.82,1216
0.82,1196
0.82,1193
0.82,1234
0.82,1248
0.82,1228
0.83,1220
0.83,1216
0.83,1220
0.83,1223
0.83,1205
0.83,1189
0.83,1204
0.83,1217
0.83,1214
0.83,1220
0.83,1188
0.84,1216
0.84,1207
0.84,1215
0.84,1196
0.84,1185
0.84,1200
0.84,1200
0.84,1211
0.84,1171
0.84,1191
0.85,1191
0.85,1191
0.85,1151
0.85,1133
0.85,1145
0.85,1166
0.85,1188
0.85,1145
0.85,1136
0.85,1150
0.86,1183
0.86,1164
0.86,1146
0.86,1152
0.86,1180
0.86,1196
0.86,1184
0.86,1184
0.86,1174
0.86,1190
0.87,1172
0.87,1149
0.87,1146
0.87,1204
0.87,1215
0.87,1198
0.87,1212
0.87,1181
0.87,1196
0.88,1203
0.88,1185
0.88,1167
0.88,1194
0.88,1214
0.88,1208
0.88,1196
0.88,1191
0.88,1193
0.88,1232
0.89,1209
0.89,1189
0.89,1204
0.89,1236
0.89,1229
0.89,1215
0.89,1201
0.89,1196
0.89,1208
0.89,1220
0.9,1201
0.9,1182
0.9,1200
0.9,1204
0.9,1206
0.9,1172
0.9,1167
0.9,1178
0.9,1179
0.9,1163
0.91,1143
0.91,1160
0.91,1183
0.91,1205
0.91,1158
0.91,1149
0.91,1151
0.91,1163
0.91,1168
0.91,1136
0.92,1152
0.92,1169
0.92,1178
0.92,1168
0.92,1182
0.92,1143
0.92,1176
0.92,1150
0.92,1136
0.92,1124
0.93,1136
0.93,1176
0.93,1167
0.93,1133
0.93,1140
0.93,1116
0.93,1128
0.93,1131
0.93,1124
0.93,1104
0.94,1148
0.94,1156
0.94,1128
0.94,1111
0.94,1104
0.94,1107
0.94,1149
0.94,1140
0.94,1095
0.94,1126
0.95,1152
0.95,1151
0.95,1151
0.95,1136
0.95,1115
0.95,1152
0.95,1145
0.95,1132
0.95,1119
0.95,1135
0.96,1129
0.96,1136
0.96,1128
0.96,1099
0.96,1135
0.96,1104
0.96,1092
0.96,1076
0.96,1098
0.96,1106
0.96,1100
0.97,1085
0.97,1079
0.97,1071
0.97,1083
0.97,1077
0.97,1062
0.97,1056
0.97,1087
0.97,1109
0.97,1103
0.98,1090
0.98,1078
0.98,1073
0.98,1079
0.98,1078
0.98,1065
0.98,1051
0.98,1056
0.98,1065
0.98,1064
0.99,1048
0.99,1039
0.99,1030
0.99,1033
0.99,1030
0.99,1015
0.99,1001
0.99,997
0.99,1023
0.99,1009
1.0,1002
1.0,1023
1.0,1018
1.0,1010
