0.0,923
0.0,922
0.0,933
0.0,926
0.0,916
0.01,907
0.01,927
0.01,936
0.01,934
0.01,923
0.01,913
0.01,902
0.01,912
0.01,921
0.01,911
0.01,901
0.02,891
0.02,908
0.02,917
0.02,920
0.02,907
0.02,896
0.02,888
0.02,896
0.02,905
0.03,898
0.03,887
0.03,876
0.03,894
0.03,904
0.03,903
0.03,892
0.03,881
0.03,870
0.03,883
0.04,912
0.04,890
0.04,886
0.04,867
0.04,896
0.04,905
0.04,910
0.04,891
0.04,884
0.04,904
0.04,899
0.05,899
0.05,893
0.05,898
0.05,902
0.05,920
0.05,927
0.05,916
0.05,906
0.05,901
0.06,907
0.06,920
0.06,919
0.06,911
0.06,906
0.06,928
0.06,954
0.06,964
0.06,956
0.06,951
0.07,944
0.07,959
0.07,974
0.07,969
0.07,963
0.07,952
0.07,968
0.07,976
0.07,979
0.07,971
0.07,958
0.08,954
0.08,962
0.08,980
0.08,973
0.08,960
0.08,949
0.08,983
0.08,974
0.08,974
0.09,973
0.09,951
0.09,952
0.09,965
0.09,959
0.09,953
0.09,943
0.09,946
0.09,988
0.09,972
0.1,961
0.1,955
0.1,940
0.1,942
0.1,955
0.1,952
0.1,948
0.1,936
0.1,976
0.1,966
0.1,971
0.11,973
0.11,975
0.11,954
0.11,968
0.11,971
0.11,968
0.11,972
0.11,974
0.11,1004
0.12,1019
0.12,1015
0.12,1024
0.12,1002
0.12,1016
0.12,1062
0.12,1057
0.12,1047
0.12,1041
0.12,1108
0.12,1128
0.13,1150
0.13,1134
0.13,1131
0.13,1127
0.13,1201
0.13,1264
0.13,1240
0.13,1221
0.13,1251
0.14,1277
0.14,1304
0.14,1292
0.14,1281
0.14,1282
0.14,1291
0.14,1308
0.14,1292
0.14,1272
0.14,1282
0.14,1299
0.15,1376
0.15,1324
0.15,1303
0.15,1301
0.15,1323
0.15,1424
0.15,1403
0.15,1370
0.15,1361
0.15,1391
0.16,1432
0.16,1455
0.16,1420
0.16,1424
0.16,1409
0.16,1485
0.16,1488
0.16,1458
0.16,1456
0.17,1473
0.17,1487
0.17,1492
0.17,1446
0.17,1439
0.17,1444
0.17,1528
0.17,1584
0.17,1512
0.17,1485
0.18,1523
0.18,1552
0.18,1556
0.18,1531
0.18,1509
0.18,1513
0.18,1555
0.18,1591
0.18,1576
0.18,1540
0.18,1557
0.19,1606
0.19,1593
0.19,1584
0.19,1543
0.19,1539
0.19,1548
0.19,1553
0.19,1532
0.19,1504
0.2,1492
0.2,1567
0.2,1576
0.2,1576
0.2,1550
0.2,1527
0.2,1536
0.2,1523
0.2,1552
0.2,1568
0.21,1489
0.21,1515
0.21,1558
0.21,1536
0.21,1502
0.21,1489
0.21,1488
0.21,1528
0.21,1582
0.21,1600
0.21,1539
0.22,1563
0.22,1576
0.22,1567
0.22,1542
0.22,1518
0.22,1515
0.22,1541
0.22,1619
0.22,1617
0.23,1608
0.23,1560
0.23,1582
0.23,1620
0.23,1607
0.23,1608
0.23,1584
0.23,1599
0.23,1616
0.23,1600
0.24,1575
0.24,1565
0.24,1593
0.24,1600
0.24,1655
0.24,1590
0.24,1599
0.24,1568
0.24,1599
0.24,1561
0.24,1533
0.25,1507
0.25,1545
0.25,1592
0.25,1573
0.25,1608
0.25,1552
0.25,1562
0.25,1616
0.25,1593
0.26,1576
0.26,1596
0.26,1608
0.26,1591
0.26,1562
0.26,1547
0.26,1552
0.26,1647
0.26,1596
0.26,1562
0.27,1576
0.27,1582
0.27,1567
0.27,1547
0.27,1523
0.27,1529
0.27,1591
0.27,1600
0.27,1572
0.27,1568
0.28,1588
0.28,1629
0.28,1579
0.28,1554
0.28,1549
0.28,1612
0.28,1645
0.28,1615
0.28,1591
0.28,1616
0.29,1636
0.29,1638
0.29,1623
0.29,1606
0.29,1608
0.29,1608
0.29,1583
0.29,1557
0.29,1595
0.29,1595
0.29,1599
0.3,1571
0.3,1550
0.3,1541
0.3,1593
0.3,1609
0.3,1584
0.3,1557
0.3,1606
0.3,1604
0.3,1585
0.31,1570
0.31,1548
0.31,1541
0.31,1559
0.31,1567
0.31,1518
0.31,1502
0.31,1526
0.31,1518
0.32,1513
0.32,1474
0.32,1464
0.32,1541
0.32,1539
0.32,1514
0.32,1494
0.32,1549
0.32,1546
0.32,1534
0.33,1512
0.33,1510
0.33,1515
0.33,1563
0.33,1554
0.33,1529
0.33,1532
0.33,1574
0.33,1599
0.33,1577
0.34,1568
0.34,1572
0.34,1576
0.34,1565
0.34,1570
0.34,1536
0.34,1562
0.34,1595
0.34,1592
0.34,1560
0.35,1568
0.35,1564
0.35,1610
0.35,1583
0.35,1561
0.35,1584
0.35,1597
0.35,1602
0.35,1584
0.35,1550
0.35,1538
0.36,1568
0.36,1573
0.36,1584
0.36,1530
0.36,1559
0.36,1567
0.36,1517
0.36,1511
0.36,1512
0.36,1584
0.37,1606
0.37,1579
0.37,1554
0.37,1590
0.37,1597
0.37,1608
0.37,1628
0.37,1580
0.37,1578
0.38,1611
0.38,1602
0.38,1600
0.38,1572
0.38,1593
0.38,1602
0.38,1571
0.38,1552
0.38,1559
0.38,1569
0.39,1550
0.39,1521
0.39,1502
0.39,1537
0.39,1566
0.39,1568
0.39,1548
0.39,1536
0.39,1556
0.39,1560
0.4,1568
0.4,1518
0.4,1521
0.4,1547
0.4,1546
0.4,1531
0.4,1513
0.4,1495
0.4,1535
0.4,1507
0.41,1488
0.41,1471
0.41,1500
0.41,1509
0.41,1492
0.41,1471
0.41,1450
0.41,1455
0.41,1490
0.41,1540
0.42,1481
0.42,1511
0.42,1504
0.42,1543
0.42,1520
0.42,1527
0.42,1502
0.42,1509
0.42,1484
0.42,1452
0.42,1478
0.43,1496
0.43,1558
0.43,1495
0.43,1475
0.43,1476
0.43,1493
0.43,1475
0.43,1451
0.43,1436
0.43,1461
0.44,1505
0.44,1495
0.44,1467
0.44,1450
0.44,1488
0.44,1536
0.44,1495
0.44,1504
0.44,1481
0.45,1517
0.45,1519
0.45,1499
0.45,1472
0.45,1468
0.45,1494
0.45,1570
0.45,1536
0.45,1505
0.45,1544
0.46,1519
0.46,1499
0.46,1495
0.46,1456
0.46,1534
0.46,1536
0.46,1512
0.46,1571
0.46,1581
0.46,1568
0.47,1550
0.47,1536
0.47,1527
0.47,1563
0.47,1552
0.47,1507
0.47,1506
0.47,1525
0.47,1573
0.47,1551
0.48,1528
0.48,1520
0.48,1550
0.48,1564
0.48,1552
0.48,1509
0.48,1537
0.48,1566
0.48,1595
0.48,1522
0.48,1493
0.49,1480
0.49,1504
0.49,1549
0.49,1536
0.49,1501
0.49,1517
0.49,1510
0.49,1504
0.49,1477
0.49,1455
0.5,1443
0.5,1469
0.5,1533
0.5,1516
0.5,1490
0.5,1501
0.5,1508
0.5,1468
0.5,1459
0.51,1480
0.51,1463
0.51,1508
0.51,1496
0.51,1472
0.51,1469
0.51,1489
0.51,1518
0.51,1517
0.51,1491
0.52,1484
0.52,1486
0.52,1495
0.52,1482
0.52,1438
0.52,1441
0.52,1456
0.52,1498
0.52,1482
0.52,1456
0.53,1472
0.53,1453
0.53,1454
0.53,1434
0.53,1416
0.53,1412
0.53,1440
0.53,1457
0.53,1420
0.53,1408
0.54,1408
0.54,1399
0.54,1444
0.54,1429
0.54,1404
0.54,1410
0.54,1456
0.54,1420
0.54,1396
0.54,1370
0.55,1375
0.55,1392
0.55,1431
0.55,1414
0.55,1390
0.55,1403
0.55,1428
0.55,1426
0.55,1409
0.55,1391
0.56,1400
0.56,1440
0.56,1459
0.56,1439
0.56,1415
0.56,1439
0.56,1440
0.56,1475
0.56,1455
0.56,1434
0.57,1459
0.57,1452
0.57,1472
0.57,1424
0.57,1404
0.57,1409
0.57,1444
0.57,1487
0.57,1445
0.57,1428
0.58,1424
0.58,1437
0.58,1440
0.58,1429
0.58,1409
0.58,1399
0.58,1480
0.58,1443
0.58,1423
0.58,1403
0.58,1395
0.59,1397
0.59,1471
0.59,1432
0.59,1406
0.59,1407
0.59,1429
0.59,1433
0.59,1424
0.59,1410
0.59,1414
0.6,1444
0.6,1499
0.6,1486
0.6,1497
0.6,1533
0.6,1500
0.6,1486
0.6,1469
0.6,1452
0.6,1472
0.61,1467
0.61,1471
0.61,1444
0.61,1418
0.61,1423
0.61,1447
0.61,1472
0.61,1428
0.61,1408
0.61,1410
0.62,1419
0.62,1425
0.62,1408
0.62,1376
0.62,1378
0.62,1424
0.62,1448
0.62,1444
0.62,1421
0.62,1416
0.63,1414
0.63,1414
0.63,1414
0.63,1376
0.63,1377
0.63,1448
0.63,1471
0.63,1420
0.63,1403
0.64,1410
0.64,1418
0.64,1434
0.64,1432
0.64,1398
0.64,1420
0.64,1402
0.64,1401
0.64,1407
0.64,1388
0.65,1391
0.65,1391
0.65,1386
0.65,1371
0.65,1344
0.65,1348
0.65,1343
0.65,1360
0.65,1328
0.65,1320
0.66,1325
0.66,1322
0.66,1351
0.66,1329
0.66,1309
0.66,1332
0.66,1354
0.66,1356
0.66,1360
0.66,1325
0.67,1327
0.67,1376
0.67,1357
0.67,1344
0.67,1313
0.67,1316
0.67,1340
0.67,1387
0.67,1377
0.67,1378
0.68,1392
0.68,1392
0.68,1392
0.68,1392
0.68,1399
0.68,1392
0.68,1448
0.68,1444
0.68,1424
0.68,1424
0.69,1415
0.69,1407
0.69,1424
0.69,1391
0.69,1371
0.69,1361
0.69,1381
0.69,1386
0.69,1384
0.69,1361
0.7,1364
0.7,1362
0.7,1357
0.7,1340
0.7,1320
0.7,1299
0.7,1317
0.7,1312
0.7,1298
0.7,1287
0.7,1278
0.71,1270
0.71,1271
0.71,1254
0.71,1238
0.71,1226
0.71,1254
0.71,1247
0.71,1237
0.71,1231
0.71,1225
0.72,1230
0.72,1213
0.72,1215
0.72,1192
0.72,1188
0.72,1232
0.72,1212
0.72,1215
0.72,1194
0.72,1196
0.73,1196
0.73,1224
0.73,1177
0.73,1167
0.73,1152
0.73,1177
0.73,1177
0.73,1169
0.73,1162
0.73,1162
0.74,1164
0.74,1176
0.74,1167
0.74,1164
0.74,1137
0.74,1164
0.74,1183
0.74,1167
0.74,1158
0.74,1160
0.75,1174
0.75,1193
0.75,1183
0.75,1162
0.75,1173
0.75,1204
0.75,1222
0.75,1208
0.75,1216
0.76,1194
0.76,1227
0.76,1232
0.76,1210
0.76,1192
0.76,1252
0.76,1265
0.76,1260
0.76,1238
0.76,1256
0.77,1261
0.77,1275
0.77,1258
0.77,1236
0.77,1267
0.77,1288
0.77,1335
0.77,1336
0.77,1301
0.77,1298
0.78,1323
0.78,1341
0.78,1316
0.78,1297
0.78,1360
0.78,1373
0.78,1368
0.78,1346
0.78,1350
0.78,1344
0.79,1405
0.79,1408
0.79,1368
0.79,1367
0.79,1408
0.79,1436
0.79,1418
0.79,1400
0.79,1394
0.79,1407
0.8,1476
0.8,1472
0.8,1429
0.8,1440
0.8,1464
0.8,1479
0.8,1465
0.8,1444
0.8,1453
0.8,1470
0.81,1529
0.81,1536
0.81,1484
0.81,1552
0.81,1524
0.81,1567
0.81,1524
0.81,1527
0.81,1500
0.81,1466
0.82,1472
0.82,1501
0.82,1511
0.82,1496
0.82,1514
0.82,1477
0.82,1456
0.82,1427
0.82,1431
0.82,1459
0.83,1450
0.83,1425
0.83,1404
0.83,1398
0.83,1422
0.83,1363
0.83,1381
0.83,1392
0.83,1361
0.83,1360
0.83,1344
0.84,1440
0.84,1392
0.84,1396
0.84,1409
0.84,1382
0.84,1362
0.84,1392
0.84,1396
0.84,1373
0.84,1344
0.85,1378
0.85,1411
0.85,1390
0.85,1371
0.85,1373
0.85,1414
0.85,1396
0.85,1365
0.85,1366
0.85,1404
0.86,1420
0.86,1402
0.86,1403
0.86,1423
0.86,1364
0.86,1340
0.86,1386
0.86,1399
0.86,1376
0.86,1357
0.87,1350
0.87,1373
0.87,1364
0.87,1336
0.87,1338
0.87,1359
0.87,1308
0.87,1299
0.87,1306
0.88,1324
0.88,1285
0.88,1308
0.88,1303
0.88,1292
0.88,1288
0.88,1283
0.88,1280
0.88,1248
0.88,1244
0.89,1274
0.89,1288
0.89,1254
0.89,1248
0.89,1252
0.89,1227
0.89,1224
0.89,1245
0.89,1239
0.89,1220
0.9,1206
0.9,1193
0.9,1183
0.9,1183
0.9,1191
0.9,1171
0.9,1147
0.9,1152
0.9,1127
0.9,1129
0.91,1144
0.91,1191
0.91,1181
0.91,1156
0.91,1167
0.91,1185
0.91,1176
0.91,1194
0.91,1246
0.91,1267
0.92,1247
0.92,1225
0.92,1264
0.92,1239
0.92,1246
0.92,1278
0.92,1325
0.92,1332
0.92,1282
0.92,1296
0.93,1303
0.93,1288
0.93,1293
0.93,1315
0.93,1365
0.93,1360
0.93,1324
0.93,1336
0.93,1344
0.93,1322
0.94,1340
0.94,1395
0.94,1379
0.94,1352
0.94,1356
0.94,1363
0.94,1349
0.94,1359
0.94,1429
0.94,1416
0.95,1375
0.95,1370
0.95,1384
0.95,1363
0.95,1373
0.95,1423
0.95,1423
0.95,1396
0.95,1381
0.95,1398
0.96,1392
0.96,1381
0.96,1402
0.96,1443
0.96,1431
0.96,1403
0.96,1423
0.96,1408
0.96,1416
0.96,1449
0.96,1432
0.97,1406
0.97,1403
0.97,1419
0.97,1402
0.97,1404
0.97,1457
0.97,1448
0.97,1437
0.97,1414
0.97,1427
0.98,1410
0.98,1409
0.98,1464
0.98,1461
0.98,1434
0.98,1412
0.98,1432
0.98,1430
0.98,1447
0.98,1450
0.99,1470
0.99,1447
0.99,1426
0.99,1436
0.99,1449
0.99,1419
0.99,1434
0.99,1470
0.99,1447
0.99,1413
1.0,1430
1.0,1428
1.0,1448
1.0,1452
