0.0,1005
0.0,992
0.0,980
0.0,968
0.0,983
0.01,996
0.01,994
0.01,988
0.01,1008
0.01,1031
0.01,1028
0.01,1016
0.01,1024
0.01,991
0.01,1007
0.01,1014
0.02,1003
0.02,999
0.02,1020
0.02,1034
0.02,1045
0.02,1034
0.02,1021
0.02,1010
0.02,1032
0.03,1055
0.03,1062
0.03,1056
0.03,1072
0.03,1114
0.03,1175
0.03,1175
0.03,1145
0.03,1142
0.03,1216
0.04,1263
0.04,1250
0.04,1246
0.04,1248
0.04,1259
0.04,1247
0.04,1224
0.04,1210
0.04,1210
0.04,1217
0.04,1214
0.05,1192
0.05,1187
0.05,1206
0.05,1216
0.05,1202
0.05,1186
0.05,1173
0.05,1188
0.05,1200
0.06,1187
0.06,1175
0.06,1175
0.06,1178
0.06,1186
0.06,1170
0.06,1155
0.06,1144
0.06,1152
0.06,1183
0.07,1182
0.07,1145
0.07,1132
0.07,1154
0.07,1169
0.07,1165
0.07,1151
0.07,1135
0.07,1128
0.07,1163
0.07,1134
0.08,1120
0.08,1120
0.08,1143
0.08,1128
0.08,1145
0.08,1120
0.08,1089
0.08,1092
0.08,1098
0.09,1100
0.09,1092
0.09,1110
0.09,1115
0.09,1141
0.09,1152
0.09,1114
0.09,1123
0.09,1119
0.09,1175
0.1,1203
0.1,1193
0.1,1179
0.1,1222
0.1,1276
0.1,1287
0.1,1267
0.1,1250
0.1,1252
0.1,1314
0.1,1387
0.11,1380
0.11,1352
0.11,1404
0.11,1381
0.11,1392
0.11,1358
0.11,1338
0.11,1326
0.11,1334
0.12,1338
0.12,1323
0.12,1305
0.12,1312
0.12,1314
0.12,1314
0.12,1293
0.12,1278
0.12,1263
0.12,1259
0.12,1260
0.13,1242
0.13,1225
0.13,1209
0.13,1218
0.13,1226
0.13,1213
0.13,1200
0.13,1187
0.13,1182
0.14,1204
0.14,1207
0.14,1184
0.14,1167
0.14,1171
0.14,1182
0.14,1175
0.14,1160
0.14,1149
0.14,1142
0.14,1140
0.15,1134
0.15,1118
0.15,1105
0.15,1113
0.15,1113
0.15,1108
0.15,1093
0.15,1081
0.15,1067
0.15,1068
0.16,1068
0.16,1053
0.16,1043
0.16,1034
0.16,1047
0.16,1051
0.16,1039
0.16,1037
0.16,1037
0.17,1033
0.17,1036
0.17,1029
0.17,1018
0.17,1006
0.17,1020
0.17,1032
0.17,1031
0.17,1025
0.17,1016
0.18,1024
0.18,1017
0.18,1015
0.18,1003
0.18,991
0.18,995
0.18,1003
0.18,1005
0.18,993
0.18,985
0.18,984
0.19,981
0.19,986
0.19,991
0.19,954
0.19,972
0.19,976
0.19,984
0.19,965
0.19,953
0.2,948
0.2,953
0.2,948
0.2,940
0.2,929
0.2,944
0.2,950
0.2,952
0.2,959
0.2,943
0.21,923
0.21,920
0.21,938
0.21,920
0.21,910
0.21,913
0.21,923
0.21,936
0.21,920
0.21,917
0.21,927
0.22,913
0.22,926
0.22,927
0.22,912
0.22,904
0.22,922
0.22,929
0.22,930
0.22,925
0.23,925
0.23,936
0.23,944
0.23,935
0.23,924
0.23,930
0.23,947
0.23,946
0.23,944
0.23,931
0.24,939
0.24,962
0.24,960
0.24,964
0.24,955
0.24,982
0.24,1005
0.24,1023
0.24,1011
0.24,1004
0.24,1007
0.25,1026
0.25,1056
0.25,1023
0.25,1027
0.25,1053
0.25,1074
0.25,1074
0.25,1066
0.25,1079
0.26,1077
0.26,1094
0.26,1094
0.26,1103
0.26,1067
0.26,1094
0.26,1106
0.26,1134
0.26,1083
0.26,1120
0.27,1081
0.27,1090
0.27,1084
0.27,1074
0.27,1103
0.27,1136
0.27,1133
0.27,1122
0.27,1136
0.27,1152
0.28,1184
0.28,1227
0.28,1227
0.28,1208
0.28,1241
0.28,1268
0.28,1299
0.28,1282
0.28,1270
0.28,1267
0.29,1314
0.29,1356
0.29,1332
0.29,1317
0.29,1341
0.29,1347
0.29,1337
0.29,1319
0.29,1313
0.29,1318
0.29,1320
0.3,1294
0.3,1274
0.3,1276
0.3,1276
0.3,1290
0.3,1275
0.3,1260
0.3,1251
0.3,1249
0.3,1256
0.31,1240
0.31,1222
0.31,1208
0.31,1231
0.31,1238
0.31,1247
0.31,1240
0.31,1246
0.31,1261
0.32,1311
0.32,1274
0.32,1274
0.32,1277
0.32,1318
0.32,1355
0.32,1332
0.32,1319
0.32,1306
0.32,1313
0.33,1384
0.33,1391
0.33,1372
0.33,1353
0.33,1398
0.33,1437
0.33,1438
0.33,1427
0.33,1416
0.33,1420
0.34,1427
0.34,1440
0.34,1416
0.34,1403
0.34,1419
0.34,1439
0.34,1393
0.34,1375
0.34,1354
0.34,1358
0.35,1345
0.35,1338
0.35,1323
0.35,1311
0.35,1336
0.35,1331
0.35,1314
0.35,1298
0.35,1291
0.35,1292
0.35,1296
0.36,1281
0.36,1259
0.36,1246
0.36,1267
0.36,1267
0.36,1268
0.36,1283
0.36,1246
0.36,1244
0.36,1250
0.37,1250
0.37,1231
0.37,1216
0.37,1216
0.37,1242
0.37,1242
0.37,1225
0.37,1227
0.37,1219
0.38,1216
0.38,1226
0.38,1216
0.38,1201
0.38,1199
0.38,1240
0.38,1237
0.38,1219
0.38,1204
0.38,1201
0.39,1209
0.39,1216
0.39,1200
0.39,1186
0.39,1182
0.39,1198
0.39,1202
0.39,1201
0.39,1189
0.39,1182
0.4,1190
0.4,1195
0.4,1183
0.4,1152
0.4,1155
0.4,1216
0.4,1242
0.4,1227
0.4,1216
0.4,1213
0.41,1237
0.41,1296
0.41,1275
0.41,1258
0.41,1279
0.41,1296
0.41,1306
0.41,1285
0.41,1274
0.41,1263
0.42,1288
0.42,1270
0.42,1252
0.42,1247
0.42,1288
0.42,1346
0.42,1332
0.42,1319
0.42,1319
0.42,1329
0.42,1343
0.43,1306
0.43,1296
0.43,1317
0.43,1318
0.43,1298
0.43,1283
0.43,1279
0.43,1266
0.43,1270
0.43,1253
0.44,1235
0.44,1215
0.44,1229
0.44,1237
0.44,1208
0.44,1215
0.44,1215
0.44,1191
0.44,1238
0.45,1182
0.45,1164
0.45,1148
0.45,1185
0.45,1194
0.45,1184
0.45,1184
0.45,1184
0.45,1176
0.45,1169
0.46,1168
0.46,1140
0.46,1125
0.46,1150
0.46,1159
0.46,1146
0.46,1134
0.46,1142
0.46,1148
0.46,1138
0.47,1125
0.47,1111
0.47,1099
0.47,1138
0.47,1167
0.47,1139
0.47,1110
0.47,1102
0.47,1110
0.47,1102
0.48,1096
0.48,1082
0.48,1076
0.48,1124
0.48,1116
0.48,1112
0.48,1094
0.48,1088
0.48,1095
0.48,1098
0.48,1089
0.49,1073
0.49,1073
0.49,1094
0.49,1093
0.49,1111
0.49,1115
0.49,1131
0.49,1109
0.49,1207
0.49,1188
0.5,1184
0.5,1188
0.5,1212
0.5,1253
0.5,1240
0.5,1224
0.5,1217
0.5,1235
0.5,1320
0.51,1313
0.51,1293
0.51,1283
0.51,1344
0.51,1351
0.51,1339
0.51,1328
0.51,1332
0.51,1366
0.51,1348
0.52,1328
0.52,1311
0.52,1306
0.52,1332
0.52,1335
0.52,1344
0.52,1315
0.52,1314
0.52,1311
0.52,1330
0.53,1322
0.53,1288
0.53,1279
0.53,1298
0.53,1300
0.53,1320
0.53,1288
0.53,1295
0.53,1272
0.53,1279
0.54,1279
0.54,1236
0.54,1234
0.54,1259
0.54,1274
0.54,1280
0.54,1253
0.54,1255
0.54,1279
0.54,1277
0.55,1260
0.55,1248
0.55,1242
0.55,1240
0.55,1238
0.55,1224
0.55,1216
0.55,1214
0.55,1232
0.55,1248
0.56,1203
0.56,1185
0.56,1183
0.56,1240
0.56,1231
0.56,1217
0.56,1232
0.56,1208
0.56,1217
0.56,1204
0.57,1191
0.57,1181
0.57,1176
0.57,1222
0.57,1262
0.57,1257
0.57,1242
0.57,1253
0.57,1250
0.57,1265
0.58,1260
0.58,1240
0.58,1227
0.58,1266
0.58,1304
0.58,1294
0.58,1282
0.58,1280
0.58,1293
0.58,1354
0.58,1364
0.59,1340
0.59,1319
0.59,1342
0.59,1346
0.59,1348
0.59,1315
0.59,1301
0.59,1307
0.59,1316
0.59,1317
0.6,1297
0.6,1272
0.6,1289
0.6,1298
0.6,1287
0.6,1270
0.6,1265
0.6,1279
0.6,1296
0.6,1257
0.61,1248
0.61,1226
0.61,1241
0.61,1246
0.61,1237
0.61,1221
0.61,1214
0.61,1208
0.61,1216
0.61,1200
0.62,1182
0.62,1170
0.62,1192
0.62,1178
0.62,1170
0.62,1163
0.62,1158
0.62,1166
0.62,1160
0.62,1160
0.63,1137
0.63,1122
0.63,1155
0.63,1168
0.63,1162
0.63,1137
0.63,1131
0.63,1127
0.63,1139
0.64,1136
0.64,1121
0.64,1128
0.64,1121
0.64,1152
0.64,1120
0.64,1106
0.64,1100
0.64,1104
0.64,1120
0.65,1105
0.65,1093
0.65,1077
0.65,1128
0.65,1170
0.65,1196
0.65,1202
0.65,1170
0.65,1178
0.65,1239
0.66,1270
0.66,1251
0.66,1239
0.66,1299
0.66,1328
0.66,1320
0.66,1299
0.66,1296
0.66,1287
0.66,1356
0.67,1392
0.67,1370
0.67,1348
0.67,1380
0.67,1407
0.67,1402
0.67,1353
0.67,1337
0.67,1324
0.67,1326
0.68,1344
0.68,1294
0.68,1275
0.68,1300
0.68,1290
0.68,1290
0.68,1259
0.68,1246
0.68,1244
0.68,1254
0.69,1263
0.69,1219
0.69,1203
0.69,1212
0.69,1214
0.69,1198
0.69,1181
0.69,1170
0.69,1169
0.69,1169
0.7,1161
0.7,1147
0.7,1132
0.7,1142
0.7,1153
0.7,1180
0.7,1136
0.7,1128
0.7,1117
0.7,1128
0.7,1125
0.71,1150
0.71,1094
0.71,1119
0.71,1139
0.71,1119
0.71,1105
0.71,1096
0.71,1097
0.71,1104
0.71,1119
0.72,1090
0.72,1077
0.72,1131
0.72,1152
0.72,1167
0.72,1152
0.72,1132
0.72,1122
0.72,1156
0.72,1167
0.73,1168
0.73,1140
0.73,1192
0.73,1195
0.73,1196
0.73,1206
0.73,1168
0.73,1181
0.73,1197
0.73,1224
0.74,1216
0.74,1170
0.74,1197
0.74,1209
0.74,1195
0.74,1179
0.74,1164
0.74,1174
0.74,1217
0.74,1216
0.75,1229
0.75,1187
0.75,1205
0.75,1212
0.75,1198
0.75,1185
0.75,1200
0.75,1184
0.75,1216
0.76,1200
0.76,1179
0.76,1184
0.76,1202
0.76,1216
0.76,1253
0.76,1225
0.76,1217
0.76,1226
0.76,1275
0.77,1251
0.77,1264
0.77,1228
0.77,1256
0.77,1270
0.77,1263
0.77,1243
0.77,1232
0.77,1233
0.77,1253
0.78,1292
0.78,1275
0.78,1260
0.78,1271
0.78,1283
0.78,1283
0.78,1264
0.78,1245
0.78,1239
0.78,1242
0.79,1240
0.79,1223
0.79,1203
0.79,1196
0.79,1202
0.79,1203
0.79,1185
0.79,1173
0.79,1163
0.79,1156
0.8,1159
0.8,1147
0.8,1131
0.8,1118
0.8,1126
0.8,1128
0.8,1122
0.8,1110
0.8,1092
0.8,1104
0.81,1080
0.81,1086
0.81,1064
0.81,1044
0.81,1088
0.81,1065
0.81,1088
0.81,1062
0.81,1045
0.81,1040
0.82,1052
0.82,1066
0.82,1079
0.82,1045
0.82,1046
0.82,1062
0.82,1068
0.82,1055
0.82,1060
0.82,1039
0.83,1045
0.83,1053
0.83,1044
0.83,1044
0.83,1048
0.83,1054
0.83,1079
0.83,1084
0.83,1057
0.83,1051
0.83,1060
0.84,1073
0.84,1066
0.84,1055
0.84,1049
0.84,1072
0.84,1084
0.84,1075
0.84,1074
0.84,1055
0.84,1062
0.85,1105
0.85,1105
0.85,1090
0.85,1077
0.85,1111
0.85,1109
0.85,1128
0.85,1092
0.85,1083
0.85,1080
0.86,1104
0.86,1091
0.86,1071
0.86,1061
0.86,1086
0.86,1096
0.86,1083
0.86,1070
0.86,1061
0.86,1058
0.87,1065
0.87,1052
0.87,1042
0.87,1035
0.87,1061
0.87,1088
0.87,1089
0.87,1075
0.87,1066
0.88,1066
0.88,1079
0.88,1073
0.88,1060
0.88,1044
0.88,1061
0.88,1071
0.88,1059
0.88,1046
0.88,1038
0.89,1031
0.89,1036
0.89,1030
0.89,1014
0.89,1000
0.89,1012
0.89,1017
0.89,1011
0.89,1005
0.89,995
0.9,988
0.9,991
0.9,995
0.9,983
0.9,969
0.9,962
0.9,980
0.9,991
0.9,1006
0.9,968
0.91,970
0.91,961
0.91,972
0.91,975
0.91,940
0.91,971
0.91,976
0.91,957
0.91,957
0.91,944
0.92,941
0.92,956
0.92,958
0.92,958
0.92,936
0.92,968
0.92,982
0.92,992
0.92,984
0.92,988
0.93,984
0.93,978
0.93,977
0.93,969
0.93,957
0.93,1015
0.93,1001
0.93,1005
0.93,994
0.93,980
0.94,993
0.94,1017
0.94,999
0.94,986
0.94,1005
0.94,1019
0.94,1017
0.94,1006
0.94,1006
0.94,998
0.95,1068
0.95,1070
0.95,1056
0.95,1043
0.95,1090
0.95,1122
0.95,1144
0.95,1128
0.95,1118
0.95,1128
0.96,1153
0.96,1141
0.96,1123
0.96,1122
0.96,1144
0.96,1147
0.96,1132
0.96,1119
0.96,1114
0.96,1116
0.96,1125
0.97,1113
0.97,1095
0.97,1085
0.97,1119
0.97,1113
0.97,1101
0.97,1111
0.97,1078
0.97,1088
0.97,1103
0.98,1095
0.98,1078
0.98,1062
0.98,1087
0.98,1096
0.98,1094
0.98,1100
0.98,1080
0.98,1068
0.98,1078
0.99,1074
0.99,1051
0.99,1054
0.99,1068
0.99,1082
0.99,1071
0.99,1059
0.99,1057
0.99,1069
0.99,1090
1.0,1057
1.0,1047
1.0,1056
1.0,1067
