0.0,931
0.0,909
0.0,909
0.0,898
0.0,907
0.01,897
0.01,890
0.01,882
0.01,928
0.01,919
0.01,912
0.01,900
0.01,889
0.01,893
0.01,908
0.01,908
0.02,904
0.02,902
0.02,920
0.02,930
0.02,922
0.02,910
0.02,899
0.02,897
0.02,916
0.03,911
0.03,901
0.03,894
0.03,914
0.03,922
0.03,924
0.03,912
0.03,901
0.03,890
0.03,905
0.04,913
0.04,905
0.04,898
0.04,889
0.04,914
0.04,930
0.04,923
0.04,908
0.04,906
0.04,908
0.04,924
0.05,929
0.05,911
0.05,919
0.05,929
0.05,941
0.05,928
0.05,918
0.05,912
0.05,930
0.06,956
0.06,948
0.06,951
0.06,951
0.06,971
0.06,980
0.06,969
0.06,982
0.06,1041
0.06,1056
0.07,1049
0.07,1097
0.07,1145
0.07,1160
0.07,1118
0.07,1184
0.07,1216
0.07,1166
0.07,1176
0.07,1223
0.07,1256
0.08,1252
0.08,1235
0.08,1282
0.08,1331
0.08,1279
0.08,1299
0.08,1288
0.08,1260
0.08,1242
0.09,1271
0.09,1225
0.09,1210
0.09,1237
0.09,1229
0.09,1216
0.09,1190
0.09,1232
0.09,1215
0.09,1195
0.1,1218
0.1,1249
0.1,1209
0.1,1196
0.1,1224
0.1,1246
0.1,1226
0.1,1269
0.1,1314
0.1,1290
0.1,1280
0.11,1282
0.11,1293
0.11,1245
0.11,1266
0.11,1291
0.11,1276
0.11,1252
0.11,1257
0.11,1297
0.12,1279
0.12,1275
0.12,1292
0.12,1276
0.12,1254
0.12,1242
0.12,1250
0.12,1240
0.12,1227
0.12,1219
0.12,1242
0.13,1251
0.13,1237
0.13,1212
0.13,1207
0.13,1223
0.13,1222
0.13,1203
0.13,1191
0.13,1216
0.14,1226
0.14,1221
0.14,1201
0.14,1189
0.14,1216
0.14,1223
0.14,1209
0.14,1198
0.14,1207
0.14,1237
0.14,1279
0.15,1265
0.15,1256
0.15,1279
0.15,1264
0.15,1259
0.15,1240
0.15,1238
0.15,1273
0.15,1283
0.15,1268
0.16,1245
0.16,1240
0.16,1254
0.16,1292
0.16,1265
0.16,1252
0.16,1296
0.16,1299
0.16,1286
0.17,1267
0.17,1264
0.17,1286
0.17,1357
0.17,1375
0.17,1337
0.17,1337
0.17,1388
0.17,1369
0.17,1346
0.18,1325
0.18,1323
0.18,1327
0.18,1317
0.18,1310
0.18,1303
0.18,1327
0.18,1330
0.18,1312
0.18,1291
0.18,1288
0.19,1352
0.19,1391
0.19,1365
0.19,1342
0.19,1386
0.19,1424
0.19,1434
0.19,1421
0.19,1425
0.2,1422
0.2,1423
0.2,1402
0.2,1382
0.2,1382
0.2,1420
0.2,1458
0.2,1436
0.2,1444
0.2,1407
0.21,1428
0.21,1435
0.21,1422
0.21,1424
0.21,1429
0.21,1456
0.21,1415
0.21,1401
0.21,1436
0.21,1438
0.21,1464
0.22,1447
0.22,1479
0.22,1460
0.22,1466
0.22,1488
0.22,1430
0.22,1415
0.22,1430
0.22,1447
0.23,1429
0.23,1424
0.23,1412
0.23,1456
0.23,1421
0.23,1397
0.23,1380
0.23,1375
0.23,1383
0.23,1407
0.24,1353
0.24,1343
0.24,1373
0.24,1417
0.24,1410
0.24,1424
0.24,1431
0.24,1395
0.24,1382
0.24,1368
0.24,1356
0.25,1377
0.25,1418
0.25,1399
0.25,1392
0.25,1378
0.25,1390
0.25,1446
0.25,1465
0.25,1400
0.26,1425
0.26,1472
0.26,1414
0.26,1391
0.26,1370
0.26,1363
0.26,1440
0.26,1433
0.26,1415
0.26,1416
0.27,1440
0.27,1496
0.27,1495
0.27,1481
0.27,1478
0.27,1501
0.27,1544
0.27,1533
0.27,1505
0.27,1501
0.28,1530
0.28,1570
0.28,1556
0.28,1544
0.28,1552
0.28,1552
0.28,1552
0.28,1512
0.28,1507
0.28,1560
0.29,1596
0.29,1577
0.29,1549
0.29,1521
0.29,1533
0.29,1568
0.29,1518
0.29,1520
0.29,1532
0.29,1542
0.29,1536
0.3,1522
0.3,1509
0.3,1509
0.3,1536
0.3,1526
0.3,1526
0.3,1530
0.3,1554
0.3,1553
0.3,1530
0.31,1516
0.31,1514
0.31,1530
0.31,1585
0.31,1573
0.31,1544
0.31,1552
0.31,1559
0.31,1546
0.32,1515
0.32,1496
0.32,1489
0.32,1574
0.32,1578
0.32,1571
0.32,1550
0.32,1552
0.32,1561
0.32,1559
0.33,1567
0.33,1549
0.33,1554
0.33,1568
0.33,1547
0.33,1522
0.33,1559
0.33,1569
0.33,1585
0.33,1592
0.34,1600
0.34,1589
0.34,1599
0.34,1584
0.34,1556
0.34,1568
0.34,1600
0.34,1636
0.34,1640
0.34,1595
0.35,1569
0.35,1600
0.35,1567
0.35,1568
0.35,1560
0.35,1561
0.35,1596
0.35,1591
0.35,1580
0.35,1547
0.35,1518
0.36,1520
0.36,1528
0.36,1508
0.36,1501
0.36,1485
0.36,1503
0.36,1499
0.36,1489
0.36,1472
0.36,1452
0.37,1440
0.37,1427
0.37,1419
0.37,1417
0.37,1440
0.37,1392
0.37,1408
0.37,1403
0.37,1379
0.38,1352
0.38,1337
0.38,1365
0.38,1366
0.38,1371
0.38,1356
0.38,1371
0.38,1372
0.38,1360
0.38,1342
0.39,1345
0.39,1348
0.39,1354
0.39,1350
0.39,1358
0.39,1348
0.39,1384
0.39,1445
0.39,1439
0.39,1426
0.4,1447
0.4,1427
0.4,1463
0.4,1453
0.4,1449
0.4,1469
0.4,1474
0.4,1492
0.4,1467
0.4,1454
0.41,1476
0.41,1468
0.41,1518
0.41,1535
0.41,1508
0.41,1554
0.41,1531
0.41,1521
0.41,1512
0.41,1480
0.42,1554
0.42,1601
0.42,1589
0.42,1578
0.42,1574
0.42,1598
0.42,1622
0.42,1608
0.42,1592
0.42,1598
0.42,1614
0.43,1600
0.43,1580
0.43,1562
0.43,1590
0.43,1646
0.43,1638
0.43,1638
0.43,1632
0.43,1619
0.43,1591
0.44,1559
0.44,1564
0.44,1584
0.44,1608
0.44,1600
0.44,1583
0.44,1563
0.44,1572
0.44,1600
0.45,1587
0.45,1557
0.45,1596
0.45,1592
0.45,1608
0.45,1568
0.45,1547
0.45,1536
0.45,1546
0.45,1556
0.46,1516
0.46,1519
0.46,1536
0.46,1542
0.46,1524
0.46,1520
0.46,1500
0.46,1551
0.46,1592
0.46,1587
0.47,1572
0.47,1587
0.47,1600
0.47,1608
0.47,1577
0.47,1556
0.47,1556
0.47,1571
0.47,1552
0.47,1529
0.48,1564
0.48,1541
0.48,1567
0.48,1544
0.48,1518
0.48,1507
0.48,1527
0.48,1518
0.48,1510
0.48,1518
0.48,1535
0.49,1568
0.49,1544
0.49,1511
0.49,1496
0.49,1519
0.49,1504
0.49,1487
0.49,1472
0.49,1486
0.49,1496
0.5,1488
0.5,1460
0.5,1440
0.5,1428
0.5,1500
0.5,1498
0.5,1478
0.5,1534
0.5,1522
0.51,1514
0.51,1484
0.51,1461
0.51,1479
0.51,1543
0.51,1536
0.51,1510
0.51,1502
0.51,1514
0.51,1552
0.52,1508
0.52,1488
0.52,1487
0.52,1503
0.52,1490
0.52,1460
0.52,1440
0.52,1504
0.52,1504
0.52,1526
0.53,1498
0.53,1471
0.53,1503
0.53,1488
0.53,1465
0.53,1441
0.53,1427
0.53,1465
0.53,1495
0.53,1496
0.54,1459
0.54,1448
0.54,1436
0.54,1461
0.54,1436
0.54,1416
0.54,1442
0.54,1438
0.54,1448
0.54,1417
0.55,1395
0.55,1385
0.55,1421
0.55,1448
0.55,1430
0.55,1405
0.55,1431
0.55,1432
0.55,1415
0.55,1393
0.56,1381
0.56,1385
0.56,1472
0.56,1453
0.56,1428
0.56,1455
0.56,1432
0.56,1456
0.56,1448
0.56,1417
0.57,1426
0.57,1435
0.57,1426
0.57,1399
0.57,1380
0.57,1431
0.57,1432
0.57,1449
0.57,1440
0.57,1423
0.58,1448
0.58,1419
0.58,1392
0.58,1372
0.58,1396
0.58,1436
0.58,1413
0.58,1401
0.58,1428
0.58,1388
0.58,1430
0.59,1383
0.59,1362
0.59,1383
0.59,1389
0.59,1380
0.59,1370
0.59,1375
0.59,1370
0.59,1401
0.59,1413
0.6,1376
0.6,1367
0.6,1387
0.6,1386
0.6,1371
0.6,1369
0.6,1373
0.6,1408
0.6,1417
0.6,1419
0.61,1412
0.61,1432
0.61,1438
0.61,1460
0.61,1448
0.61,1464
0.61,1472
0.61,1479
0.61,1418
0.61,1411
0.62,1384
0.62,1447
0.62,1432
0.62,1439
0.62,1404
0.62,1432
0.62,1393
0.62,1423
0.62,1408
0.62,1384
0.63,1391
0.63,1408
0.63,1384
0.63,1366
0.63,1368
0.63,1371
0.63,1361
0.63,1356
0.63,1343
0.64,1322
0.64,1305
0.64,1322
0.64,1316
0.64,1311
0.64,1313
0.64,1313
0.64,1304
0.64,1312
0.64,1282
0.65,1269
0.65,1255
0.65,1285
0.65,1288
0.65,1258
0.65,1244
0.65,1222
0.65,1220
0.65,1226
0.65,1224
0.66,1232
0.66,1269
0.66,1283
0.66,1282
0.66,1274
0.66,1267
0.66,1268
0.66,1284
0.66,1285
0.66,1271
0.67,1265
0.67,1351
0.67,1334
0.67,1363
0.67,1355
0.67,1355
0.67,1362
0.67,1345
0.67,1333
0.67,1322
0.68,1384
0.68,1392
0.68,1401
0.68,1390
0.68,1383
0.68,1376
0.68,1380
0.68,1396
0.68,1365
0.68,1368
0.69,1402
0.69,1401
0.69,1387
0.69,1380
0.69,1379
0.69,1427
0.69,1384
0.69,1362
0.69,1347
0.69,1383
0.7,1399
0.7,1377
0.7,1365
0.7,1363
0.7,1372
0.7,1421
0.7,1404
0.7,1408
0.7,1375
0.7,1391
0.7,1403
0.71,1392
0.71,1379
0.71,1424
0.71,1407
0.71,1400
0.71,1379
0.71,1363
0.71,1417
0.71,1448
0.71,1451
0.72,1436
0.72,1431
0.72,1443
0.72,1436
0.72,1418
0.72,1397
0.72,1422
0.72,1449
0.72,1488
0.72,1443
0.73,1442
0.73,1471
0.73,1521
0.73,1500
0.73,1480
0.73,1528
0.73,1536
0.73,1512
0.73,1480
0.73,1461
0.74,1464
0.74,1482
0.74,1560
0.74,1506
0.74,1484
0.74,1552
0.74,1541
0.74,1526
0.74,1496
0.74,1495
0.75,1512
0.75,1545
0.75,1521
0.75,1495
0.75,1522
0.75,1533
0.75,1551
0.75,1532
0.75,1521
0.76,1528
0.76,1575
0.76,1560
0.76,1501
0.76,1476
0.76,1510
0.76,1547
0.76,1538
0.76,1518
0.76,1524
0.77,1510
0.77,1516
0.77,1486
0.77,1464
0.77,1454
0.77,1492
0.77,1512
0.77,1485
0.77,1470
0.77,1488
0.78,1465
0.78,1535
0.78,1477
0.78,1446
0.78,1471
0.78,1488
0.78,1454
0.78,1440
0.78,1432
0.78,1436
0.79,1471
0.79,1475
0.79,1451
0.79,1440
0.79,1466
0.79,1474
0.79,1455
0.79,1431
0.79,1447
0.79,1488
0.8,1470
0.8,1442
0.8,1423
0.8,1452
0.8,1463
0.8,1465
0.8,1451
0.8,1471
0.8,1484
0.8,1460
0.81,1421
0.81,1396
0.81,1432
0.81,1443
0.81,1471
0.81,1481
0.81,1433
0.81,1430
0.81,1445
0.81,1422
0.82,1404
0.82,1400
0.82,1440
0.82,1480
0.82,1434
0.82,1420
0.82,1414
0.82,1412
0.82,1447
0.82,1431
0.83,1413
0.83,1438
0.83,1440
0.83,1420
0.83,1406
0.83,1397
0.83,1402
0.83,1424
0.83,1410
0.83,1404
0.83,1415
0.84,1414
0.84,1404
0.84,1381
0.84,1369
0.84,1372
0.84,1425
0.84,1401
0.84,1381
0.84,1387
0.84,1404
0.85,1419
0.85,1424
0.85,1389
0.85,1407
0.85,1408
0.85,1432
0.85,1392
0.85,1364
0.85,1416
0.85,1418
0.86,1424
0.86,1410
0.86,1423
0.86,1444
0.86,1414
0.86,1388
0.86,1391
0.86,1446
0.86,1413
0.86,1428
0.87,1392
0.87,1408
0.87,1388
0.87,1419
0.87,1416
0.87,1381
0.87,1451
0.87,1422
0.87,1418
0.88,1406
0.88,1399
0.88,1428
0.88,1409
0.88,1423
0.88,1403
0.88,1373
0.88,1400
0.88,1403
0.88,1384
0.89,1408
0.89,1364
0.89,1388
0.89,1429
0.89,1409
0.89,1393
0.89,1409
0.89,1417
0.89,1433
0.89,1413
0.9,1397
0.9,1398
0.9,1405
0.9,1420
0.9,1401
0.9,1378
0.9,1373
0.9,1430
0.9,1472
0.9,1438
0.91,1421
0.91,1415
0.91,1414
0.91,1423
0.91,1404
0.91,1384
0.91,1365
0.91,1396
0.91,1388
0.91,1363
0.92,1351
0.92,1335
0.92,1342
0.92,1370
0.92,1307
0.92,1289
0.92,1305
0.92,1319
0.92,1310
0.92,1305
0.93,1304
0.93,1315
0.93,1322
0.93,1306
0.93,1290
0.93,1271
0.93,1328
0.93,1310
0.93,1312
0.93,1284
0.94,1280
0.94,1291
0.94,1359
0.94,1339
0.94,1320
0.94,1338
0.94,1348
0.94,1368
0.94,1368
0.94,1344
0.95,1343
0.95,1364
0.95,1341
0.95,1319
0.95,1309
0.95,1358
0.95,1394
0.95,1385
0.95,1373
0.95,1370
0.96,1396
0.96,1379
0.96,1357
0.96,1338
0.96,1330
0.96,1408
0.96,1410
0.96,1389
0.96,1376
0.96,1370
0.96,1365
0.97,1411
0.97,1374
0.97,1356
0.97,1439
0.97,1416
0.97,1381
0.97,1364
0.97,1363
0.97,1385
0.97,1415
0.98,1391
0.98,1372
0.98,1397
0.98,1416
0.98,1411
0.98,1408
0.98,1390
0.98,1401
0.98,1441
0.98,1431
0.99,1408
0.99,1396
0.99,1427
0.99,1462
0.99,1441
0.99,1428
0.99,1435
0.99,1450
0.99,1454
0.99,1429
1.0,1409
1.0,1433
1.0,1471
1.0,1495
