0.0,609
0.001,589
0.002,588
0.003,590
0.004,591
0.005,596
0.006,614
0.007,608
0.008,576
0.009,583
0.01,590
0.011,579
0.012,607
0.013,607
0.014,589
0.015,591
0.016,595
0.017,602
0.018,586
0.019,629
0.02,619
0.021,599
0.022,613
0.023,624
0.024,623
0.025,643
0.026,660
0.027,636
0.028,624
0.029,639
0.03,624
0.031,620
0.032,678
0.033,676
0.034,653
0.035,656
0.036,668
0.037,656
0.038,679
0.039,696
0.04,675
0.041,657
0.042,675
0.043,687
0.044,680
0.045,708
0.046,714
0.047,694
0.048,684
0.049,707
0.05,693
0.051,680
0.052,717
0.053,712
0.054,695
0.055,686
0.056,702
0.057,703
0.058,681
0.059,718
0.06,711
0.061,702
0.062,699
0.063,696
0.064,682
0.065,686
0.066,703
0.067,682
0.068,668
0.069,680
0.07,695
0.071,680
0.072,738
0.073,742
0.074,717
0.075,706
0.076,733
0.077,714
0.078,697
0.079,740
0.08,744
0.081,712
0.082,714
0.083,732
0.084,720
0.085,712
0.086,747
0.087,740
0.088,719
0.089,735
0.09,726
0.091,724
0.092,721
0.093,735
0.094,728
0.095,703
0.096,726
0.097,728
0.098,725
0.099,772
0.1,790
0.101,773
0.102,776
0.103,787
0.104,766
0.105,746
0.106,820
0.107,831
0.108,795
0.109,795
0.11,795
0.111,777
0.112,765
0.113,791
0.114,770
0.115,751
0.116,768
0.117,759
0.118,719
0.119,727
0.12,746
0.121,722
0.122,714
0.123,740
0.124,729
0.125,705
0.126,730
0.127,739
0.128,722
0.129,735
0.13,743
0.131,719
0.132,717
0.133,752
0.134,745
0.135,734
0.136,745
0.137,744
0.138,720
0.139,723
0.14,751
0.141,748
0.142,740
0.143,740
0.144,743
0.145,706
0.146,732
0.147,740
0.148,730
0.149,736
0.15,736
0.151,711
0.152,689
0.153,723
0.154,727
0.155,720
0.156,744
0.157,741
0.158,713
0.159,718
0.16,751
0.161,744
0.162,720
0.163,740
0.164,724
0.165,703
0.166,736
0.167,750
0.168,746
0.169,744
0.17,767
0.171,746
0.172,724
0.173,764
0.174,774
0.175,766
0.176,768
0.177,796
0.178,776
0.179,775
0.18,793
0.181,786
0.182,791
0.183,791
0.184,789
0.185,769
0.186,783
0.187,798
0.188,806
0.189,795
0.19,811
0.191,800
0.192,775
0.193,792
0.194,810
0.195,805
0.196,802
0.197,830
0.198,799
0.199,768
0.2,797
0.201,791
0.202,788
0.203,804
0.204,800
0.205,776
0.206,768
0.207,789
0.208,784
0.209,784
0.21,791
0.211,784
0.212,762
0.213,769
0.214,805
0.215,790
0.216,786
0.217,798
0.218,775
0.219,756
0.22,793
0.221,803
0.222,779
0.223,799
0.224,793
0.225,765
0.226,772
0.227,787
0.228,778
0.229,768
0.23,786
0.231,767
0.232,744
0.233,763
0.234,779
0.235,771
0.236,770
0.237,780
0.238,768
0.239,744
0.24,768
0.241,762
0.242,749
0.243,767
0.244,775
0.245,752
0.246,764
0.247,771
0.248,774
0.249,754
0.25,791
0.251,753
0.252,728
0.253,762
0.254,776
0.255,750
0.256,762
0.257,763
0.258,738
0.259,743
0.26,772
0.261,748
0.262,746
0.263,771
0.264,744
0.265,722
0.266,780
0.267,808
0.268,776
0.269,803
0.27,785
0.271,762
0.272,742
0.273,783
0.274,775
0.275,755
0.276,767
0.277,754
0.278,730
0.279,728
0.28,757
0.281,739
0.282,736
0.283,741
0.284,747
0.285,728
0.286,748
0.287,757
0.288,745
0.289,743
0.29,772
0.291,740
0.292,725
0.293,767
0.294,734
0.295,715
0.296,729
0.297,726
0.298,714
0.299,739
0.3,780
0.301,764
0.302,745
0.303,738
0.304,747
0.305,717
0.306,750
0.307,751
0.308,745
0.309,732
0.31,746
0.311,739
0.312,730
0.313,774
0.314,756
0.315,751
0.316,744
0.317,766
0.318,755
0.319,766
0.32,788
0.321,755
0.322,735
0.323,749
0.324,742
0.325,727
0.326,751
0.327,754
0.328,743
0.329,729
0.33,725
0.331,723
0.332,708
0.333,774
0.334,772
0.335,746
0.336,736
0.337,747
0.338,723
0.339,717
0.34,775
0.341,748
0.342,727
0.343,738
0.344,740
0.345,728
0.346,764
0.347,778
0.348,767
0.349,738
0.35,752
0.351,782
0.352,778
0.353,812
0.354,804
0.355,785
0.356,773
0.357,784
0.358,779
0.359,769
0.36,805
0.361,815
0.362,794
0.363,778
0.364,797
0.365,770
0.366,754
0.367,792
0.368,780
0.369,760
0.37,767
0.371,749
0.372,748
0.373,753
0.374,788
0.375,784
0.376,759
0.377,766
0.378,750
0.379,741
0.38,760
0.381,756
0.382,742
0.383,717
0.384,740
0.385,719
0.386,708
0.387,741
0.388,725
0.389,716
0.39,706
0.391,701
0.392,699
0.393,725
0.394,722
0.395,703
0.396,693
0.397,696
0.398,696
0.399,742
0.4,725
0.401,705
0.402,692
0.403,707
0.404,707
0.405,711
0.406,733
0.407,713
0.408,698
0.409,735
0.41,720
0.411,734
0.412,743
0.413,720
0.414,702
0.415,715
0.416,705
0.417,692
0.418,720
0.419,697
0.42,681
0.421,694
0.422,681
0.423,695
0.424,712
0.425,708
0.426,683
0.427,693
0.428,704
0.429,688
0.43,751
0.431,775
0.432,754
0.433,745
0.434,758
0.435,746
0.436,748
0.437,796
0.438,757
0.439,744
0.44,748
0.441,751
0.442,740
0.443,762
0.444,764
0.445,736
0.446,730
0.447,764
0.448,752
0.449,774
0.45,807
0.451,771
0.452,747
0.453,769
0.454,762
0.455,750
0.456,783
0.457,797
0.458,749
0.459,754
0.46,770
0.461,784
0.462,819
0.463,833
0.464,800
0.465,803
0.466,816
0.467,799
0.468,829
0.469,838
0.47,809
0.471,787
0.472,813
0.473,804
0.474,809
0.475,848
0.476,821
0.477,803
0.478,822
0.479,810
0.48,787
0.481,832
0.482,815
0.483,784
0.484,799
0.485,791
0.486,780
0.487,810
0.488,789
0.489,767
0.49,778
0.491,776
0.492,750
0.493,814
0.494,832
0.495,796
0.496,802
0.497,798
0.498,777
0.499,799
0.5,805
0.501,780
0.502,771
0.503,795
0.504,768
0.505,793
0.506,809
0.507,779
0.508,767
0.509,802
0.51,784
0.511,783
0.512,799
0.513,777
0.514,779
0.515,786
0.516,764
0.517,752
0.518,785
0.519,764
0.52,743
0.521,763
0.522,743
0.523,722
0.524,773
0.525,744
0.526,726
0.527,740
0.528,728
0.529,702
0.53,740
0.531,737
0.532,715
0.533,723
0.534,726
0.535,704
0.536,698
0.537,718
0.538,698
0.539,712
0.54,730
0.541,699
0.542,708
0.543,723
0.544,710
0.545,705
0.546,738
0.547,728
0.548,715
0.549,774
0.55,755
0.551,740
0.552,775
0.553,764
0.554,751
0.555,802
0.556,802
0.557,789
0.558,808
0.559,800
0.56,784
0.561,800
0.562,808
0.563,786
0.564,814
0.565,811
0.566,812
0.567,779
0.568,838
0.569,890
0.57,884
0.571,889
0.572,895
0.573,879
0.574,899
0.575,911
0.576,908
0.577,900
0.578,922
0.579,896
0.58,885
0.581,900
0.582,915
0.583,892
0.584,897
0.585,900
0.586,883
0.587,861
0.588,904
0.589,903
0.59,900
0.591,933
0.592,919
0.593,891
0.594,914
0.595,923
0.596,918
0.597,919
0.598,946
0.599,935
0.6,922
0.601,962
0.602,954
0.603,938
0.604,940
0.605,961
0.606,952
0.607,961
0.608,994
0.609,973
0.61,958
0.611,977
0.612,976
0.613,982
0.614,992
0.615,989
0.616,955
0.617,951
0.618,966
0.619,955
0.62,923
0.621,979
0.622,980
0.623,984
0.624,991
0.625,971
0.626,959
0.627,1000
0.628,993
0.629,980
0.63,966
0.631,983
0.632,967
0.633,948
0.634,964
0.635,954
0.636,960
0.637,960
0.638,962
0.639,930
0.64,922
0.641,942
0.642,922
0.643,916
0.644,941
0.645,924
0.646,912
0.647,927
0.648,929
0.649,922
0.65,905
0.651,934
0.652,905
0.653,875
0.654,916
0.655,939
0.656,920
0.657,907
0.658,904
0.659,878
0.66,924
0.661,937
0.662,920
0.663,927
0.664,944
0.665,940
0.666,909
0.667,945
0.668,942
0.669,931
0.67,916
0.671,937
0.672,928
0.673,913
0.674,937
0.675,920
0.676,900
0.677,930
0.678,925
0.679,897
0.68,918
0.681,924
0.682,902
0.683,892
0.684,910
0.685,889
0.686,863
0.687,928
0.688,900
0.689,881
0.69,886
0.691,880
0.692,854
0.693,890
0.694,904
0.695,877
0.696,868
0.697,872
0.698,868
0.699,857
0.7,889
0.701,885
0.702,856
0.703,850
0.704,882
0.705,863
0.706,848
0.707,891
0.708,884
0.709,848
0.71,863
0.711,858
0.712,823
0.713,866
0.714,862
0.715,840
0.716,859
0.717,848
0.718,824
0.719,796
0.72,866
0.721,855
0.722,848
0.723,856
0.724,850
0.725,822
0.726,856
0.727,858
0.728,852
0.729,842
0.73,855
0.731,855
0.732,827
0.733,863
0.734,855
0.735,844
0.736,839
0.737,859
0.738,836
0.739,816
0.74,861
0.741,848
0.742,818
0.743,849
0.744,831
0.745,807
0.746,830
0.747,843
0.748,835
0.749,821
0.75,834
0.751,807
0.752,793
0.753,831
0.754,848
0.755,832
0.756,837
0.757,839
0.758,799
0.759,803
0.76,834
0.761,816
0.762,810
0.763,813
0.764,815
0.765,776
0.766,801
0.767,813
0.768,789
0.769,800
0.77,822
0.771,799
0.772,770
0.773,822
0.774,792
0.775,776
0.776,794
0.777,818
0.778,768
0.779,778
0.78,796
0.781,791
0.782,766
0.783,794
0.784,785
0.785,751
0.786,808
0.787,814
0.788,822
0.789,821
0.79,815
0.791,789
0.792,793
0.793,829
0.794,815
0.795,794
0.796,814
0.797,819
0.798,795
0.799,858
0.8,845
0.801,829
0.802,825
0.803,864
0.804,842
0.805,820
0.806,854
0.807,848
0.808,829
0.809,839
0.81,844
0.811,814
0.812,815
0.813,846
0.814,834
0.815,832
0.816,842
0.817,818
0.818,788
0.819,829
0.82,844
0.821,832
0.822,831
0.823,846
0.824,815
0.825,789
0.826,851
0.827,853
0.828,835
0.829,845
0.83,851
0.831,822
0.832,823
0.833,839
0.834,822
0.835,813
0.836,832
0.837,806
0.838,781
0.839,791
0.84,809
0.841,792
0.842,807
0.843,814
0.844,815
0.845,772
0.846,816
0.847,832
0.848,810
0.849,836
0.85,813
0.851,805
0.852,820
0.853,847
0.854,838
0.855,814
0.856,830
0.857,820
0.858,804
0.859,819
0.86,824
0.861,809
0.862,817
0.863,826
0.864,799
0.865,792
0.866,824
0.867,804
0.868,794
0.869,810
0.87,809
0.871,786
0.872,782
0.873,808
0.874,791
0.875,780
0.876,808
0.877,782
0.878,752
0.879,767
0.88,772
0.881,768
0.882,761
0.883,769
0.884,744
0.885,722
0.886,775
0.887,774
0.888,756
0.889,765
0.89,771
0.891,747
0.892,753
0.893,800
0.894,779
0.895,768
0.896,779
0.897,779
0.898,753
0.899,776
0.9,782
0.901,768
0.902,765
0.903,811
0.904,793
0.905,754
0.906,788
0.907,783
0.908,767
0.909,773
0.91,783
0.911,757
0.912,773
0.913,812
0.914,785
0.915,783
0.916,792
0.917,770
0.918,747
0.919,807
0.92,809
0.921,800
0.922,792
0.923,798
0.924,780
0.925,767
0.926,810
0.927,816
0.928,790
0.929,790
0.93,796
0.931,770
0.932,792
0.933,802
0.934,794
0.935,772
0.936,795
0.937,783
0.938,753
0.939,795
0.94,781
0.941,767
0.942,784
0.943,789
0.944,763
0.945,781
0.946,802
0.947,789
0.948,784
0.949,806
0.95,795
0.951,770
0.952,825
0.953,832
0.954,814
0.955,804
0.956,824
0.957,801
0.958,777
0.959,828
0.96,818
0.961,816
0.962,831
0.963,815
0.964,808
0.965,816
0.966,815
0.967,787
0.968,771
0.969,782
0.97,769
0.971,748
0.972,777
0.973,792
0.974,763
0.975,767
0.976,795
0.977,783
0.978,776
0.979,771
0.98,792
0.981,848
0.982,812
0.983,799
0.984,787
0.985,816
0.986,810
0.987,799
0.988,781
0.989,766
0.99,823
0.991,829
0.992,825
0.993,812
0.994,802
0.995,811
0.996,829
0.997,834
0.998,801
0.999,791
