0.0,935
0.0,941
0.0,929
0.0,918
0.0,922
0.01,934
0.01,952
0.01,935
0.01,924
0.01,927
0.01,917
0.01,929
0.01,919
0.01,908
0.01,901
0.01,919
0.02,943
0.02,934
0.02,936
0.02,928
0.02,929
0.02,951
0.02,945
0.02,933
0.02,925
0.03,951
0.03,957
0.03,954
0.03,944
0.03,937
0.03,938
0.03,954
0.03,962
0.03,958
0.03,947
0.04,959
0.04,980
0.04,996
0.04,984
0.04,975
0.04,975
0.04,984
0.04,1010
0.04,1011
0.04,1004
0.04,1012
0.05,1072
0.05,1114
0.05,1117
0.05,1102
0.05,1092
0.05,1106
0.05,1140
0.05,1142
0.05,1132
0.06,1117
0.06,1175
0.06,1186
0.06,1180
0.06,1166
0.06,1154
0.06,1156
0.06,1173
0.06,1178
0.06,1164
0.07,1153
0.07,1157
0.07,1171
0.07,1196
0.07,1168
0.07,1166
0.07,1139
0.07,1145
0.07,1168
0.07,1152
0.07,1148
0.08,1151
0.08,1173
0.08,1192
0.08,1172
0.08,1156
0.08,1144
0.08,1162
0.08,1175
0.08,1208
0.09,1178
0.09,1163
0.09,1216
0.09,1221
0.09,1219
0.09,1199
0.09,1189
0.09,1191
0.09,1214
0.09,1219
0.1,1203
0.1,1190
0.1,1192
0.1,1208
0.1,1229
0.1,1220
0.1,1202
0.1,1192
0.1,1215
0.1,1228
0.1,1231
0.11,1205
0.11,1196
0.11,1233
0.11,1262
0.11,1248
0.11,1242
0.11,1248
0.11,1223
0.11,1264
0.12,1236
0.12,1228
0.12,1212
0.12,1240
0.12,1241
0.12,1230
0.12,1216
0.12,1215
0.12,1197
0.12,1211
0.12,1201
0.13,1190
0.13,1173
0.13,1195
0.13,1201
0.13,1204
0.13,1185
0.13,1173
0.13,1200
0.13,1223
0.14,1229
0.14,1213
0.14,1198
0.14,1217
0.14,1262
0.14,1239
0.14,1211
0.14,1202
0.14,1228
0.14,1212
0.14,1208
0.15,1199
0.15,1193
0.15,1190
0.15,1227
0.15,1244
0.15,1238
0.15,1225
0.15,1216
0.15,1221
0.15,1227
0.16,1227
0.16,1212
0.16,1196
0.16,1192
0.16,1212
0.16,1211
0.16,1197
0.16,1186
0.16,1175
0.17,1172
0.17,1177
0.17,1162
0.17,1149
0.17,1132
0.17,1138
0.17,1144
0.17,1146
0.17,1151
0.17,1154
0.18,1135
0.18,1119
0.18,1122
0.18,1111
0.18,1112
0.18,1075
0.18,1096
0.18,1117
0.18,1090
0.18,1079
0.18,1071
0.19,1088
0.19,1096
0.19,1070
0.19,1054
0.19,1041
0.19,1062
0.19,1072
0.19,1072
0.19,1049
0.2,1036
0.2,1036
0.2,1039
0.2,1035
0.2,1023
0.2,1032
0.2,1037
0.2,1047
0.2,1047
0.2,1050
0.21,1030
0.21,1038
0.21,1071
0.21,1069
0.21,1057
0.21,1051
0.21,1076
0.21,1115
0.21,1150
0.21,1139
0.21,1135
0.22,1140
0.22,1205
0.22,1300
0.22,1258
0.22,1237
0.22,1249
0.22,1324
0.22,1336
0.22,1318
0.23,1307
0.23,1299
0.23,1300
0.23,1310
0.23,1296
0.23,1284
0.23,1279
0.23,1307
0.23,1316
0.23,1302
0.24,1290
0.24,1275
0.24,1280
0.24,1288
0.24,1270
0.24,1255
0.24,1241
0.24,1254
0.24,1271
0.24,1294
0.24,1260
0.25,1256
0.25,1247
0.25,1255
0.25,1273
0.25,1287
0.25,1243
0.25,1245
0.25,1272
0.25,1289
0.26,1280
0.26,1258
0.26,1260
0.26,1268
0.26,1272
0.26,1260
0.26,1244
0.26,1229
0.26,1268
0.26,1290
0.27,1312
0.27,1279
0.27,1270
0.27,1262
0.27,1270
0.27,1272
0.27,1257
0.27,1240
0.27,1227
0.27,1264
0.28,1258
0.28,1255
0.28,1284
0.28,1220
0.28,1232
0.28,1247
0.28,1235
0.28,1220
0.28,1207
0.28,1236
0.29,1286
0.29,1265
0.29,1249
0.29,1243
0.29,1247
0.29,1282
0.29,1328
0.29,1311
0.29,1293
0.29,1298
0.29,1307
0.3,1326
0.3,1309
0.3,1297
0.3,1294
0.3,1304
0.3,1391
0.3,1416
0.3,1362
0.3,1344
0.3,1379
0.31,1418
0.31,1431
0.31,1414
0.31,1405
0.31,1427
0.31,1428
0.31,1426
0.31,1384
0.31,1376
0.32,1402
0.32,1398
0.32,1380
0.32,1366
0.32,1357
0.32,1360
0.32,1391
0.32,1379
0.32,1359
0.32,1340
0.33,1360
0.33,1369
0.33,1357
0.33,1341
0.33,1328
0.33,1322
0.33,1323
0.33,1338
0.33,1336
0.33,1321
0.34,1305
0.34,1366
0.34,1376
0.34,1368
0.34,1340
0.34,1349
0.34,1392
0.34,1355
0.34,1334
0.34,1321
0.35,1345
0.35,1368
0.35,1346
0.35,1340
0.35,1335
0.35,1360
0.35,1393
0.35,1408
0.35,1375
0.35,1420
0.35,1440
0.36,1420
0.36,1428
0.36,1392
0.36,1393
0.36,1398
0.36,1379
0.36,1376
0.36,1407
0.36,1407
0.36,1370
0.37,1354
0.37,1362
0.37,1366
0.37,1399
0.37,1407
0.37,1377
0.37,1364
0.37,1397
0.37,1404
0.38,1387
0.38,1379
0.38,1372
0.38,1372
0.38,1378
0.38,1367
0.38,1348
0.38,1340
0.38,1365
0.38,1363
0.39,1343
0.39,1344
0.39,1308
0.39,1325
0.39,1353
0.39,1339
0.39,1320
0.39,1388
0.39,1365
0.39,1359
0.4,1331
0.4,1329
0.4,1327
0.4,1335
0.4,1312
0.4,1291
0.4,1316
0.4,1323
0.4,1312
0.4,1309
0.41,1290
0.41,1268
0.41,1315
0.41,1368
0.41,1360
0.41,1347
0.41,1344
0.41,1371
0.41,1384
0.41,1361
0.42,1342
0.42,1346
0.42,1382
0.42,1399
0.42,1378
0.42,1359
0.42,1360
0.42,1398
0.42,1444
0.42,1423
0.42,1401
0.43,1440
0.43,1439
0.43,1407
0.43,1374
0.43,1374
0.43,1370
0.43,1379
0.43,1359
0.43,1341
0.43,1363
0.44,1387
0.44,1373
0.44,1355
0.44,1344
0.44,1345
0.44,1355
0.44,1336
0.44,1328
0.44,1335
0.45,1342
0.45,1346
0.45,1333
0.45,1328
0.45,1316
0.45,1346
0.45,1352
0.45,1306
0.45,1295
0.45,1348
0.46,1351
0.46,1332
0.46,1321
0.46,1328
0.46,1337
0.46,1318
0.46,1303
0.46,1331
0.46,1344
0.46,1358
0.47,1366
0.47,1344
0.47,1344
0.47,1348
0.47,1346
0.47,1330
0.47,1344
0.47,1354
0.47,1329
0.47,1315
0.48,1301
0.48,1342
0.48,1355
0.48,1392
0.48,1348
0.48,1368
0.48,1355
0.48,1361
0.48,1340
0.48,1326
0.48,1328
0.49,1384
0.49,1338
0.49,1344
0.49,1315
0.49,1329
0.49,1341
0.49,1325
0.49,1307
0.49,1296
0.49,1300
0.5,1309
0.5,1297
0.5,1262
0.5,1291
0.5,1304
0.5,1304
0.5,1307
0.5,1267
0.5,1281
0.51,1351
0.51,1302
0.51,1312
0.51,1275
0.51,1318
0.51,1334
0.51,1308
0.51,1287
0.51,1277
0.51,1299
0.52,1317
0.52,1301
0.52,1280
0.52,1306
0.52,1311
0.52,1295
0.52,1274
0.52,1280
0.52,1267
0.52,1328
0.53,1328
0.53,1309
0.53,1316
0.53,1320
0.53,1313
0.53,1327
0.53,1284
0.53,1285
0.53,1298
0.53,1292
0.54,1273
0.54,1274
0.54,1303
0.54,1348
0.54,1331
0.54,1312
0.54,1308
0.54,1316
0.54,1309
0.54,1288
0.55,1270
0.55,1313
0.55,1353
0.55,1342
0.55,1322
0.55,1316
0.55,1328
0.55,1301
0.55,1290
0.55,1277
0.56,1305
0.56,1313
0.56,1289
0.56,1269
0.56,1263
0.56,1272
0.56,1280
0.56,1287
0.56,1248
0.56,1299
0.57,1284
0.57,1273
0.57,1260
0.57,1252
0.57,1256
0.57,1251
0.57,1240
0.57,1219
0.57,1201
0.57,1213
0.58,1212
0.58,1200
0.58,1186
0.58,1176
0.58,1166
0.58,1173
0.58,1164
0.58,1147
0.58,1137
0.58,1150
0.58,1148
0.59,1168
0.59,1131
0.59,1126
0.59,1143
0.59,1124
0.59,1113
0.59,1096
0.59,1080
0.59,1100
0.59,1104
0.6,1091
0.6,1075
0.6,1075
0.6,1072
0.6,1083
0.6,1069
0.6,1052
0.6,1056
0.6,1074
0.6,1082
0.61,1081
0.61,1074
0.61,1079
0.61,1078
0.61,1094
0.61,1087
0.61,1059
0.61,1090
0.61,1104
0.61,1093
0.62,1084
0.62,1103
0.62,1085
0.62,1082
0.62,1067
0.62,1058
0.62,1071
0.62,1095
0.62,1073
0.62,1063
0.63,1076
0.63,1076
0.63,1084
0.63,1067
0.63,1049
0.63,1088
0.63,1081
0.63,1084
0.63,1088
0.64,1087
0.64,1080
0.64,1088
0.64,1087
0.64,1080
0.64,1091
0.64,1139
0.64,1111
0.64,1102
0.64,1102
0.65,1125
0.65,1146
0.65,1132
0.65,1113
0.65,1127
0.65,1168
0.65,1173
0.65,1157
0.65,1184
0.65,1162
0.66,1193
0.66,1230
0.66,1212
0.66,1215
0.66,1215
0.66,1262
0.66,1259
0.66,1241
0.66,1246
0.66,1305
0.67,1338
0.67,1316
0.67,1298
0.67,1338
0.67,1340
0.67,1352
0.67,1316
0.67,1299
0.67,1320
0.67,1396
0.68,1368
0.68,1334
0.68,1331
0.68,1347
0.68,1362
0.68,1351
0.68,1324
0.68,1328
0.68,1348
0.68,1339
0.69,1316
0.69,1295
0.69,1343
0.69,1374
0.69,1355
0.69,1336
0.69,1336
0.69,1359
0.69,1341
0.69,1318
0.7,1310
0.7,1344
0.7,1375
0.7,1343
0.7,1330
0.7,1326
0.7,1352
0.7,1416
0.7,1387
0.7,1365
0.7,1372
0.71,1400
0.71,1387
0.71,1366
0.71,1342
0.71,1346
0.71,1354
0.71,1373
0.71,1354
0.71,1342
0.71,1355
0.72,1372
0.72,1355
0.72,1336
0.72,1318
0.72,1332
0.72,1383
0.72,1393
0.72,1373
0.72,1355
0.72,1363
0.73,1372
0.73,1371
0.73,1349
0.73,1342
0.73,1343
0.73,1383
0.73,1347
0.73,1316
0.73,1345
0.73,1325
0.74,1328
0.74,1295
0.74,1342
0.74,1311
0.74,1311
0.74,1309
0.74,1316
0.74,1295
0.74,1265
0.74,1254
0.75,1266
0.75,1281
0.75,1258
0.75,1250
0.75,1270
0.75,1287
0.75,1274
0.75,1272
0.75,1243
0.76,1280
0.76,1346
0.76,1344
0.76,1344
0.76,1328
0.76,1335
0.76,1344
0.76,1311
0.76,1294
0.76,1288
0.77,1337
0.77,1354
0.77,1375
0.77,1324
0.77,1356
0.77,1375
0.77,1416
0.77,1365
0.77,1360
0.77,1380
0.78,1404
0.78,1356
0.78,1348
0.78,1376
0.78,1384
0.78,1365
0.78,1345
0.78,1331
0.78,1342
0.78,1353
0.79,1343
0.79,1324
0.79,1359
0.79,1407
0.79,1383
0.79,1361
0.79,1345
0.79,1376
0.79,1408
0.79,1359
0.8,1371
0.8,1361
0.8,1384
0.8,1359
0.8,1367
0.8,1319
0.8,1322
0.8,1431
0.8,1419
0.8,1365
0.81,1373
0.81,1407
0.81,1370
0.81,1350
0.81,1328
0.81,1334
0.81,1388
0.81,1385
0.81,1395
0.81,1368
0.82,1392
0.82,1386
0.82,1377
0.82,1386
0.82,1341
0.82,1376
0.82,1368
0.82,1355
0.82,1342
0.82,1379
0.83,1408
0.83,1425
0.83,1403
0.83,1380
0.83,1380
0.83,1374
0.83,1361
0.83,1346
0.83,1383
0.83,1412
0.83,1411
0.84,1385
0.84,1365
0.84,1376
0.84,1373
0.84,1370
0.84,1358
0.84,1346
0.84,1361
0.84,1378
0.84,1370
0.85,1347
0.85,1328
0.85,1330
0.85,1322
0.85,1320
0.85,1301
0.85,1303
0.85,1288
0.85,1300
0.85,1293
0.86,1272
0.86,1242
0.86,1248
0.86,1261
0.86,1275
0.86,1233
0.86,1248
0.86,1263
0.86,1264
0.86,1245
0.87,1224
0.87,1229
0.87,1236
0.87,1227
0.87,1206
0.87,1221
0.87,1255
0.87,1256
0.87,1231
0.88,1219
0.88,1217
0.88,1256
0.88,1224
0.88,1214
0.88,1227
0.88,1280
0.88,1275
0.88,1250
0.88,1231
0.89,1233
0.89,1267
0.89,1310
0.89,1264
0.89,1260
0.89,1276
0.89,1292
0.89,1270
0.89,1251
0.89,1278
0.9,1359
0.9,1384
0.9,1334
0.9,1336
0.9,1352
0.9,1360
0.9,1315
0.9,1298
0.9,1292
0.9,1362
0.91,1350
0.91,1331
0.91,1322
0.91,1347
0.91,1388
0.91,1374
0.91,1352
0.91,1343
0.91,1368
0.91,1383
0.92,1405
0.92,1350
0.92,1340
0.92,1404
0.92,1413
0.92,1408
0.92,1376
0.92,1368
0.92,1369
0.92,1392
0.93,1352
0.93,1333
0.93,1335
0.93,1424
0.93,1393
0.93,1371
0.93,1368
0.93,1339
0.93,1347
0.93,1394
0.94,1386
0.94,1360
0.94,1362
0.94,1383
0.94,1407
0.94,1368
0.94,1340
0.94,1343
0.94,1387
0.94,1439
0.95,1413
0.95,1391
0.95,1406
0.95,1408
0.95,1391
0.95,1367
0.95,1351
0.95,1360
0.95,1390
0.95,1396
0.96,1377
0.96,1356
0.96,1362
0.96,1372
0.96,1385
0.96,1372
0.96,1352
0.96,1343
0.96,1368
0.96,1380
0.96,1361
0.97,1340
0.97,1346
0.97,1353
0.97,1341
0.97,1320
0.97,1303
0.97,1284
0.97,1282
0.97,1286
0.97,1287
0.98,1240
0.98,1253
0.98,1264
0.98,1263
0.98,1240
0.98,1218
0.98,1222
0.98,1252
0.98,1244
0.98,1226
0.99,1212
0.99,1232
0.99,1256
0.99,1220
0.99,1202
0.99,1189
0.99,1201
0.99,1270
0.99,1260
0.99,1244
1.0,1239
1.0,1280
1.0,1288
1.0,1269
