0.0,663
0.001,659
0.002,663
0.003,660
0.004,664
0.005,697
0.006,680
0.007,659
0.008,657
0.009,659
0.01,658
0.011,675
0.012,691
0.013,672
0.014,656
0.015,677
0.016,670
0.017,679
0.018,708
0.019,717
0.02,703
0.021,687
0.022,718
0.023,711
0.024,704
0.025,770
0.026,765
0.027,743
0.028,738
0.029,757
0.03,752
0.031,741
0.032,816
0.033,810
0.034,784
0.035,784
0.036,787
0.037,781
0.038,790
0.039,824
0.04,807
0.041,779
0.042,782
0.043,786
0.044,791
0.045,785
0.046,800
0.047,778
0.048,776
0.049,775
0.05,781
0.051,772
0.052,787
0.053,800
0.054,780
0.055,761
0.056,808
0.057,787
0.058,775
0.059,808
0.06,814
0.061,795
0.062,783
0.063,808
0.064,797
0.065,787
0.066,813
0.067,820
0.068,791
0.069,779
0.07,786
0.071,782
0.072,767
0.073,819
0.074,825
0.075,799
0.076,812
0.077,816
0.078,805
0.079,828
0.08,843
0.081,830
0.082,807
0.083,837
0.084,837
0.085,811
0.086,850
0.087,862
0.088,847
0.089,844
0.09,846
0.091,858
0.092,830
0.093,861
0.094,871
0.095,851
0.096,835
0.097,852
0.098,843
0.099,826
0.1,859
0.101,861
0.102,855
0.103,830
0.104,850
0.105,833
0.106,819
0.107,891
0.108,895
0.109,867
0.11,872
0.111,876
0.112,856
0.113,856
0.114,896
0.115,886
0.116,859
0.117,880
0.118,871
0.119,868
0.12,877
0.121,890
0.122,873
0.123,851
0.124,867
0.125,884
0.126,864
0.127,911
0.128,912
0.129,880
0.13,879
0.131,883
0.132,868
0.133,864
0.134,890
0.135,868
0.136,859
0.137,837
0.138,855
0.139,836
0.14,816
0.141,883
0.142,897
0.143,868
0.144,880
0.145,884
0.146,877
0.147,855
0.148,886
0.149,878
0.15,861
0.151,873
0.152,896
0.153,870
0.154,887
0.155,912
0.156,900
0.157,878
0.158,891
0.159,895
0.16,871
0.161,894
0.162,914
0.163,888
0.164,876
0.165,912
0.166,888
0.167,867
0.168,901
0.169,938
0.17,912
0.171,896
0.172,908
0.173,894
0.174,878
0.175,923
0.176,930
0.177,912
0.178,907
0.179,920
0.18,892
0.181,887
0.182,904
0.183,908
0.184,887
0.185,892
0.186,899
0.187,876
0.188,888
0.189,904
0.19,888
0.191,874
0.192,880
0.193,895
0.194,865
0.195,870
0.196,899
0.197,880
0.198,868
0.199,892
0.2,880
0.201,858
0.202,898
0.203,927
0.204,914
0.205,884
0.206,911
0.207,890
0.208,880
0.209,905
0.21,914
0.211,895
0.212,890
0.213,941
0.214,895
0.215,858
0.216,903
0.217,904
0.218,888
0.219,890
0.22,928
0.221,888
0.222,866
0.223,898
0.224,901
0.225,891
0.226,912
0.227,915
0.228,882
0.229,884
0.23,916
0.231,899
0.232,890
0.233,917
0.234,915
0.235,896
0.236,914
0.237,932
0.238,927
0.239,900
0.24,941
0.241,920
0.242,887
0.243,929
0.244,940
0.245,929
0.246,922
0.247,948
0.248,925
0.249,902
0.25,967
0.251,969
0.252,950
0.253,947
0.254,979
0.255,930
0.256,918
0.257,941
0.258,935
0.259,911
0.26,916
0.261,927
0.262,899
0.263,893
0.264,916
0.265,911
0.266,897
0.267,930
0.268,908
0.269,880
0.27,889
0.271,929
0.272,922
0.273,901
0.274,923
0.275,899
0.276,888
0.277,931
0.278,925
0.279,914
0.28,918
0.281,920
0.282,902
0.283,878
0.284,904
0.285,912
0.286,903
0.287,913
0.288,914
0.289,908
0.29,860
0.291,909
0.292,920
0.293,887
0.294,902
0.295,916
0.296,903
0.297,875
0.298,912
0.299,912
0.3,882
0.301,902
0.302,904
0.303,873
0.304,885
0.305,924
0.306,906
0.307,896
0.308,907
0.309,903
0.31,868
0.311,895
0.312,920
0.313,910
0.314,903
0.315,914
0.316,902
0.317,876
0.318,934
0.319,926
0.32,912
0.321,902
0.322,935
0.323,930
0.324,900
0.325,947
0.326,961
0.327,935
0.328,926
0.329,960
0.33,939
0.331,923
0.332,975
0.333,958
0.334,943
0.335,952
0.336,964
0.337,942
0.338,939
0.339,969
0.34,973
0.341,944
0.342,960
0.343,960
0.344,932
0.345,932
0.346,978
0.347,955
0.348,936
0.349,938
0.35,923
0.351,905
0.352,957
0.353,961
0.354,948
0.355,921
0.356,935
0.357,922
0.358,896
0.359,923
0.36,927
0.361,906
0.362,900
0.363,914
0.364,902
0.365,880
0.366,936
0.367,913
0.368,894
0.369,899
0.37,901
0.371,886
0.372,868
0.373,926
0.374,919
0.375,897
0.376,904
0.377,904
0.378,889
0.379,892
0.38,927
0.381,927
0.382,892
0.383,895
0.384,916
0.385,880
0.386,915
0.387,919
0.388,890
0.389,868
0.39,882
0.391,887
0.392,863
0.393,902
0.394,908
0.395,887
0.396,872
0.397,884
0.398,879
0.399,864
0.4,880
0.401,883
0.402,872
0.403,853
0.404,915
0.405,869
0.406,855
0.407,909
0.408,910
0.409,889
0.41,890
0.411,895
0.412,881
0.413,873
0.414,919
0.415,928
0.416,912
0.417,897
0.418,927
0.419,903
0.42,935
0.421,949
0.422,929
0.423,909
0.424,916
0.425,915
0.426,898
0.427,920
0.428,943
0.429,914
0.43,890
0.431,904
0.432,891
0.433,868
0.434,898
0.435,899
0.436,881
0.437,895
0.438,901
0.439,884
0.44,860
0.441,921
0.442,930
0.443,915
0.444,909
0.445,920
0.446,897
0.447,893
0.448,958
0.449,963
0.45,930
0.451,931
0.452,938
0.453,919
0.454,946
0.455,961
0.456,947
0.457,922
0.458,940
0.459,938
0.46,913
0.461,951
0.462,960
0.463,946
0.464,928
0.465,934
0.466,924
0.467,900
0.468,921
0.469,928
0.47,910
0.471,911
0.472,928
0.473,903
0.474,875
0.475,924
0.476,927
0.477,906
0.478,910
0.479,923
0.48,904
0.481,900
0.482,952
0.483,935
0.484,916
0.485,925
0.486,921
0.487,894
0.488,899
0.489,924
0.49,910
0.491,891
0.492,898
0.493,895
0.494,894
0.495,879
0.496,904
0.497,883
0.498,870
0.499,874
0.5,862
0.501,840
0.502,845
0.503,860
0.504,848
0.505,830
0.506,837
0.507,819
0.508,794
0.509,821
0.51,834
0.511,814
0.512,808
0.513,811
0.514,798
0.515,774
0.516,801
0.517,804
0.518,795
0.519,791
0.52,789
0.521,772
0.522,753
0.523,800
0.524,802
0.525,768
0.526,775
0.527,774
0.528,762
0.529,754
0.53,784
0.531,785
0.532,762
0.533,774
0.534,767
0.535,749
0.536,762
0.537,778
0.538,773
0.539,760
0.54,771
0.541,766
0.542,749
0.543,760
0.544,780
0.545,769
0.546,748
0.547,765
0.548,760
0.549,731
0.55,760
0.551,759
0.552,767
0.553,755
0.554,762
0.555,748
0.556,743
0.557,783
0.558,771
0.559,759
0.56,758
0.561,772
0.562,760
0.563,737
0.564,779
0.565,764
0.566,749
0.567,760
0.568,768
0.569,743
0.57,759
0.571,778
0.572,765
0.573,756
0.574,792
0.575,777
0.576,762
0.577,802
0.578,820
0.579,805
0.58,794
0.581,816
0.582,798
0.583,775
0.584,826
0.585,851
0.586,827
0.587,818
0.588,838
0.589,828
0.59,799
0.591,864
0.592,840
0.593,828
0.594,835
0.595,849
0.596,848
0.597,831
0.598,875
0.599,864
0.6,848
0.601,853
0.602,878
0.603,850
0.604,851
0.605,880
0.606,865
0.607,850
0.608,872
0.609,863
0.61,838
0.611,866
0.612,876
0.613,863
0.614,843
0.615,885
0.616,856
0.617,828
0.618,879
0.619,902
0.62,896
0.621,868
0.622,915
0.623,874
0.624,857
0.625,891
0.626,915
0.627,869
0.628,861
0.629,876
0.63,857
0.631,848
0.632,872
0.633,862
0.634,854
0.635,859
0.636,872
0.637,871
0.638,865
0.639,879
0.64,868
0.641,852
0.642,867
0.643,861
0.644,838
0.645,848
0.646,874
0.647,864
0.648,863
0.649,872
0.65,863
0.651,831
0.652,881
0.653,908
0.654,896
0.655,881
0.656,916
0.657,888
0.658,882
0.659,907
0.66,925
0.661,896
0.662,891
0.663,960
0.664,923
0.665,899
0.666,953
0.667,960
0.668,928
0.669,928
0.67,947
0.671,918
0.672,900
0.673,934
0.674,931
0.675,924
0.676,935
0.677,933
0.678,904
0.679,920
0.68,954
0.681,937
0.682,920
0.683,951
0.684,920
0.685,892
0.686,917
0.687,980
0.688,957
0.689,949
0.69,953
0.691,968
0.692,920
0.693,956
0.694,963
0.695,940
0.696,929
0.697,948
0.698,952
0.699,905
0.7,940
0.701,942
0.702,926
0.703,931
0.704,940
0.705,928
0.706,882
0.707,932
0.708,922
0.709,922
0.71,920
0.711,935
0.712,903
0.713,893
0.714,959
0.715,952
0.716,938
0.717,952
0.718,951
0.719,919
0.72,916
0.721,941
0.722,947
0.723,944
0.724,959
0.725,967
0.726,925
0.727,974
0.728,973
0.729,971
0.73,962
0.731,984
0.732,988
0.733,990
0.734,1012
0.735,1016
0.736,1008
0.737,991
0.738,1023
0.739,1000
0.74,968
0.741,987
0.742,991
0.743,969
0.744,984
0.745,985
0.746,954
0.747,925
0.748,977
0.749,980
0.75,970
0.751,985
0.752,974
0.753,943
0.754,940
0.755,990
0.756,984
0.757,980
0.758,996
0.759,1005
0.76,977
0.761,997
0.762,1024
0.763,1010
0.764,1025
0.765,1024
0.766,1018
0.767,991
0.768,1012
0.769,1017
0.77,1009
0.771,1002
0.772,1036
0.773,1047
0.774,1008
0.775,1032
0.776,1043
0.777,1064
0.778,1049
0.779,1061
0.78,1034
0.781,1008
0.782,1043
0.783,1045
0.784,1038
0.785,1061
0.786,1047
0.787,1012
0.788,994
0.789,1031
0.79,1033
0.791,1054
0.792,1058
0.793,1045
0.794,1012
0.795,1017
0.796,1038
0.797,1032
0.798,1026
0.799,1036
0.8,1056
0.801,1013
0.802,1020
0.803,1035
0.804,1025
0.805,1024
0.806,1047
0.807,1050
0.808,1013
0.809,1025
0.81,1034
0.811,1034
0.812,1017
0.813,1068
0.814,1015
0.815,988
0.816,1012
0.817,1035
0.818,1020
0.819,1023
0.82,1035
0.821,1002
0.822,982
0.823,1019
0.824,1059
0.825,1038
0.826,1051
0.827,1048
0.828,1011
0.829,1031
0.83,1067
0.831,1037
0.832,1018
0.833,1062
0.834,1080
0.835,1033
0.836,1096
0.837,1070
0.838,1066
0.839,1039
0.84,1055
0.841,1048
0.842,1011
0.843,1022
0.844,1038
0.845,1039
0.846,1022
0.847,1042
0.848,1019
0.849,976
0.85,1000
0.851,1014
0.852,994
0.853,998
0.854,1021
0.855,986
0.856,956
0.857,1006
0.858,1010
0.859,993
0.86,999
0.861,1008
0.862,977
0.863,972
0.864,996
0.865,991
0.866,978
0.867,983
0.868,988
0.869,969
0.87,989
0.871,986
0.872,1006
0.873,965
0.874,968
0.875,961
0.876,931
0.877,954
0.878,972
0.879,947
0.88,935
0.881,962
0.882,955
0.883,928
0.884,943
0.885,954
0.886,941
0.887,932
0.888,948
0.889,943
0.89,896
0.891,959
0.892,954
0.893,940
0.894,942
0.895,951
0.896,925
0.897,899
0.898,946
0.899,947
0.9,922
0.901,926
0.902,936
0.903,911
0.904,907
0.905,960
0.906,932
0.907,927
0.908,934
0.909,932
0.91,903
0.911,914
0.912,928
0.913,918
0.914,904
0.915,934
0.916,928
0.917,912
0.918,935
0.919,943
0.92,922
0.921,916
0.922,931
0.923,927
0.924,878
0.925,922
0.926,935
0.927,940
0.928,912
0.929,931
0.93,907
0.931,879
0.932,933
0.933,951
0.934,913
0.935,916
0.936,931
0.937,912
0.938,889
0.939,929
0.94,940
0.941,908
0.942,928
0.943,935
0.944,898
0.945,901
0.946,928
0.947,916
0.948,902
0.949,927
0.95,916
0.951,889
0.952,935
0.953,943
0.954,928
0.955,911
0.956,958
0.957,928
0.958,918
0.959,948
0.96,952
0.961,936
0.962,919
0.963,948
0.964,932
0.965,918
0.966,975
0.967,960
0.968,951
0.969,939
0.97,968
0.971,960
0.972,911
0.973,961
0.974,967
0.975,930
0.976,933
0.977,945
0.978,920
0.979,901
0.98,932
0.981,928
0.982,910
0.983,918
0.984,919
0.985,895
0.986,908
0.987,960
0.988,932
0.989,913
0.99,944
0.991,923
0.992,895
0.993,930
0.994,949
0.995,932
0.996,915
0.997,944
0.998,929
0.999,901
