0.0,628
0.001,627
0.002,639
0.003,615
0.004,620
0.005,642
0.006,628
0.007,611
0.008,623
0.009,625
0.01,613
0.011,630
0.012,645
0.013,623
0.014,605
0.015,613
0.016,613
0.017,600
0.018,617
0.019,633
0.02,614
0.021,598
0.022,606
0.023,605
0.024,606
0.025,628
0.026,639
0.027,629
0.028,624
0.029,631
0.03,633
0.031,619
0.032,653
0.033,652
0.034,630
0.035,635
0.036,633
0.037,624
0.038,639
0.039,650
0.04,635
0.041,620
0.042,632
0.043,635
0.044,630
0.045,647
0.046,667
0.047,662
0.048,643
0.049,657
0.05,661
0.051,645
0.052,678
0.053,676
0.054,658
0.055,650
0.056,672
0.057,675
0.058,672
0.059,704
0.06,699
0.061,679
0.062,691
0.063,699
0.064,687
0.065,681
0.066,731
0.067,712
0.068,698
0.069,691
0.07,702
0.071,692
0.072,720
0.073,726
0.074,711
0.075,697
0.076,716
0.077,716
0.078,705
0.079,742
0.08,748
0.081,732
0.082,733
0.083,742
0.084,737
0.085,738
0.086,786
0.087,796
0.088,790
0.089,769
0.09,786
0.091,784
0.092,753
0.093,802
0.094,814
0.095,789
0.096,785
0.097,792
0.098,775
0.099,768
0.1,816
0.101,808
0.102,800
0.103,810
0.104,806
0.105,791
0.106,798
0.107,825
0.108,804
0.109,783
0.11,793
0.111,804
0.112,792
0.113,814
0.114,824
0.115,800
0.116,788
0.117,813
0.118,795
0.119,783
0.12,808
0.121,808
0.122,779
0.123,772
0.124,795
0.125,779
0.126,761
0.127,808
0.128,800
0.129,780
0.13,773
0.131,778
0.132,764
0.133,754
0.134,808
0.135,776
0.136,761
0.137,763
0.138,776
0.139,747
0.14,748
0.141,774
0.142,752
0.143,740
0.144,744
0.145,766
0.146,731
0.147,766
0.148,764
0.149,748
0.15,728
0.151,747
0.152,751
0.153,754
0.154,794
0.155,785
0.156,789
0.157,789
0.158,811
0.159,796
0.16,787
0.161,855
0.162,855
0.163,825
0.164,823
0.165,841
0.166,828
0.167,882
0.168,894
0.169,847
0.17,855
0.171,843
0.172,823
0.173,857
0.174,836
0.175,825
0.176,844
0.177,846
0.178,811
0.179,844
0.18,831
0.181,803
0.182,828
0.183,812
0.184,820
0.185,865
0.186,851
0.187,839
0.188,859
0.189,844
0.19,883
0.191,907
0.192,891
0.193,904
0.194,899
0.195,883
0.196,945
0.197,944
0.198,940
0.199,935
0.2,941
0.201,923
0.202,938
0.203,929
0.204,907
0.205,901
0.206,903
0.207,875
0.208,895
0.209,901
0.21,890
0.211,895
0.212,908
0.213,892
0.214,946
0.215,936
0.216,905
0.217,936
0.218,904
0.219,887
0.22,918
0.221,907
0.222,896
0.223,900
0.224,888
0.225,897
0.226,894
0.227,865
0.228,871
0.229,872
0.23,871
0.231,871
0.232,866
0.233,848
0.234,863
0.235,864
0.236,864
0.237,900
0.238,900
0.239,896
0.24,933
0.241,944
0.242,917
0.243,992
0.244,995
0.245,1028
0.246,1090
0.247,1114
0.248,1064
0.249,1093
0.25,1103
0.251,1143
0.252,1171
0.253,1120
0.254,1163
0.255,1201
0.256,1217
0.257,1257
0.258,1287
0.259,1262
0.26,1273
0.261,1300
0.262,1316
0.263,1339
0.264,1353
0.265,1353
0.266,1375
0.267,1387
0.268,1424
0.269,1423
0.27,1465
0.271,1478
0.272,1508
0.273,1535
0.274,1576
0.275,1624
0.276,1708
0.277,1711
0.278,1708
0.279,1718
0.28,1769
0.281,1832
0.282,1856
0.283,1908
0.284,1851
0.285,1899
0.286,1952
0.287,1981
0.288,1976
0.289,1992
0.29,1951
0.291,2012
0.292,2060
0.293,2112
0.294,2144
0.295,2139
0.296,2114
0.297,2149
0.298,2204
0.299,2233
0.3,2246
0.301,2232
0.302,2203
0.303,2234
0.304,2240
0.305,2256
0.306,2304
0.307,2304
0.308,2271
0.309,2288
0.31,2299
0.311,2382
0.312,2408
0.313,2371
0.314,2372
0.315,2384
0.316,2357
0.317,2408
0.318,2410
0.319,2380
0.32,2368
0.321,2416
0.322,2432
0.323,2395
0.324,2431
0.325,2388
0.326,2368
0.327,2404
0.328,2389
0.329,2368
0.33,2394
0.331,2380
0.332,2400
0.333,2379
0.334,2352
0.335,2394
0.336,2425
0.337,2413
0.338,2365
0.339,2422
0.34,2321
0.341,2376
0.342,2370
0.343,2426
0.344,2406
0.345,2375
0.346,2396
0.347,2426
0.348,2458
0.349,2408
0.35,2394
0.351,2420
0.352,2401
0.353,2400
0.354,2516
0.355,2537
0.356,2471
0.357,2447
0.358,2496
0.359,2419
0.36,2463
0.361,2552
0.362,2507
0.363,2480
0.364,2432
0.365,2387
0.366,2404
0.367,2416
0.368,2425
0.369,2406
0.37,2363
0.371,2350
0.372,2354
0.373,2405
0.374,2419
0.375,2457
0.376,2449
0.377,2444
0.378,2436
0.379,2428
0.38,2432
0.381,2470
0.382,2506
0.383,2485
0.384,2496
0.385,2456
0.386,2488
0.387,2412
0.388,2442
0.389,2463
0.39,2450
0.391,2448
0.392,2435
0.393,2508
0.394,2482
0.395,2468
0.396,2479
0.397,2442
0.398,2368
0.399,2355
0.4,2356
0.401,2356
0.402,2362
0.403,2349
0.404,2344
0.405,2355
0.406,2328
0.407,2343
0.408,2315
0.409,2312
0.41,2320
0.411,2320
0.412,2317
0.413,2335
0.414,2336
0.415,2318
0.416,2307
0.417,2282
0.418,2304
0.419,2262
0.42,2260
0.421,2277
0.422,2341
0.423,2310
0.424,2264
0.425,2274
0.426,2306
0.427,2319
0.428,2335
0.429,2304
0.43,2288
0.431,2230
0.432,2244
0.433,2280
0.434,2243
0.435,2298
0.436,2303
0.437,2268
0.438,2284
0.439,2275
0.44,2242
0.441,2260
0.442,2316
0.443,2308
0.444,2260
0.445,2260
0.446,2268
0.447,2252
0.448,2316
0.449,2408
0.45,2410
0.451,2401
0.452,2368
0.453,2331
0.454,2312
0.455,2336
0.456,2412
0.457,2393
0.458,2348
0.459,2332
0.46,2314
0.461,2306
0.462,2306
0.463,2320
0.464,2302
0.465,2303
0.466,2307
0.467,2272
0.468,2263
0.469,2305
0.47,2367
0.471,2307
0.472,2303
0.473,2335
0.474,2307
0.475,2345
0.476,2344
0.477,2295
0.478,2307
0.479,2304
0.48,2271
0.481,2285
0.482,2272
0.483,2271
0.484,2254
0.485,2217
0.486,2176
0.487,2192
0.488,2158
0.489,2208
0.49,2286
0.491,2387
0.492,2376
0.493,2336
0.494,2315
0.495,2313
0.496,2400
0.497,2358
0.498,2340
0.499,2316
0.5,2298
0.501,2267
0.502,2304
0.503,2287
0.504,2289
0.505,2308
0.506,2235
0.507,2306
0.508,2292
0.509,2318
0.51,2305
0.511,2313
0.512,2326
0.513,2368
0.514,2320
0.515,2321
0.516,2348
0.517,2335
0.518,2339
0.519,2352
0.52,2318
0.521,2300
0.522,2301
0.523,2271
0.524,2271
0.525,2255
0.526,2226
0.527,2236
0.528,2215
0.529,2202
0.53,2217
0.531,2272
0.532,2218
0.533,2239
0.534,2224
0.535,2166
0.536,2147
0.537,2184
0.538,2191
0.539,2221
0.54,2213
0.541,2221
0.542,2204
0.543,2152
0.544,2168
0.545,2199
0.546,2257
0.547,2287
0.548,2223
0.549,2176
0.55,2168
0.551,2182
0.552,2178
0.553,2184
0.554,2155
0.555,2169
0.556,2137
0.557,2151
0.558,2176
0.559,2194
0.56,2165
0.561,2152
0.562,2145
0.563,2132
0.564,2147
0.565,2158
0.566,2176
0.567,2200
0.568,2172
0.569,2156
0.57,2166
0.571,2177
0.572,2184
0.573,2206
0.574,2202
0.575,2193
0.576,2163
0.577,2195
0.578,2208
0.579,2200
0.58,2208
0.581,2185
0.582,2173
0.583,2144
0.584,2163
0.585,2177
0.586,2150
0.587,2190
0.588,2148
0.589,2100
0.59,2083
0.591,2100
0.592,2089
0.593,2086
0.594,2077
0.595,2048
0.596,2031
0.597,2001
0.598,1999
0.599,2000
0.6,1996
0.601,1968
0.602,1956
0.603,1936
0.604,1929
0.605,1935
0.606,1926
0.607,1946
0.608,1923
0.609,1901
0.61,1887
0.611,1881
0.612,1859
0.613,1877
0.614,1884
0.615,1844
0.616,1817
0.617,1824
0.618,1809
0.619,1797
0.62,1796
0.621,1777
0.622,1757
0.623,1740
0.624,1747
0.625,1758
0.626,1727
0.627,1700
0.628,1659
0.629,1664
0.63,1653
0.631,1650
0.632,1656
0.633,1609
0.634,1588
0.635,1576
0.636,1566
0.637,1569
0.638,1558
0.639,1561
0.64,1519
0.641,1488
0.642,1535
0.643,1532
0.644,1504
0.645,1487
0.646,1477
0.647,1441
0.648,1426
0.649,1438
0.65,1441
0.651,1410
0.652,1420
0.653,1400
0.654,1362
0.655,1362
0.656,1365
0.657,1353
0.658,1352
0.659,1352
0.66,1305
0.661,1272
0.662,1284
0.663,1288
0.664,1261
0.665,1266
0.666,1258
0.667,1210
0.668,1207
0.669,1216
0.67,1196
0.671,1192
0.672,1214
0.673,1159
0.674,1132
0.675,1138
0.676,1128
0.677,1115
0.678,1111
0.679,1108
0.68,1070
0.681,1053
0.682,1097
0.683,1087
0.684,1067
0.685,1075
0.686,1068
0.687,1024
0.688,1041
0.689,1041
0.69,1017
0.691,1000
0.692,1024
0.693,996
0.694,966
0.695,992
0.696,996
0.697,979
0.698,984
0.699,992
0.7,967
0.701,949
0.702,968
0.703,936
0.704,911
0.705,930
0.706,916
0.707,887
0.708,923
0.709,926
0.71,898
0.711,887
0.712,898
0.713,888
0.714,856
0.715,925
0.716,911
0.717,881
0.718,895
0.719,893
0.72,869
0.721,909
0.722,900
0.723,877
0.724,869
0.725,890
0.726,871
0.727,854
0.728,916
0.729,896
0.73,871
0.731,874
0.732,877
0.733,863
0.734,882
0.735,916
0.736,888
0.737,855
0.738,875
0.739,882
0.74,870
0.741,896
0.742,890
0.743,868
0.744,856
0.745,882
0.746,870
0.747,876
0.748,976
0.749,934
0.75,912
0.751,911
0.752,908
0.753,912
0.754,943
0.755,992
0.756,967
0.757,946
0.758,959
0.759,958
0.76,965
0.761,1015
0.762,1000
0.763,991
0.764,971
0.765,996
0.766,978
0.767,994
0.768,1015
0.769,990
0.77,965
0.771,988
0.772,969
0.773,971
0.774,1001
0.775,1006
0.776,972
0.777,957
0.778,965
0.779,959
0.78,968
0.781,1020
0.782,1024
0.783,983
0.784,979
0.785,992
0.786,984
0.787,1027
0.788,1108
0.789,1087
0.79,1074
0.791,1072
0.792,1076
0.793,1068
0.794,1115
0.795,1125
0.796,1080
0.797,1065
0.798,1114
0.799,1111
0.8,1114
0.801,1164
0.802,1138
0.803,1113
0.804,1118
0.805,1127
0.806,1120
0.807,1170
0.808,1147
0.809,1130
0.81,1106
0.811,1112
0.812,1113
0.813,1110
0.814,1169
0.815,1176
0.816,1147
0.817,1132
0.818,1128
0.819,1122
0.82,1172
0.821,1219
0.822,1193
0.823,1166
0.824,1165
0.825,1166
0.826,1154
0.827,1219
0.828,1208
0.829,1184
0.83,1145
0.831,1159
0.832,1156
0.833,1148
0.834,1166
0.835,1158
0.836,1122
0.837,1107
0.838,1131
0.839,1144
0.84,1165
0.841,1172
0.842,1148
0.843,1127
0.844,1131
0.845,1130
0.846,1156
0.847,1210
0.848,1210
0.849,1189
0.85,1164
0.851,1152
0.852,1154
0.853,1153
0.854,1200
0.855,1199
0.856,1173
0.857,1153
0.858,1155
0.859,1168
0.86,1191
0.861,1196
0.862,1162
0.863,1151
0.864,1123
0.865,1125
0.866,1118
0.867,1143
0.868,1128
0.869,1112
0.87,1092
0.871,1085
0.872,1085
0.873,1104
0.874,1129
0.875,1099
0.876,1072
0.877,1050
0.878,1056
0.879,1052
0.88,1090
0.881,1092
0.882,1074
0.883,1062
0.884,1045
0.885,1048
0.886,1060
0.887,1104
0.888,1085
0.889,1066
0.89,1046
0.891,1034
0.892,1047
0.893,1050
0.894,1100
0.895,1096
0.896,1080
0.897,1083
0.898,1101
0.899,1103
0.9,1103
0.901,1153
0.902,1137
0.903,1114
0.904,1130
0.905,1132
0.906,1136
0.907,1195
0.908,1188
0.909,1169
0.91,1167
0.911,1163
0.912,1168
0.913,1184
0.914,1264
0.915,1253
0.916,1255
0.917,1225
0.918,1234
0.919,1227
0.92,1257
0.921,1324
0.922,1288
0.923,1281
0.924,1293
0.925,1278
0.926,1279
0.927,1329
0.928,1315
0.929,1298
0.93,1271
0.931,1302
0.932,1288
0.933,1286
0.934,1323
0.935,1310
0.936,1271
0.937,1266
0.938,1272
0.939,1280
0.94,1305
0.941,1316
0.942,1279
0.943,1262
0.944,1268
0.945,1260
0.946,1253
0.947,1320
0.948,1312
0.949,1286
0.95,1282
0.951,1268
0.952,1284
0.953,1280
0.954,1355
0.955,1329
0.956,1328
0.957,1284
0.958,1289
0.959,1285
0.96,1344
0.961,1340
0.962,1312
0.963,1293
0.964,1311
0.965,1309
0.966,1298
0.967,1379
0.968,1376
0.969,1360
0.97,1325
0.971,1312
0.972,1336
0.973,1311
0.974,1343
0.975,1295
0.976,1263
0.977,1262
0.978,1263
0.979,1259
0.98,1301
0.981,1312
0.982,1294
0.983,1260
0.984,1253
0.985,1253
0.986,1249
0.987,1277
0.988,1247
0.989,1225
0.99,1200
0.991,1196
0.992,1195
0.993,1220
0.994,1205
0.995,1180
0.996,1178
0.997,1141
0.998,1162
0.999,1152
