0.0,691
0.001,678
0.002,679
0.003,678
0.004,680
0.005,712
0.006,702
0.007,683
0.008,675
0.009,678
0.01,680
0.011,689
0.012,708
0.013,704
0.014,680
0.015,678
0.016,674
0.017,672
0.018,698
0.019,708
0.02,693
0.021,691
0.022,675
0.023,675
0.024,661
0.025,680
0.026,686
0.027,672
0.028,659
0.029,662
0.03,661
0.031,671
0.032,690
0.033,694
0.034,676
0.035,662
0.036,666
0.037,665
0.038,666
0.039,700
0.04,696
0.041,672
0.042,671
0.043,687
0.044,682
0.045,700
0.046,724
0.047,705
0.048,688
0.049,703
0.05,701
0.051,694
0.052,725
0.053,736
0.054,708
0.055,699
0.056,721
0.057,715
0.058,700
0.059,755
0.06,765
0.061,744
0.062,734
0.063,752
0.064,764
0.065,756
0.066,797
0.067,782
0.068,762
0.069,772
0.07,785
0.071,771
0.072,792
0.073,805
0.074,781
0.075,760
0.076,767
0.077,768
0.078,761
0.079,786
0.08,777
0.081,757
0.082,748
0.083,757
0.084,750
0.085,745
0.086,762
0.087,737
0.088,738
0.089,742
0.09,745
0.091,799
0.092,781
0.093,754
0.094,756
0.095,744
0.096,760
0.097,766
0.098,747
0.099,740
0.1,743
0.101,756
0.102,742
0.103,768
0.104,764
0.105,738
0.106,734
0.107,734
0.108,722
0.109,737
0.11,755
0.111,726
0.112,716
0.113,717
0.114,721
0.115,708
0.116,752
0.117,767
0.118,756
0.119,740
0.12,747
0.121,726
0.122,731
0.123,782
0.124,786
0.125,780
0.126,789
0.127,795
0.128,783
0.129,816
0.13,834
0.131,817
0.132,800
0.133,832
0.134,817
0.135,804
0.136,847
0.137,854
0.138,871
0.139,872
0.14,867
0.141,866
0.142,860
0.143,878
0.144,853
0.145,855
0.146,879
0.147,846
0.148,825
0.149,849
0.15,853
0.151,827
0.152,816
0.153,819
0.154,794
0.155,778
0.156,841
0.157,835
0.158,847
0.159,836
0.16,839
0.161,822
0.162,825
0.163,843
0.164,828
0.165,831
0.166,821
0.167,804
0.168,801
0.169,823
0.17,813
0.171,789
0.172,785
0.173,801
0.174,784
0.175,777
0.176,805
0.177,811
0.178,793
0.179,793
0.18,814
0.181,811
0.182,796
0.183,821
0.184,808
0.185,790
0.186,795
0.187,802
0.188,791
0.189,810
0.19,814
0.191,808
0.192,786
0.193,796
0.194,789
0.195,774
0.196,796
0.197,793
0.198,784
0.199,783
0.2,767
0.201,749
0.202,742
0.203,774
0.204,762
0.205,757
0.206,765
0.207,769
0.208,763
0.209,782
0.21,801
0.211,791
0.212,757
0.213,778
0.214,763
0.215,737
0.216,758
0.217,761
0.218,760
0.219,758
0.22,778
0.221,784
0.222,768
0.223,795
0.224,807
0.225,803
0.226,798
0.227,789
0.228,780
0.229,795
0.23,794
0.231,788
0.232,790
0.233,819
0.234,814
0.235,831
0.236,860
0.237,866
0.238,835
0.239,845
0.24,868
0.241,850
0.242,873
0.243,912
0.244,939
0.245,960
0.246,959
0.247,964
0.248,977
0.249,997
0.25,1051
0.251,1099
0.252,1078
0.253,1084
0.254,1076
0.255,1122
0.256,1177
0.257,1195
0.258,1193
0.259,1248
0.26,1259
0.261,1314
0.262,1308
0.263,1324
0.264,1333
0.265,1347
0.266,1372
0.267,1428
0.268,1436
0.269,1458
0.27,1486
0.271,1558
0.272,1592
0.273,1590
0.274,1597
0.275,1603
0.276,1639
0.277,1680
0.278,1720
0.279,1723
0.28,1709
0.281,1744
0.282,1792
0.283,1812
0.284,1826
0.285,1861
0.286,1892
0.287,1898
0.288,1931
0.289,1985
0.29,2007
0.291,1996
0.292,2057
0.293,2078
0.294,2086
0.295,2155
0.296,2184
0.297,2191
0.298,2238
0.299,2277
0.3,2293
0.301,2288
0.302,2260
0.303,2284
0.304,2333
0.305,2427
0.306,2448
0.307,2422
0.308,2382
0.309,2439
0.31,2471
0.311,2564
0.312,2585
0.313,2593
0.314,2599
0.315,2656
0.316,2680
0.317,2695
0.318,2690
0.319,2720
0.32,2711
0.321,2810
0.322,2793
0.323,2785
0.324,2814
0.325,2802
0.326,2771
0.327,2838
0.328,2895
0.329,2924
0.33,2952
0.331,2966
0.332,2982
0.333,2950
0.334,2996
0.335,2995
0.336,3040
0.337,2999
0.338,3040
0.339,3048
0.34,2984
0.341,2984
0.342,3072
0.343,3104
0.344,3157
0.345,3213
0.346,3216
0.347,3177
0.348,3232
0.349,3237
0.35,3232
0.351,3119
0.352,3136
0.353,3149
0.354,3170
0.355,3211
0.356,3263
0.357,3256
0.358,3248
0.359,3209
0.36,3231
0.361,3224
0.362,3254
0.363,3293
0.364,3263
0.365,3284
0.366,3268
0.367,3246
0.368,3277
0.369,3250
0.37,3240
0.371,3241
0.372,3287
0.373,3224
0.374,3227
0.375,3281
0.376,3267
0.377,3266
0.378,3241
0.379,3245
0.38,3264
0.381,3281
0.382,3344
0.383,3306
0.384,3312
0.385,3327
0.386,3392
0.387,3268
0.388,3312
0.389,3359
0.39,3378
0.391,3387
0.392,3367
0.393,3332
0.394,3388
0.395,3374
0.396,3387
0.397,3372
0.398,3354
0.399,3328
0.4,3312
0.401,3304
0.402,3309
0.403,3321
0.404,3360
0.405,3310
0.406,3280
0.407,3258
0.408,3263
0.409,3276
0.41,3342
0.411,3336
0.412,3287
0.413,3263
0.414,3312
0.415,3360
0.416,3316
0.417,3279
0.418,3304
0.419,3284
0.42,3272
0.421,3330
0.422,3327
0.423,3333
0.424,3326
0.425,3230
0.426,3218
0.427,3326
0.428,3307
0.429,3322
0.43,3341
0.431,3323
0.432,3359
0.433,3277
0.434,3328
0.435,3311
0.436,3304
0.437,3296
0.438,3309
0.439,3297
0.44,3252
0.441,3263
0.442,3260
0.443,3236
0.444,3313
0.445,3347
0.446,3302
0.447,3240
0.448,3281
0.449,3332
0.45,3306
0.451,3258
0.452,3199
0.453,3204
0.454,3228
0.455,3249
0.456,3258
0.457,3207
0.458,3211
0.459,3188
0.46,3174
0.461,3167
0.462,3154
0.463,3200
0.464,3202
0.465,3192
0.466,3161
0.467,3081
0.468,3134
0.469,3264
0.47,3231
0.471,3177
0.472,3135
0.473,3040
0.474,3031
0.475,3096
0.476,3071
0.477,3056
0.478,3028
0.479,2995
0.48,2986
0.481,3040
0.482,3088
0.483,3052
0.484,3088
0.485,3038
0.486,3072
0.487,3087
0.488,3051
0.489,3047
0.49,3035
0.491,3008
0.492,2941
0.493,2979
0.494,2989
0.495,2978
0.496,3001
0.497,2983
0.498,2999
0.499,3023
0.5,2979
0.501,2960
0.502,2952
0.503,2980
0.504,3028
0.505,3018
0.506,3007
0.507,2959
0.508,2960
0.509,2946
0.51,2949
0.511,2975
0.512,2960
0.513,2949
0.514,2907
0.515,2907
0.516,2944
0.517,2944
0.518,2919
0.519,2895
0.52,2911
0.521,2862
0.522,2847
0.523,2839
0.524,2830
0.525,2841
0.526,2898
0.527,2850
0.528,2821
0.529,2856
0.53,2895
0.531,2880
0.532,2805
0.533,2782
0.534,2720
0.535,2678
0.536,2687
0.537,2750
0.538,2760
0.539,2770
0.54,2832
0.541,2752
0.542,2736
0.543,2758
0.544,2779
0.545,2792
0.546,2741
0.547,2705
0.548,2747
0.549,2764
0.55,2772
0.551,2765
0.552,2812
0.553,2756
0.554,2748
0.555,2736
0.556,2776
0.557,2741
0.558,2770
0.559,2761
0.56,2746
0.561,2739
0.562,2768
0.563,2757
0.564,2846
0.565,2773
0.566,2763
0.567,2722
0.568,2695
0.569,2701
0.57,2690
0.571,2704
0.572,2728
0.573,2724
0.574,2651
0.575,2696
0.576,2668
0.577,2703
0.578,2667
0.579,2664
0.58,2679
0.581,2640
0.582,2650
0.583,2658
0.584,2634
0.585,2629
0.586,2628
0.587,2611
0.588,2601
0.589,2617
0.59,2656
0.591,2595
0.592,2585
0.593,2582
0.594,2600
0.595,2604
0.596,2642
0.597,2622
0.598,2664
0.599,2606
0.6,2582
0.601,2554
0.602,2563
0.603,2592
0.604,2574
0.605,2547
0.606,2527
0.607,2510
0.608,2474
0.609,2478
0.61,2476
0.611,2491
0.612,2512
0.613,2480
0.614,2433
0.615,2451
0.616,2433
0.617,2454
0.618,2440
0.619,2424
0.62,2410
0.621,2415
0.622,2399
0.623,2384
0.624,2407
0.625,2363
0.626,2339
0.627,2304
0.628,2280
0.629,2278
0.63,2266
0.631,2282
0.632,2304
0.633,2256
0.634,2199
0.635,2206
0.636,2196
0.637,2215
0.638,2189
0.639,2164
0.64,2139
0.641,2116
0.642,2103
0.643,2084
0.644,2100
0.645,2064
0.646,2032
0.647,1994
0.648,2004
0.649,2004
0.65,1978
0.651,2000
0.652,1939
0.653,1924
0.654,1915
0.655,1893
0.656,1885
0.657,1889
0.658,1873
0.659,1848
0.66,1825
0.661,1840
0.662,1815
0.663,1813
0.664,1817
0.665,1811
0.666,1749
0.667,1738
0.668,1709
0.669,1695
0.67,1681
0.671,1678
0.672,1658
0.673,1631
0.674,1657
0.675,1663
0.676,1637
0.677,1631
0.678,1630
0.679,1632
0.68,1573
0.681,1575
0.682,1567
0.683,1555
0.684,1542
0.685,1524
0.686,1498
0.687,1492
0.688,1512
0.689,1469
0.69,1461
0.691,1451
0.692,1450
0.693,1406
0.694,1411
0.695,1432
0.696,1405
0.697,1399
0.698,1390
0.699,1357
0.7,1352
0.701,1383
0.702,1373
0.703,1359
0.704,1376
0.705,1354
0.706,1331
0.707,1354
0.708,1346
0.709,1338
0.71,1327
0.711,1337
0.712,1310
0.713,1280
0.714,1283
0.715,1282
0.716,1267
0.717,1253
0.718,1262
0.719,1231
0.72,1194
0.721,1189
0.722,1204
0.723,1185
0.724,1176
0.725,1179
0.726,1143
0.727,1116
0.728,1121
0.729,1128
0.73,1118
0.731,1113
0.732,1107
0.733,1069
0.734,1038
0.735,1058
0.736,1056
0.737,1040
0.738,1028
0.739,1020
0.74,991
0.741,966
0.742,984
0.743,972
0.744,962
0.745,959
0.746,944
0.747,912
0.748,909
0.749,930
0.75,905
0.751,886
0.752,901
0.753,882
0.754,853
0.755,867
0.756,872
0.757,872
0.758,848
0.759,861
0.76,837
0.761,815
0.762,847
0.763,824
0.764,818
0.765,822
0.766,835
0.767,802
0.768,810
0.769,820
0.77,796
0.771,773
0.772,794
0.773,778
0.774,768
0.775,810
0.776,827
0.777,811
0.778,809
0.779,821
0.78,809
0.781,790
0.782,829
0.783,817
0.784,793
0.785,787
0.786,793
0.787,776
0.788,762
0.789,790
0.79,775
0.791,755
0.792,751
0.793,753
0.794,734
0.795,730
0.796,758
0.797,735
0.798,713
0.799,718
0.8,715
0.801,718
0.802,745
0.803,753
0.804,738
0.805,716
0.806,734
0.807,720
0.808,720
0.809,749
0.81,741
0.811,716
0.812,707
0.813,715
0.814,708
0.815,708
0.816,743
0.817,732
0.818,709
0.819,706
0.82,718
0.821,700
0.822,704
0.823,731
0.824,717
0.825,699
0.826,696
0.827,693
0.828,688
0.829,715
0.83,723
0.831,706
0.832,689
0.833,686
0.834,690
0.835,691
0.836,728
0.837,727
0.838,711
0.839,697
0.84,694
0.841,702
0.842,699
0.843,726
0.844,720
0.845,701
0.846,687
0.847,695
0.848,699
0.849,693
0.85,716
0.851,712
0.852,703
0.853,699
0.854,701
0.855,712
0.856,724
0.857,771
0.858,752
0.859,738
0.86,737
0.861,744
0.862,752
0.863,782
0.864,781
0.865,769
0.866,752
0.867,759
0.868,763
0.869,756
0.87,806
0.871,797
0.872,779
0.873,768
0.874,767
0.875,767
0.876,781
0.877,812
0.878,801
0.879,795
0.88,793
0.881,796
0.882,792
0.883,813
0.884,832
0.885,818
0.886,806
0.887,797
0.888,802
0.889,804
0.89,835
0.891,836
0.892,823
0.893,831
0.894,810
0.895,807
0.896,810
0.897,850
0.898,836
0.899,822
0.9,816
0.901,811
0.902,820
0.903,825
0.904,863
0.905,857
0.906,840
0.907,823
0.908,819
0.909,829
0.91,833
0.911,869
0.912,861
0.913,843
0.914,833
0.915,835
0.916,839
0.917,860
0.918,889
0.919,873
0.92,857
0.921,846
0.922,863
0.923,865
0.924,889
0.925,904
0.926,891
0.927,876
0.928,878
0.929,880
0.93,889
0.931,936
0.932,925
0.933,913
0.934,905
0.935,905
0.936,912
0.937,921
0.938,960
0.939,956
0.94,940
0.941,927
0.942,918
0.943,928
0.944,935
0.945,990
0.946,983
0.947,965
0.948,943
0.949,937
0.95,968
0.951,955
0.952,985
0.953,974
0.954,971
0.955,950
0.956,965
0.957,967
0.958,978
0.959,981
0.96,975
0.961,966
0.962,964
0.963,973
0.964,977
0.965,1010
0.966,1006
0.967,989
0.968,978
0.969,972
0.97,975
0.971,995
0.972,1007
0.973,1034
0.974,1027
0.975,1019
0.976,1011
0.977,1006
0.978,1003
0.979,995
0.98,1005
0.981,1035
0.982,1017
0.983,1043
0.984,1033
0.985,1031
0.986,1023
0.987,1024
0.988,1013
0.989,1043
0.99,1022
0.991,1018
0.992,1031
0.993,1060
0.994,1049
0.995,1058
0.996,1016
0.997,1024
0.998,1007
0.999,1015
