0.0,1249
0.01,1261
0.02,1257
0.03,1252
0.04,1260
0.05,1312
0.06,1276
0.07,1263
0.08,1246
0.09,1228
0.1,1245
0.11,1260
0.12,1251
0.13,1247
0.14,1240
0.15,1274
0.16,1280
0.17,1276
0.18,1255
0.19,1263
0.2,1224
0.21,1256
0.22,1246
0.23,1243
0.24,1237
0.25,1278
0.26,1296
0.27,1267
0.28,1247
0.29,1230
0.3,1229
0.31,1244
0.32,1244
0.33,1264
0.34,1265
0.35,1288
0.36,1309
0.37,1318
0.38,1297
0.39,1279
0.4,1288
0.41,1305
0.42,1351
0.43,1310
0.44,1307
0.45,1318
0.46,1392
0.47,1410
0.48,1400
0.49,1382
0.5,1370
0.51,1385
0.52,1417
0.53,1450
0.54,1399
0.55,1393
0.56,1454
0.57,1462
0.58,1445
0.59,1422
0.6,1400
0.61,1386
0.62,1396
0.63,1399
0.64,1392
0.65,1389
0.66,1416
0.67,1409
0.68,1416
0.69,1404
0.7,1388
0.71,1366
0.72,1355
0.73,1370
0.74,1367
0.75,1359
0.76,1389
0.77,1350
0.78,1376
0.79,1392
0.8,1359
0.81,1339
0.82,1320
0.83,1324
0.84,1338
0.85,1338
0.86,1333
0.87,1333
0.88,1356
0.89,1356
0.9,1400
0.91,1326
0.92,1312
0.93,1312
0.94,1321
0.95,1315
0.96,1307
0.97,1294
0.98,1336
0.99,1339
1.0,1329
1.01,1306
1.02,1284
1.03,1280
1.04,1304
1.05,1302
1.06,1296
1.07,1288
1.08,1344
1.09,1357
1.1,1348
1.11,1324
1.12,1312
1.13,1332
1.14,1321
1.15,1321
1.16,1312
1.17,1303
1.18,1313
1.19,1378
1.2,1377
1.21,1357
1.22,1336
1.23,1318
1.24,1354
1.25,1339
1.26,1333
1.27,1328
1.28,1313
1.29,1356
1.3,1352
1.31,1333
1.32,1316
1.33,1294
1.34,1290
1.35,1307
1.36,1355
1.37,1306
1.38,1298
1.39,1291
1.4,1330
1.41,1330
1.42,1316
1.43,1294
1.44,1275
1.45,1269
1.46,1280
1.47,1309
1.48,1264
1.49,1259
1.5,1252
1.51,1296
1.52,1295
1.53,1275
1.54,1255
1.55,1238
1.56,1240
1.57,1256
1.58,1249
1.59,1272
1.6,1233
1.61,1263
1.62,1309
1.63,1268
1.64,1249
1.65,1230
1.66,1214
1.67,1216
1.68,1232
1.69,1221
1.7,1218
1.71,1200
1.72,1242
1.73,1246
1.74,1239
1.75,1221
1.76,1205
1.77,1202
1.78,1203
1.79,1206
1.8,1192
1.81,1196
1.82,1191
1.83,1284
1.84,1275
1.85,1227
1.86,1215
1.87,1235
1.88,1206
1.89,1232
1.9,1233
1.91,1232
1.92,1219
1.93,1267
1.94,1277
1.95,1272
1.96,1258
1.97,1244
1.98,1276
1.99,1262
2.0,1270
2.01,1265
2.02,1249
2.03,1234
2.04,1273
2.05,1276
2.06,1261
2.07,1240
2.08,1223
2.09,1231
2.1,1270
2.11,1235
2.12,1230
2.13,1216
2.14,1213
2.15,1248
2.16,1255
2.17,1233
2.18,1214
2.19,1202
2.2,1198
2.21,1239
2.22,1198
2.23,1186
2.24,1178
2.25,1199
2.26,1212
2.27,1207
2.28,1190
2.29,1186
2.3,1174
2.31,1174
2.32,1184
2.33,1188
2.34,1182
2.35,1172
2.36,1234
2.37,1232
2.38,1204
2.39,1215
2.4,1232
2.41,1225
2.42,1239
2.43,1219
2.44,1205
2.45,1215
2.46,1252
2.47,1246
2.48,1246
2.49,1226
2.5,1248
2.51,1224
2.52,1233
2.53,1231
2.54,1217
2.55,1202
2.56,1311
2.57,1302
2.58,1329
2.59,1277
2.6,1286
2.61,1296
2.62,1306
2.63,1297
2.64,1275
2.65,1262
2.66,1267
2.67,1355
2.68,1390
2.69,1345
2.7,1323
2.71,1310
2.72,1312
2.73,1321
2.74,1308
2.75,1296
2.76,1286
2.77,1305
2.78,1343
2.79,1348
2.8,1347
2.81,1373
2.82,1336
2.83,1327
2.84,1336
2.85,1322
2.86,1306
2.87,1290
2.88,1319
2.89,1336
2.9,1333
2.91,1316
2.92,1336
2.93,1292
2.94,1296
2.95,1302
2.96,1287
2.97,1284
2.98,1268
2.99,1310
3.0,1326
3.01,1324
3.02,1307
3.03,1297
3.04,1282
3.05,1284
3.06,1295
3.07,1293
3.08,1289
3.09,1278
3.1,1316
3.11,1323
3.12,1309
3.13,1289
3.14,1304
3.15,1268
3.16,1288
3.17,1304
3.18,1280
3.19,1250
3.2,1343
3.21,1351
3.22,1336
3.23,1318
3.24,1312
3.25,1310
3.26,1315
3.27,1311
3.28,1293
3.29,1280
3.3,1349
3.31,1316
3.32,1306
3.33,1291
3.34,1288
3.35,1289
3.36,1281
3.37,1285
3.38,1268
3.39,1253
3.4,1284
3.41,1328
3.42,1326
3.43,1319
3.44,1310
3.45,1302
3.46,1315
3.47,1322
3.48,1321
3.49,1312
3.5,1298
3.51,1280
3.52,1354
3.53,1380
3.54,1326
3.55,1310
3.56,1301
3.57,1312
3.58,1319
3.59,1310
3.6,1294
3.61,1279
3.62,1271
3.63,1314
3.64,1349
3.65,1304
3.66,1295
3.67,1281
3.68,1283
3.69,1286
3.7,1275
3.71,1259
3.72,1241
3.73,1248
3.74,1308
3.75,1330
3.76,1314
3.77,1289
3.78,1305
3.79,1296
3.8,1295
3.81,1285
3.82,1283
3.83,1315
3.84,1324
3.85,1327
3.86,1298
3.87,1280
3.88,1281
3.89,1296
3.9,1289
3.91,1291
3.92,1265
3.93,1332
3.94,1347
3.95,1352
3.96,1314
3.97,1298
3.98,1303
3.99,1331
4.0,1364
4.01,1320
4.02,1305
4.03,1340
4.04,1348
4.05,1335
4.06,1326
4.07,1317
4.08,1316
4.09,1339
4.1,1360
4.11,1311
4.12,1301
4.13,1373
4.14,1379
4.15,1368
4.16,1373
4.17,1359
4.18,1347
4.19,1358
4.2,1358
4.21,1384
4.22,1426
4.23,1412
4.24,1400
4.25,1407
4.26,1408
4.27,1400
4.28,1396
4.29,1360
4.3,1346
4.31,1393
4.32,1384
4.33,1376
4.34,1339
4.35,1335
4.36,1339
4.37,1324
4.38,1310
4.39,1361
4.4,1394
4.41,1384
4.42,1384
4.43,1369
4.44,1389
4.45,1388
4.46,1370
4.47,1352
4.48,1395
4.49,1437
4.5,1437
4.51,1412
4.52,1407
4.53,1416
4.54,1442
4.55,1428
4.56,1413
4.57,1449
4.58,1537
4.59,1533
4.6,1510
4.61,1497
4.62,1504
4.63,1512
4.64,1544
4.65,1512
4.66,1600
4.67,1635
4.68,1576
4.69,1545
4.7,1576
4.71,1597
4.72,1599
4.73,1569
4.74,1593
4.75,1621
4.76,1621
4.77,1583
4.78,1544
4.79,1549
4.8,1579
4.81,1510
4.82,1483
4.83,1539
4.84,1540
4.85,1521
4.86,1510
4.87,1568
4.88,1546
4.89,1545
4.9,1525
4.91,1511
4.92,1580
4.93,1569
4.94,1545
4.95,1521
4.96,1514
4.97,1568
4.98,1556
4.99,1537
5.0,1544
5.01,1615
5.02,1648
5.03,1623
5.04,1592
5.05,1592
5.06,1660
5.07,1696
5.08,1648
5.09,1670
5.1,1734
5.11,1717
5.12,1686
5.13,1653
5.14,1655
5.15,1662
5.16,1652
5.17,1663
5.18,1689
5.19,1702
5.2,1696
5.21,1680
5.22,1650
5.23,1664
5.24,1653
5.25,1641
5.26,1630
5.27,1700
5.28,1712
5.29,1684
5.3,1653
5.31,1664
5.32,1736
5.33,1740
5.34,1717
5.35,1764
5.36,1747
5.37,1738
5.38,1706
5.39,1694
5.4,1720
5.41,1736
5.42,1715
5.43,1691
5.44,1774
5.45,1782
5.46,1791
5.47,1728
5.48,1714
5.49,1749
5.5,1759
5.51,1728
5.52,1741
5.53,1797
5.54,1795
5.55,1759
5.56,1760
5.57,1743
5.58,1783
5.59,1776
5.6,1716
5.61,1752
5.62,1791
5.63,1732
5.64,1702
5.65,1672
5.66,1684
5.67,1690
5.68,1672
5.69,1671
5.7,1677
5.71,1681
5.72,1668
5.73,1619
5.74,1594
5.75,1619
5.76,1585
5.77,1575
5.78,1564
5.79,1597
5.8,1584
5.81,1552
5.82,1534
5.83,1560
5.84,1587
5.85,1567
5.86,1538
5.87,1582
5.88,1655
5.89,1625
5.9,1602
5.91,1590
5.92,1611
5.93,1618
5.94,1587
5.95,1557
5.96,1660
5.97,1693
5.98,1657
5.99,1638
6.0,1637
6.01,1668
6.02,1624
6.03,1630
6.04,1568
6.05,1667
6.06,1680
6.07,1634
6.08,1651
6.09,1616
6.1,1626
6.11,1624
6.12,1594
6.13,1623
6.14,1659
6.15,1633
6.16,1611
6.17,1604
6.18,1620
6.19,1680
6.2,1596
6.21,1629
6.22,1609
6.23,1585
6.24,1600
6.25,1653
6.26,1669
6.27,1616
6.28,1589
6.29,1612
6.3,1614
6.31,1600
6.32,1590
6.33,1609
6.34,1696
6.35,1670
6.36,1641
6.37,1648
6.38,1662
6.39,1641
6.4,1626
6.41,1612
6.42,1633
6.43,1668
6.44,1654
6.45,1630
6.46,1618
6.47,1592
6.48,1618
6.49,1641
6.5,1630
6.51,1668
6.52,1728
6.53,1693
6.54,1695
6.55,1677
6.56,1695
6.57,1695
6.58,1723
6.59,1756
6.6,1747
6.61,1742
6.62,1767
6.63,1778
6.64,1760
6.65,1737
6.66,1722
6.67,1736
6.68,1767
6.69,1807
6.7,1753
6.71,1766
6.72,1821
6.73,1838
6.74,1855
6.75,1797
6.76,1826
6.77,1806
6.78,1844
6.79,1831
6.8,1823
6.81,1821
6.82,1863
6.83,1864
6.84,1832
6.85,1804
6.86,1800
6.87,1839
6.88,1819
6.89,1825
6.9,1833
6.91,1823
6.92,1838
6.93,1831
6.94,1814
6.95,1784
6.96,1755
6.97,1775
6.98,1774
6.99,1767
7.0,1742
7.01,1791
7.02,1815
7.03,1762
7.04,1759
7.05,1711
7.06,1703
7.07,1709
7.08,1751
7.09,1749
7.1,1738
7.11,1782
7.12,1774
7.13,1794
7.14,1769
7.15,1743
7.16,1752
7.17,1796
7.18,1771
7.19,1793
7.2,1769
7.21,1818
7.22,1832
7.23,1843
7.24,1819
7.25,1831
7.26,1780
7.27,1812
7.28,1825
7.29,1817
7.3,1802
7.31,1871
7.32,1867
7.33,1891
7.34,1872
7.35,1831
7.36,1856
7.37,1859
7.38,1888
7.39,1838
7.4,1849
7.41,1888
7.42,1903
7.43,1889
7.44,1875
7.45,1836
7.46,1884
7.47,1959
7.48,1927
7.49,1908
7.5,1968
7.51,1962
7.52,1943
7.53,1918
7.54,1892
7.55,1910
7.56,1991
7.57,2000
7.58,1979
7.59,1974
7.6,1984
7.61,1981
7.62,1960
7.63,1934
7.64,1920
7.65,1944
7.66,2048
7.67,2046
7.68,2063
7.69,2068
7.7,2074
7.71,2093
7.72,2076
7.73,2044
7.74,2020
7.75,2044
7.76,2064
7.77,2046
7.78,2034
7.79,2022
7.8,2063
7.81,2077
7.82,2073
7.83,2042
7.84,2047
7.85,2048
7.86,2020
7.87,2010
7.88,2005
7.89,2024
7.9,2040
7.91,2048
7.92,2004
7.93,1976
7.94,1943
7.95,1944
7.96,2047
7.97,2068
7.98,2047
7.99,2016
8.0,2064
8.01,2079
8.02,2008
8.03,1985
8.04,1960
8.05,1962
8.06,1983
8.07,1975
8.08,2015
8.09,1960
8.1,1962
8.11,1971
8.12,1950
8.13,1980
8.14,1948
8.15,1902
8.16,1952
8.17,1928
8.18,1919
8.19,1870
8.2,1896
8.21,1897
8.22,1880
8.23,1861
8.24,1836
8.25,1861
8.26,1840
8.27,1854
8.28,1874
8.29,1852
8.3,1836
8.31,1837
8.32,1820
8.33,1795
8.34,1771
8.35,1781
8.36,1800
8.37,1775
8.38,1767
8.39,1772
8.4,1793
8.41,1806
8.42,1824
8.43,1761
8.44,1740
8.45,1741
8.46,1736
8.47,1749
8.48,1719
8.49,1791
8.5,1763
8.51,1749
8.52,1728
8.53,1703
8.54,1711
8.55,1832
8.56,1811
8.57,1807
8.58,1854
8.59,1811
8.6,1819
8.61,1823
8.62,1767
8.63,1764
8.64,1796
8.65,1787
8.66,1796
8.67,1759
8.68,1813
8.69,1805
8.7,1813
8.71,1792
8.72,1768
8.73,1775
8.74,1793
8.75,1798
8.76,1767
8.77,1806
8.78,1844
8.79,1823
8.8,1796
8.81,1807
8.82,1762
8.83,1784
8.84,1782
8.85,1776
8.86,1757
8.87,1832
8.88,1824
8.89,1829
8.9,1818
8.91,1747
8.92,1751
8.93,1816
8.94,1814
8.95,1799
8.96,1787
8.97,1856
8.98,1823
8.99,1808
9.0,1756
9.01,1749
9.02,1811
9.03,1842
9.04,1848
9.05,1812
9.06,1831
9.07,1832
9.08,1818
9.09,1794
9.1,1808
9.11,1768
9.12,1798
9.13,1796
9.14,1800
9.15,1780
9.16,1837
9.17,1843
9.18,1827
9.19,1812
9.2,1781
9.21,1785
9.22,1812
9.23,1803
9.24,1795
9.25,1779
9.26,1840
9.27,1854
9.28,1840
9.29,1804
9.3,1773
9.31,1784
9.32,1792
9.33,1776
9.34,1752
9.35,1747
9.36,1802
9.37,1791
9.38,1768
9.39,1721
9.4,1714
9.41,1736
9.42,1737
9.43,1727
9.44,1708
9.45,1760
9.46,1747
9.47,1740
9.48,1694
9.49,1672
9.5,1708
9.51,1765
9.52,1775
9.53,1740
9.54,1743
9.55,1777
9.56,1777
9.57,1768
9.58,1716
9.59,1750
9.6,1738
9.61,1753
9.62,1734
9.63,1714
9.64,1723
9.65,1762
9.66,1780
9.67,1760
9.68,1771
9.69,1715
9.7,1740
9.71,1760
9.72,1737
9.73,1723
9.74,1717
9.75,1785
9.76,1805
9.77,1788
9.78,1752
9.79,1726
9.8,1736
9.81,1758
9.82,1745
9.83,1771
9.84,1728
9.85,1782
9.86,1781
9.87,1752
9.88,1728
9.89,1695
9.9,1692
9.91,1779
9.92,1791
9.93,1721
9.94,1735
9.95,1783
9.96,1779
9.97,1745
9.98,1729
9.99,1723
