0.0,662
0.001,660
0.002,684
0.003,689
0.004,673
0.005,655
0.006,660
0.007,658
0.008,652
0.009,688
0.01,667
0.011,648
0.012,641
0.013,640
0.014,642
0.015,653
0.016,674
0.017,655
0.018,638
0.019,636
0.02,645
0.021,640
0.022,671
0.023,661
0.024,640
0.025,639
0.026,640
0.027,641
0.028,667
0.029,673
0.03,651
0.031,640
0.032,661
0.033,661
0.034,660
0.035,740
0.036,729
0.037,712
0.038,724
0.039,731
0.04,720
0.041,768
0.042,762
0.043,737
0.044,739
0.045,749
0.046,744
0.047,787
0.048,815
0.049,790
0.05,773
0.051,800
0.052,780
0.053,799
0.054,826
0.055,798
0.056,774
0.057,799
0.058,784
0.059,776
0.06,813
0.061,807
0.062,774
0.063,790
0.064,791
0.065,792
0.066,825
0.067,810
0.068,788
0.069,793
0.07,785
0.071,777
0.072,785
0.073,784
0.074,766
0.075,756
0.076,760
0.077,754
0.078,769
0.079,778
0.08,762
0.081,743
0.082,765
0.083,755
0.084,745
0.085,809
0.086,808
0.087,779
0.088,785
0.089,776
0.09,753
0.091,785
0.092,796
0.093,757
0.094,766
0.095,769
0.096,750
0.097,784
0.098,789
0.099,773
0.1,760
0.101,777
0.102,766
0.103,792
0.104,814
0.105,799
0.106,782
0.107,819
0.108,815
0.109,809
0.11,904
0.111,872
0.112,874
0.113,885
0.114,888
0.115,876
0.116,887
0.117,914
0.118,902
0.119,897
0.12,887
0.121,873
0.122,895
0.123,890
0.124,880
0.125,879
0.126,877
0.127,864
0.128,878
0.129,876
0.13,860
0.131,851
0.132,859
0.133,838
0.134,864
0.135,906
0.136,885
0.137,859
0.138,897
0.139,880
0.14,862
0.141,892
0.142,892
0.143,893
0.144,898
0.145,911
0.146,872
0.147,912
0.148,925
0.149,912
0.15,916
0.151,917
0.152,909
0.153,946
0.154,954
0.155,925
0.156,931
0.157,922
0.158,894
0.159,919
0.16,926
0.161,916
0.162,895
0.163,912
0.164,896
0.165,893
0.166,918
0.167,909
0.168,888
0.169,911
0.17,898
0.171,862
0.172,911
0.173,901
0.174,891
0.175,898
0.176,895
0.177,867
0.178,897
0.179,902
0.18,881
0.181,879
0.182,873
0.183,861
0.184,851
0.185,883
0.186,887
0.187,894
0.188,900
0.189,906
0.19,896
0.191,900
0.192,904
0.193,887
0.194,871
0.195,882
0.196,862
0.197,847
0.198,886
0.199,898
0.2,871
0.201,863
0.202,879
0.203,876
0.204,915
0.205,927
0.206,921
0.207,925
0.208,940
0.209,932
0.21,912
0.211,967
0.212,966
0.213,969
0.214,976
0.215,986
0.216,943
0.217,935
0.218,964
0.219,958
0.22,938
0.221,956
0.222,987
0.223,1000
0.224,975
0.225,1010
0.226,997
0.227,1002
0.228,1023
0.229,998
0.23,980
0.231,996
0.232,1032
0.233,1025
0.234,1026
0.235,1055
0.236,1031
0.237,1047
0.238,1077
0.239,1090
0.24,1084
0.241,1116
0.242,1112
0.243,1133
0.244,1156
0.245,1166
0.246,1206
0.247,1238
0.248,1257
0.249,1276
0.25,1283
0.251,1293
0.252,1344
0.253,1375
0.254,1430
0.255,1454
0.256,1439
0.257,1456
0.258,1487
0.259,1502
0.26,1516
0.261,1537
0.262,1568
0.263,1602
0.264,1606
0.265,1624
0.266,1709
0.267,1753
0.268,1778
0.269,1804
0.27,1848
0.271,1824
0.272,1843
0.273,1883
0.274,1880
0.275,1936
0.276,1950
0.277,1941
0.278,1928
0.279,2026
0.28,2035
0.281,2074
0.282,2143
0.283,2152
0.284,2094
0.285,2122
0.286,2176
0.287,2223
0.288,2258
0.289,2280
0.29,2273
0.291,2303
0.292,2399
0.293,2400
0.294,2392
0.295,2423
0.296,2414
0.297,2393
0.298,2430
0.299,2436
0.3,2498
0.301,2579
0.302,2567
0.303,2587
0.304,2523
0.305,2541
0.306,2568
0.307,2566
0.308,2604
0.309,2619
0.31,2655
0.311,2622
0.312,2608
0.313,2639
0.314,2668
0.315,2687
0.316,2655
0.317,2636
0.318,2647
0.319,2638
0.32,2688
0.321,2707
0.322,2723
0.323,2719
0.324,2670
0.325,2692
0.326,2713
0.327,2784
0.328,2880
0.329,2792
0.33,2745
0.331,2728
0.332,2736
0.333,2691
0.334,2777
0.335,2804
0.336,2776
0.337,2755
0.338,2767
0.339,2798
0.34,2759
0.341,2775
0.342,2742
0.343,2776
0.344,2719
0.345,2734
0.346,2788
0.347,2784
0.348,2732
0.349,2746
0.35,2764
0.351,2783
0.352,2790
0.353,2799
0.354,2759
0.355,2752
0.356,2704
0.357,2684
0.358,2747
0.359,2791
0.36,2781
0.361,2768
0.362,2672
0.363,2694
0.364,2708
0.365,2678
0.366,2729
0.367,2724
0.368,2668
0.369,2654
0.37,2616
0.371,2600
0.372,2608
0.373,2648
0.374,2784
0.375,2736
0.376,2697
0.377,2631
0.378,2589
0.379,2640
0.38,2637
0.381,2713
0.382,2662
0.383,2638
0.384,2654
0.385,2622
0.386,2703
0.387,2645
0.388,2605
0.389,2579
0.39,2579
0.391,2539
0.392,2556
0.393,2572
0.394,2648
0.395,2624
0.396,2578
0.397,2517
0.398,2540
0.399,2541
0.4,2537
0.401,2644
0.402,2649
0.403,2644
0.404,2583
0.405,2536
0.406,2552
0.407,2517
0.408,2592
0.409,2534
0.41,2495
0.411,2437
0.412,2420
0.413,2433
0.414,2512
0.415,2499
0.416,2435
0.417,2399
0.418,2403
0.419,2432
0.42,2432
0.421,2419
0.422,2406
0.423,2352
0.424,2326
0.425,2344
0.426,2381
0.427,2364
0.428,2345
0.429,2320
0.43,2278
0.431,2268
0.432,2247
0.433,2255
0.434,2299
0.435,2308
0.436,2262
0.437,2264
0.438,2236
0.439,2275
0.44,2326
0.441,2304
0.442,2256
0.443,2237
0.444,2231
0.445,2247
0.446,2208
0.447,2175
0.448,2160
0.449,2187
0.45,2168
0.451,2152
0.452,2181
0.453,2179
0.454,2132
0.455,2140
0.456,2112
0.457,2059
0.458,2047
0.459,2042
0.46,2076
0.461,2088
0.462,2077
0.463,2062
0.464,2014
0.465,1985
0.466,2012
0.467,2040
0.468,2038
0.469,2035
0.47,2094
0.471,2089
0.472,2117
0.473,2061
0.474,2047
0.475,2015
0.476,2106
0.477,2080
0.478,2047
0.479,2046
0.48,2081
0.481,2076
0.482,2032
0.483,2020
0.484,1984
0.485,1979
0.486,2005
0.487,2135
0.488,2099
0.489,2026
0.49,1998
0.491,1968
0.492,1972
0.493,1944
0.494,1988
0.495,1978
0.496,1942
0.497,1930
0.498,1933
0.499,1920
0.5,1897
0.501,1904
0.502,1882
0.503,1888
0.504,1863
0.505,1847
0.506,1840
0.507,1840
0.508,1885
0.509,1843
0.51,1868
0.511,1840
0.512,1868
0.513,1860
0.514,1865
0.515,1865
0.516,1824
0.517,1804
0.518,1827
0.519,1811
0.52,1820
0.521,1813
0.522,1823
0.523,1815
0.524,1802
0.525,1794
0.526,1789
0.527,1782
0.528,1795
0.529,1772
0.53,1746
0.531,1734
0.532,1775
0.533,1813
0.534,1855
0.535,1821
0.536,1779
0.537,1747
0.538,1760
0.539,1743
0.54,1739
0.541,1752
0.542,1722
0.543,1736
0.544,1732
0.545,1740
0.546,1717
0.547,1693
0.548,1690
0.549,1664
0.55,1640
0.551,1621
0.552,1637
0.553,1646
0.554,1648
0.555,1635
0.556,1591
0.557,1568
0.558,1540
0.559,1538
0.56,1527
0.561,1518
0.562,1526
0.563,1495
0.564,1462
0.565,1487
0.566,1456
0.567,1456
0.568,1467
0.569,1430
0.57,1407
0.571,1420
0.572,1412
0.573,1416
0.574,1380
0.575,1400
0.576,1344
0.577,1342
0.578,1344
0.579,1324
0.58,1329
0.581,1336
0.582,1339
0.583,1305
0.584,1279
0.585,1285
0.586,1255
0.587,1243
0.588,1243
0.589,1234
0.59,1239
0.591,1227
0.592,1233
0.593,1192
0.594,1167
0.595,1188
0.596,1141
0.597,1098
0.598,1112
0.599,1110
0.6,1101
0.601,1102
0.602,1088
0.603,1053
0.604,1056
0.605,1073
0.606,1074
0.607,1056
0.608,1055
0.609,1043
0.61,1011
0.611,1052
0.612,1046
0.613,1027
0.614,1021
0.615,1033
0.616,1009
0.617,989
0.618,1017
0.619,1003
0.62,972
0.621,973
0.622,974
0.623,948
0.624,951
0.625,970
0.626,986
0.627,951
0.628,955
0.629,948
0.63,912
0.631,949
0.632,950
0.633,931
0.634,923
0.635,920
0.636,893
0.637,880
0.638,929
0.639,906
0.64,879
0.641,889
0.642,889
0.643,868
0.644,882
0.645,883
0.646,859
0.647,842
0.648,853
0.649,862
0.65,837
0.651,871
0.652,878
0.653,848
0.654,844
0.655,863
0.656,827
0.657,855
0.658,874
0.659,857
0.66,829
0.661,843
0.662,835
0.663,832
0.664,893
0.665,908
0.666,884
0.667,860
0.668,862
0.669,846
0.67,856
0.671,901
0.672,883
0.673,859
0.674,872
0.675,854
0.676,863
0.677,906
0.678,912
0.679,887
0.68,850
0.681,876
0.682,871
0.683,869
0.684,924
0.685,914
0.686,885
0.687,881
0.688,885
0.689,880
0.69,900
0.691,914
0.692,895
0.693,861
0.694,874
0.695,880
0.696,874
0.697,945
0.698,939
0.699,916
0.7,905
0.701,912
0.702,909
0.703,930
0.704,973
0.705,948
0.706,918
0.707,920
0.708,933
0.709,924
0.71,973
0.711,969
0.712,946
0.713,956
0.714,935
0.715,928
0.716,927
0.717,966
0.718,950
0.719,923
0.72,930
0.721,938
0.722,923
0.723,946
0.724,948
0.725,948
0.726,911
0.727,911
0.728,918
0.729,927
0.73,954
0.731,959
0.732,937
0.733,928
0.734,918
0.735,921
0.736,951
0.737,1063
0.738,1008
0.739,984
0.74,997
0.741,1007
0.742,1004
0.743,1053
0.744,1062
0.745,1037
0.746,1002
0.747,1020
0.748,1025
0.749,1021
0.75,1052
0.751,1052
0.752,1019
0.753,1007
0.754,1007
0.755,1008
0.756,1024
0.757,1025
0.758,1019
0.759,997
0.76,1006
0.761,999
0.762,1003
0.763,1073
0.764,1079
0.765,1080
0.766,1068
0.767,1072
0.768,1076
0.769,1087
0.77,1099
0.771,1074
0.772,1055
0.773,1071
0.774,1056
0.775,1064
0.776,1092
0.777,1074
0.778,1072
0.779,1041
0.78,1059
0.781,1084
0.782,1096
0.783,1141
0.784,1147
0.785,1108
0.786,1096
0.787,1090
0.788,1086
0.789,1092
0.79,1110
0.791,1092
0.792,1077
0.793,1083
0.794,1096
0.795,1070
0.796,1092
0.797,1188
0.798,1152
0.799,1138
0.8,1136
0.801,1142
0.802,1146
0.803,1178
0.804,1162
0.805,1131
0.806,1112
0.807,1129
0.808,1146
0.809,1116
0.81,1149
0.811,1125
0.812,1111
0.813,1116
0.814,1160
0.815,1152
0.816,1179
0.817,1177
0.818,1160
0.819,1152
0.82,1139
0.821,1132
0.822,1130
0.823,1170
0.824,1159
0.825,1134
0.826,1111
0.827,1108
0.828,1103
0.829,1100
0.83,1120
0.831,1102
0.832,1080
0.833,1065
0.834,1077
0.835,1079
0.836,1103
0.837,1128
0.838,1106
0.839,1084
0.84,1076
0.841,1078
0.842,1074
0.843,1110
0.844,1114
0.845,1104
0.846,1076
0.847,1115
0.848,1126
0.849,1107
0.85,1146
0.851,1133
0.852,1128
0.853,1128
0.854,1101
0.855,1096
0.856,1117
0.857,1143
0.858,1115
0.859,1104
0.86,1098
0.861,1108
0.862,1124
0.863,1158
0.864,1190
0.865,1166
0.866,1146
0.867,1138
0.868,1142
0.869,1144
0.87,1177
0.871,1158
0.872,1141
0.873,1136
0.874,1122
0.875,1117
0.876,1138
0.877,1152
0.878,1128
0.879,1118
0.88,1118
0.881,1156
0.882,1150
0.883,1184
0.884,1168
0.885,1141
0.886,1136
0.887,1135
0.888,1121
0.889,1130
0.89,1158
0.891,1142
0.892,1124
0.893,1102
0.894,1098
0.895,1104
0.896,1129
0.897,1148
0.898,1124
0.899,1104
0.9,1102
0.901,1095
0.902,1090
0.903,1146
0.904,1187
0.905,1150
0.906,1131
0.907,1144
0.908,1129
0.909,1124
0.91,1200
0.911,1168
0.912,1163
0.913,1129
0.914,1144
0.915,1139
0.916,1142
0.917,1157
0.918,1131
0.919,1104
0.92,1100
0.921,1105
0.922,1107
0.923,1130
0.924,1152
0.925,1108
0.926,1090
0.927,1087
0.928,1095
0.929,1085
0.93,1156
0.931,1135
0.932,1118
0.933,1110
0.934,1120
0.935,1107
0.936,1128
0.937,1197
0.938,1164
0.939,1137
0.94,1131
0.941,1147
0.942,1144
0.943,1203
0.944,1193
0.945,1163
0.946,1158
0.947,1171
0.948,1170
0.949,1164
0.95,1212
0.951,1184
0.952,1160
0.953,1154
0.954,1145
0.955,1139
0.956,1139
0.957,1156
0.958,1129
0.959,1105
0.96,1106
0.961,1111
0.962,1116
0.963,1146
0.964,1145
0.965,1120
0.966,1112
0.967,1105
0.968,1122
0.969,1098
0.97,1156
0.971,1132
0.972,1126
0.973,1095
0.974,1082
0.975,1083
0.976,1091
0.977,1155
0.978,1135
0.979,1115
0.98,1105
0.981,1140
0.982,1121
0.983,1161
0.984,1150
0.985,1143
0.986,1097
0.987,1120
0.988,1100
0.989,1101
0.99,1145
0.991,1137
0.992,1128
0.993,1104
0.994,1108
0.995,1107
0.996,1134
0.997,1199
0.998,1164
0.999,1139
