0.0,1280
0.01,1322
0.02,1352
0.03,1355
0.04,1320
0.05,1310
0.06,1315
0.07,1326
0.08,1306
0.09,1344
0.1,1272
0.11,1326
0.12,1345
0.13,1333
0.14,1312
0.15,1297
0.16,1299
0.17,1310
0.18,1302
0.19,1273
0.2,1257
0.21,1304
0.22,1313
0.23,1308
0.24,1292
0.25,1281
0.26,1278
0.27,1289
0.28,1284
0.29,1267
0.3,1239
0.31,1295
0.32,1309
0.33,1313
0.34,1296
0.35,1281
0.36,1267
0.37,1285
0.38,1288
0.39,1266
0.4,1249
0.41,1296
0.42,1332
0.43,1340
0.44,1326
0.45,1312
0.46,1274
0.47,1289
0.48,1316
0.49,1304
0.5,1287
0.51,1280
0.52,1314
0.53,1342
0.54,1348
0.55,1317
0.56,1304
0.57,1310
0.58,1343
0.59,1340
0.6,1318
0.61,1298
0.62,1357
0.63,1391
0.64,1416
0.65,1396
0.66,1380
0.67,1371
0.68,1386
0.69,1400
0.7,1388
0.71,1372
0.72,1367
0.73,1403
0.74,1424
0.75,1410
0.76,1395
0.77,1380
0.78,1383
0.79,1397
0.8,1387
0.81,1364
0.82,1341
0.83,1391
0.84,1407
0.85,1408
0.86,1385
0.87,1368
0.88,1354
0.89,1376
0.9,1376
0.91,1384
0.92,1316
0.93,1379
0.94,1412
0.95,1413
0.96,1396
0.97,1384
0.98,1408
0.99,1392
1.0,1385
1.01,1438
1.02,1455
1.03,1541
1.04,1536
1.05,1573
1.06,1566
1.07,1540
1.08,1543
1.09,1465
1.1,1458
1.11,1404
1.12,1419
1.13,1434
1.14,1464
1.15,1459
1.16,1424
1.17,1421
1.18,1439
1.19,1485
1.2,1527
1.21,1470
1.22,1460
1.23,1563
1.24,1625
1.25,1628
1.26,1602
1.27,1575
1.28,1592
1.29,1647
1.3,1683
1.31,1656
1.32,1663
1.33,1712
1.34,1786
1.35,1778
1.36,1747
1.37,1739
1.38,1769
1.39,1808
1.4,1797
1.41,1772
1.42,1787
1.43,1788
1.44,1812
1.45,1794
1.46,1765
1.47,1746
1.48,1784
1.49,1878
1.5,1839
1.51,1818
1.52,1810
1.53,1863
1.54,1912
1.55,1919
1.56,1864
1.57,1823
1.58,1849
1.59,1908
1.6,1944
1.61,1862
1.62,1842
1.63,1890
1.64,2013
1.65,1988
1.66,1918
1.67,1877
1.68,1844
1.69,1856
1.7,1809
1.71,1809
1.72,1828
1.73,1863
1.74,1902
1.75,1864
1.76,1882
1.77,1820
1.78,1870
1.79,1906
1.8,1920
1.81,1849
1.82,1952
1.83,1991
1.84,2015
1.85,1949
1.86,1928
1.87,1943
1.88,2147
1.89,2187
1.9,2176
1.91,2111
1.92,2196
1.93,2239
1.94,2180
1.95,2142
1.96,2147
1.97,2197
1.98,2338
1.99,2324
2.0,2256
2.01,2336
2.02,2359
2.03,2431
2.04,2356
2.05,2316
2.06,2360
2.07,2370
2.08,2327
2.09,2287
2.1,2288
2.11,2342
2.12,2394
2.13,2448
2.14,2364
2.15,2311
2.16,2372
2.17,2437
2.18,2459
2.19,2411
2.2,2408
2.21,2424
2.22,2450
2.23,2415
2.24,2364
2.25,2332
2.26,2366
2.27,2412
2.28,2364
2.29,2320
2.3,2392
2.31,2431
2.32,2431
2.33,2380
2.34,2336
2.35,2326
2.36,2508
2.37,2532
2.38,2482
2.39,2462
2.4,2476
2.41,2519
2.42,2528
2.43,2498
2.44,2456
2.45,2421
2.46,2600
2.47,2586
2.48,2533
2.49,2485
2.5,2559
2.51,2560
2.52,2544
2.53,2537
2.54,2468
2.55,2544
2.56,2614
2.57,2560
2.58,2519
2.59,2492
2.6,2600
2.61,2567
2.62,2568
2.63,2520
2.64,2461
2.65,2474
2.66,2670
2.67,2601
2.68,2571
2.69,2525
2.7,2667
2.71,2736
2.72,2693
2.73,2639
2.74,2593
2.75,2613
2.76,2830
2.77,2890
2.78,2847
2.79,2776
2.8,2863
2.81,2864
2.82,2806
2.83,2775
2.84,2724
2.85,2855
2.86,2924
2.87,2874
2.88,2819
2.89,2855
2.9,2943
2.91,2944
2.92,2858
2.93,2804
2.94,2799
2.95,2943
2.96,2948
2.97,2903
2.98,2844
2.99,2950
3.0,2995
3.01,3087
3.02,2967
3.03,2917
3.04,2952
3.05,3088
3.06,3072
3.07,3016
3.08,2976
3.09,3112
3.1,3165
3.11,3128
3.12,3063
3.13,3003
3.14,3005
3.15,3048
3.16,3024
3.17,2962
3.18,2916
3.19,3012
3.2,3033
3.21,3016
3.22,2951
3.23,2886
3.24,2884
3.25,2993
3.26,3000
3.27,2948
3.28,2907
3.29,2940
3.3,2984
3.31,2896
3.32,2840
3.33,2788
3.34,2773
3.35,2823
3.36,2794
3.37,2756
3.38,2705
3.39,2815
3.4,2799
3.41,2776
3.42,2735
3.43,2720
3.44,2739
3.45,2875
3.46,2796
3.47,2720
3.48,2712
3.49,2751
3.5,2832
3.51,2840
3.52,2767
3.53,2722
3.54,2759
3.55,2783
3.56,2735
3.57,2708
3.58,2728
3.59,2754
3.6,2804
3.61,2815
3.62,2720
3.63,2682
3.64,2783
3.65,2802
3.66,2795
3.67,2783
3.68,2787
3.69,2928
3.7,2956
3.71,2960
3.72,2840
3.73,2880
3.74,3010
3.75,3054
3.76,3009
3.77,2984
3.78,3056
3.79,3139
3.8,3120
3.81,3048
3.82,3002
3.83,3008
3.84,3278
3.85,3280
3.86,3240
3.87,3221
3.88,3244
3.89,3321
3.9,3274
3.91,3223
3.92,3184
3.93,3239
3.94,3316
3.95,3262
3.96,3248
3.97,3208
3.98,3278
3.99,3321
4.0,3279
4.01,3222
4.02,3164
4.03,3295
4.04,3350
4.05,3316
4.06,3276
4.07,3370
4.08,3379
4.09,3439
4.1,3369
4.11,3309
4.12,3329
4.13,3456
4.14,3484
4.15,3449
4.16,3391
4.17,3450
4.18,3496
4.19,3495
4.2,3472
4.21,3382
4.22,3373
4.23,3507
4.24,3488
4.25,3440
4.26,3401
4.27,3446
4.28,3528
4.29,3519
4.3,3472
4.31,3387
4.32,3376
4.33,3482
4.34,3516
4.35,3493
4.36,3459
4.37,3489
4.38,3524
4.39,3527
4.4,3448
4.41,3384
4.42,3352
4.43,3533
4.44,3572
4.45,3524
4.46,3551
4.47,3552
4.48,3648
4.49,3600
4.5,3536
4.51,3499
4.52,3648
4.53,3592
4.54,3552
4.55,3519
4.56,3591
4.57,3653
4.58,3622
4.59,3544
4.6,3579
4.61,3561
4.62,3563
4.63,3540
4.64,3508
4.65,3527
4.66,3614
4.67,3664
4.68,3624
4.69,3568
4.7,3518
4.71,3759
4.72,3799
4.73,3847
4.74,3715
4.75,3766
4.76,3824
4.77,3748
4.78,3699
4.79,3629
4.8,3631
4.81,3751
4.82,3820
4.83,3681
4.84,3703
4.85,3734
4.86,3900
4.87,3748
4.88,3678
4.89,3659
4.9,3824
4.91,3920
4.92,3888
4.93,3826
4.94,3904
4.95,3924
4.96,3935
4.97,3952
4.98,3820
4.99,3860
5.0,3888
5.01,3878
5.02,3795
5.03,3818
5.04,3820
5.05,3887
5.06,3824
5.07,3752
5.08,3692
5.09,3736
5.1,3848
5.11,3821
5.12,3788
5.13,3839
5.14,3912
5.15,3936
5.16,3967
5.17,3840
5.18,3759
5.19,3924
5.2,3935
5.21,3933
5.22,3936
5.23,3928
5.24,3935
5.25,3936
5.26,3928
5.27,3936
5.28,3935
5.29,3999
5.3,3880
5.31,3935
5.32,3935
5.33,3967
5.34,3841
5.35,3847
5.36,4019
5.37,3935
5.38,3913
5.39,3940
5.4,3950
5.41,3935
5.42,3927
5.43,3904
5.44,3993
5.45,3856
5.46,3967
5.47,3875
5.48,3872
5.49,3848
5.5,3900
5.51,3848
5.52,3887
5.53,3872
5.54,3828
5.55,3780
5.56,3736
5.57,3679
5.58,3657
5.59,3672
5.6,3640
5.61,3599
5.62,3554
5.63,3562
5.64,3556
5.65,3551
5.66,3503
5.67,3441
5.68,3471
5.69,3506
5.7,3502
5.71,3468
5.72,3337
5.73,3359
5.74,3382
5.75,3399
5.76,3337
5.77,3296
5.78,3252
5.79,3263
5.8,3294
5.81,3260
5.82,3255
5.83,3178
5.84,3243
5.85,3264
5.86,3212
5.87,3159
5.88,3112
5.89,3160
5.9,3168
5.91,3140
5.92,3112
5.93,3129
5.94,3129
5.95,3192
5.96,3169
5.97,3112
5.98,3068
5.99,3100
6.0,3170
6.01,3115
6.02,3090
6.03,3168
6.04,3144
6.05,3208
6.06,3184
6.07,3128
6.08,3084
6.09,3166
6.1,3225
6.11,3206
6.12,3248
6.13,3196
6.14,3268
6.15,3359
6.16,3284
6.17,3215
6.18,3176
6.19,3296
6.2,3372
6.21,3376
6.22,3305
6.23,3376
6.24,3416
6.25,3408
6.26,3371
6.27,3280
6.28,3342
6.29,3508
6.3,3544
6.31,3577
6.32,3459
6.33,3483
6.34,3668
6.35,3553
6.36,3476
6.37,3424
6.38,3487
6.39,3681
6.4,3674
6.41,3603
6.42,3568
6.43,3599
6.44,3647
6.45,3596
6.46,3515
6.47,3459
6.48,3533
6.49,3569
6.5,3524
6.51,3472
6.52,3446
6.53,3612
6.54,3584
6.55,3538
6.56,3471
6.57,3400
6.58,3470
6.59,3497
6.6,3432
6.61,3355
6.62,3348
6.63,3396
6.64,3439
6.65,3392
6.66,3316
6.67,3246
6.68,3243
6.69,3294
6.7,3276
6.71,3212
6.72,3163
6.73,3199
6.74,3199
6.75,3208
6.76,3119
6.77,2994
6.78,3008
6.79,3017
6.8,2984
6.81,3007
6.82,2898
6.83,2930
6.84,2972
6.85,2944
6.86,2887
6.87,2812
6.88,2827
6.89,2918
6.9,2872
6.91,2809
6.92,2791
6.93,2879
6.94,2900
6.95,2864
6.96,2808
6.97,2786
6.98,2830
6.99,3009
7.0,2994
7.01,2927
7.02,2975
7.03,3072
7.04,3199
7.05,3108
7.06,3064
7.07,3036
7.08,3108
7.09,3218
7.1,3166
7.11,3087
7.12,3157
7.13,3152
7.14,3164
7.15,3112
7.16,3087
7.17,3012
7.18,3059
7.19,3141
7.2,3167
7.21,3028
7.22,3081
7.23,3152
7.24,3136
7.25,3048
7.26,3002
7.27,2972
7.28,3062
7.29,3136
7.3,3104
7.31,3022
7.32,3100
7.33,3169
7.34,3224
7.35,3178
7.36,3207
7.37,3091
7.38,3191
7.39,3268
7.4,3226
7.41,3179
7.42,3236
7.43,3286
7.44,3300
7.45,3216
7.46,3158
7.47,3168
7.48,3391
7.49,3313
7.5,3220
7.51,3183
7.52,3307
7.53,3317
7.54,3344
7.55,3356
7.56,3236
7.57,3224
7.58,3344
7.59,3318
7.6,3222
7.61,3159
7.62,3285
7.63,3323
7.64,3316
7.65,3244
7.66,3208
7.67,3326
7.68,3396
7.69,3471
7.7,3320
7.71,3297
7.72,3374
7.73,3370
7.74,3312
7.75,3251
7.76,3264
7.77,3231
7.78,3337
7.79,3316
7.8,3324
7.81,3235
7.82,3284
7.83,3340
7.84,3284
7.85,3224
7.86,3200
7.87,3250
7.88,3320
7.89,3257
7.9,3228
7.91,3176
7.92,3220
7.93,3223
7.94,3186
7.95,3116
7.96,3099
7.97,3168
7.98,3251
7.99,3176
8.0,3160
8.01,3168
8.02,3224
8.03,3223
8.04,3194
8.05,3149
8.06,3130
8.07,3215
8.08,3311
8.09,3224
8.1,3160
8.11,3180
8.12,3289
8.13,3335
8.14,3328
8.15,3222
8.16,3262
8.17,3312
8.18,3324
8.19,3196
8.2,3156
8.21,3216
8.22,3327
8.23,3359
8.24,3258
8.25,3200
8.26,3167
8.27,3196
8.28,3275
8.29,3163
8.3,3169
8.31,3116
8.32,3240
8.33,3172
8.34,3144
8.35,3104
8.36,3071
8.37,3062
8.38,3071
8.39,3032
8.4,2978
8.41,2936
8.42,2996
8.43,2980
8.44,2938
8.45,2914
8.46,2906
8.47,2868
8.48,2863
8.49,2816
8.5,2780
8.51,2754
8.52,2840
8.53,2816
8.54,2778
8.55,2758
8.56,2756
8.57,2740
8.58,2714
8.59,2684
8.6,2647
8.61,2616
8.62,2705
8.63,2670
8.64,2640
8.65,2612
8.66,2611
8.67,2586
8.68,2576
8.69,2552
8.7,2524
8.71,2528
8.72,2614
8.73,2608
8.74,2579
8.75,2566
8.76,2592
8.77,2560
8.78,2516
8.79,2483
8.8,2472
8.81,2428
8.82,2524
8.83,2560
8.84,2509
8.85,2484
8.86,2496
8.87,2505
8.88,2560
8.89,2560
8.9,2503
8.91,2571
8.92,2604
8.93,2608
8.94,2586
8.95,2588
8.96,2599
8.97,2701
8.98,2720
8.99,2676
9.0,2688
9.01,2870
9.02,2892
9.03,2861
9.04,2880
9.05,2866
9.06,2893
9.07,2916
9.08,2853
9.09,2880
9.1,2940
9.11,3019
9.12,3060
9.13,3000
9.14,2996
9.15,2980
9.16,3099
9.17,3048
9.18,2998
9.19,2991
9.2,3127
9.21,3168
9.22,3104
9.23,3071
9.24,3136
9.25,3056
9.26,3103
9.27,3064
9.28,2997
9.29,3119
9.3,3139
9.31,3096
9.32,3066
9.33,3052
9.34,3040
9.35,3124
9.36,3044
9.37,3007
9.38,2979
9.39,3092
9.4,3088
9.41,3056
9.42,3027
9.43,3030
9.44,3012
9.45,2972
9.46,2933
9.47,2944
9.48,2962
9.49,3009
9.5,2996
9.51,2960
9.52,3016
9.53,2949
9.54,2967
9.55,2951
9.56,2900
9.57,2927
9.58,2951
9.59,3032
9.6,3039
9.61,3005
9.62,3056
9.63,2976
9.64,3131
9.65,3088
9.66,3021
9.67,2988
9.68,3093
9.69,3111
9.7,3224
9.71,3104
9.72,3065
9.73,3060
9.74,3168
9.75,3104
9.76,3045
9.77,3060
9.78,3160
9.79,3144
9.8,3163
9.81,3132
9.82,3244
9.83,3231
9.84,3183
9.85,3231
9.86,3262
9.87,3216
9.88,3172
9.89,3168
9.9,3223
9.91,3268
9.92,3208
9.93,3167
9.94,3336
9.95,3349
9.96,3364
9.97,3279
9.98,3360
9.99,3442
