0.0,698
0.001,696
0.002,698
0.003,678
0.004,693
0.005,711
0.006,693
0.007,670
0.008,671
0.009,669
0.01,673
0.011,696
0.012,701
0.013,682
0.014,662
0.015,662
0.016,662
0.017,666
0.018,690
0.019,706
0.02,673
0.021,656
0.022,663
0.023,659
0.024,654
0.025,684
0.026,679
0.027,660
0.028,649
0.029,648
0.03,642
0.031,635
0.032,677
0.033,662
0.034,648
0.035,639
0.036,645
0.037,648
0.038,648
0.039,670
0.04,655
0.041,633
0.042,644
0.043,644
0.044,638
0.045,684
0.046,685
0.047,664
0.048,650
0.049,658
0.05,657
0.051,671
0.052,669
0.053,677
0.054,659
0.055,648
0.056,658
0.057,648
0.058,644
0.059,674
0.06,686
0.061,658
0.062,660
0.063,671
0.064,665
0.065,671
0.066,715
0.067,702
0.068,696
0.069,690
0.07,693
0.071,684
0.072,694
0.073,731
0.074,724
0.075,696
0.076,706
0.077,708
0.078,714
0.079,730
0.08,740
0.081,731
0.082,705
0.083,728
0.084,729
0.085,710
0.086,741
0.087,746
0.088,751
0.089,714
0.09,744
0.091,723
0.092,709
0.093,750
0.094,747
0.095,721
0.096,732
0.097,736
0.098,721
0.099,717
0.1,752
0.101,739
0.102,710
0.103,719
0.104,728
0.105,712
0.106,724
0.107,768
0.108,730
0.109,713
0.11,723
0.111,719
0.112,701
0.113,736
0.114,740
0.115,722
0.116,708
0.117,748
0.118,738
0.119,726
0.12,750
0.121,756
0.122,744
0.123,742
0.124,758
0.125,765
0.126,728
0.127,755
0.128,757
0.129,735
0.13,730
0.131,755
0.132,727
0.133,707
0.134,767
0.135,755
0.136,729
0.137,753
0.138,760
0.139,743
0.14,748
0.141,789
0.142,784
0.143,743
0.144,757
0.145,755
0.146,737
0.147,790
0.148,792
0.149,781
0.15,777
0.151,799
0.152,781
0.153,755
0.154,792
0.155,797
0.156,784
0.157,768
0.158,805
0.159,791
0.16,785
0.161,803
0.162,808
0.163,788
0.164,792
0.165,818
0.166,810
0.167,777
0.168,834
0.169,848
0.17,826
0.171,833
0.172,842
0.173,824
0.174,808
0.175,842
0.176,857
0.177,814
0.178,831
0.179,808
0.18,796
0.181,821
0.182,823
0.183,823
0.184,808
0.185,827
0.186,816
0.187,787
0.188,806
0.189,829
0.19,816
0.191,795
0.192,814
0.193,796
0.194,776
0.195,832
0.196,836
0.197,883
0.198,875
0.199,888
0.2,879
0.201,851
0.202,871
0.203,873
0.204,873
0.205,883
0.206,879
0.207,853
0.208,854
0.209,884
0.21,889
0.211,891
0.212,913
0.213,911
0.214,883
0.215,905
0.216,911
0.217,906
0.218,903
0.219,913
0.22,903
0.221,904
0.222,927
0.223,928
0.224,909
0.225,906
0.226,928
0.227,913
0.228,889
0.229,912
0.23,927
0.231,906
0.232,903
0.233,916
0.234,905
0.235,909
0.236,935
0.237,933
0.238,931
0.239,948
0.24,943
0.241,923
0.242,930
0.243,950
0.244,941
0.245,918
0.246,935
0.247,929
0.248,919
0.249,932
0.25,936
0.251,941
0.252,936
0.253,947
0.254,944
0.255,904
0.256,906
0.257,952
0.258,964
0.259,956
0.26,975
0.261,950
0.262,932
0.263,944
0.264,976
0.265,978
0.266,992
0.267,1010
0.268,978
0.269,948
0.27,968
0.271,963
0.272,970
0.273,968
0.274,997
0.275,972
0.276,956
0.277,969
0.278,972
0.279,971
0.28,996
0.281,985
0.282,964
0.283,984
0.284,987
0.285,989
0.286,990
0.287,1027
0.288,1007
0.289,989
0.29,1019
0.291,1036
0.292,1056
0.293,1072
0.294,1082
0.295,1084
0.296,1065
0.297,1083
0.298,1094
0.299,1102
0.3,1075
0.301,1103
0.302,1088
0.303,1072
0.304,1084
0.305,1096
0.306,1103
0.307,1107
0.308,1116
0.309,1095
0.31,1078
0.311,1113
0.312,1128
0.313,1138
0.314,1172
0.315,1174
0.316,1177
0.317,1168
0.318,1191
0.319,1201
0.32,1203
0.321,1203
0.322,1190
0.323,1232
0.324,1247
0.325,1263
0.326,1279
0.327,1292
0.328,1335
0.329,1294
0.33,1304
0.331,1304
0.332,1362
0.333,1357
0.334,1354
0.335,1404
0.336,1386
0.337,1364
0.338,1404
0.339,1384
0.34,1381
0.341,1399
0.342,1432
0.343,1448
0.344,1434
0.345,1437
0.346,1444
0.347,1452
0.348,1483
0.349,1475
0.35,1455
0.351,1472
0.352,1487
0.353,1486
0.354,1470
0.355,1528
0.356,1536
0.357,1543
0.358,1535
0.359,1547
0.36,1556
0.361,1531
0.362,1516
0.363,1519
0.364,1529
0.365,1564
0.366,1594
0.367,1618
0.368,1613
0.369,1656
0.37,1677
0.371,1684
0.372,1658
0.373,1671
0.374,1724
0.375,1728
0.376,1743
0.377,1728
0.378,1739
0.379,1740
0.38,1772
0.381,1767
0.382,1816
0.383,1837
0.384,1849
0.385,1822
0.386,1835
0.387,1851
0.388,1920
0.389,1961
0.39,1932
0.391,1960
0.392,1988
0.393,2000
0.394,2028
0.395,2027
0.396,2041
0.397,2027
0.398,2032
0.399,2008
0.4,2049
0.401,2093
0.402,2100
0.403,2135
0.404,2090
0.405,2186
0.406,2164
0.407,2192
0.408,2179
0.409,2181
0.41,2188
0.411,2220
0.412,2164
0.413,2146
0.414,2204
0.415,2268
0.416,2294
0.417,2283
0.418,2280
0.419,2251
0.42,2280
0.421,2290
0.422,2281
0.423,2299
0.424,2307
0.425,2316
0.426,2271
0.427,2300
0.428,2346
0.429,2373
0.43,2398
0.431,2386
0.432,2407
0.433,2392
0.434,2420
0.435,2456
0.436,2454
0.437,2505
0.438,2572
0.439,2555
0.44,2501
0.441,2460
0.442,2521
0.443,2538
0.444,2522
0.445,2548
0.446,2544
0.447,2473
0.448,2495
0.449,2474
0.45,2560
0.451,2529
0.452,2554
0.453,2576
0.454,2566
0.455,2600
0.456,2603
0.457,2609
0.458,2601
0.459,2668
0.46,2624
0.461,2570
0.462,2632
0.463,2666
0.464,2753
0.465,2669
0.466,2714
0.467,2690
0.468,2706
0.469,2748
0.47,2768
0.471,2767
0.472,2713
0.473,2648
0.474,2596
0.475,2605
0.476,2599
0.477,2628
0.478,2687
0.479,2641
0.48,2615
0.481,2582
0.482,2595
0.483,2623
0.484,2669
0.485,2625
0.486,2644
0.487,2620
0.488,2551
0.489,2606
0.49,2678
0.491,2664
0.492,2636
0.493,2616
0.494,2611
0.495,2603
0.496,2672
0.497,2702
0.498,2680
0.499,2696
0.5,2703
0.501,2681
0.502,2697
0.503,2670
0.504,2697
0.505,2767
0.506,2716
0.507,2729
0.508,2719
0.509,2674
0.51,2656
0.511,2684
0.512,2666
0.513,2633
0.514,2673
0.515,2649
0.516,2610
0.517,2623
0.518,2596
0.519,2567
0.52,2563
0.521,2585
0.522,2640
0.523,2580
0.524,2559
0.525,2624
0.526,2576
0.527,2566
0.528,2521
0.529,2555
0.53,2592
0.531,2561
0.532,2616
0.533,2588
0.534,2565
0.535,2545
0.536,2593
0.537,2596
0.538,2573
0.539,2552
0.54,2507
0.541,2539
0.542,2506
0.543,2508
0.544,2519
0.545,2559
0.546,2540
0.547,2531
0.548,2514
0.549,2481
0.55,2532
0.551,2516
0.552,2559
0.553,2572
0.554,2517
0.555,2576
0.556,2545
0.557,2584
0.558,2550
0.559,2560
0.56,2497
0.561,2551
0.562,2584
0.563,2608
0.564,2656
0.565,2639
0.566,2570
0.567,2551
0.568,2565
0.569,2561
0.57,2568
0.571,2564
0.572,2570
0.573,2606
0.574,2563
0.575,2552
0.576,2527
0.577,2548
0.578,2543
0.579,2524
0.58,2527
0.581,2493
0.582,2460
0.583,2427
0.584,2478
0.585,2457
0.586,2481
0.587,2458
0.588,2445
0.589,2433
0.59,2342
0.591,2436
0.592,2443
0.593,2446
0.594,2402
0.595,2363
0.596,2332
0.597,2363
0.598,2359
0.599,2336
0.6,2329
0.601,2317
0.602,2327
0.603,2277
0.604,2241
0.605,2260
0.606,2336
0.607,2372
0.608,2315
0.609,2296
0.61,2272
0.611,2252
0.612,2292
0.613,2288
0.614,2256
0.615,2278
0.616,2243
0.617,2226
0.618,2264
0.619,2249
0.62,2247
0.621,2216
0.622,2227
0.623,2239
0.624,2220
0.625,2225
0.626,2238
0.627,2248
0.628,2259
0.629,2222
0.63,2201
0.631,2239
0.632,2252
0.633,2249
0.634,2266
0.635,2264
0.636,2280
0.637,2256
0.638,2271
0.639,2261
0.64,2241
0.641,2277
0.642,2233
0.643,2220
0.644,2182
0.645,2227
0.646,2240
0.647,2210
0.648,2208
0.649,2208
0.65,2175
0.651,2174
0.652,2206
0.653,2192
0.654,2211
0.655,2200
0.656,2192
0.657,2151
0.658,2191
0.659,2173
0.66,2180
0.661,2191
0.662,2138
0.663,2123
0.664,2144
0.665,2100
0.666,2115
0.667,2120
0.668,2160
0.669,2144
0.67,2136
0.671,2137
0.672,2142
0.673,2156
0.674,2175
0.675,2157
0.676,2143
0.677,2133
0.678,2105
0.679,2105
0.68,2122
0.681,2148
0.682,2148
0.683,2131
0.684,2121
0.685,2092
0.686,2128
0.687,2140
0.688,2118
0.689,2101
0.69,2082
0.691,2068
0.692,2072
0.693,2068
0.694,2075
0.695,2070
0.696,2059
0.697,2046
0.698,2022
0.699,2032
0.7,2037
0.701,2035
0.702,2056
0.703,2048
0.704,2048
0.705,1990
0.706,2001
0.707,2005
0.708,2008
0.709,2014
0.71,2008
0.711,1977
0.712,1955
0.713,1984
0.714,2000
0.715,1970
0.716,1945
0.717,1918
0.718,1895
0.719,1908
0.72,1928
0.721,1906
0.722,1935
0.723,1891
0.724,1903
0.725,1864
0.726,1892
0.727,1859
0.728,1853
0.729,1859
0.73,1840
0.731,1804
0.732,1786
0.733,1792
0.734,1774
0.735,1788
0.736,1792
0.737,1748
0.738,1734
0.739,1722
0.74,1707
0.741,1696
0.742,1696
0.743,1710
0.744,1712
0.745,1681
0.746,1680
0.747,1684
0.748,1649
0.749,1662
0.75,1631
0.751,1604
0.752,1597
0.753,1604
0.754,1608
0.755,1575
0.756,1589
0.757,1548
0.758,1521
0.759,1524
0.76,1505
0.761,1506
0.762,1475
0.763,1504
0.764,1504
0.765,1463
0.766,1477
0.767,1466
0.768,1474
0.769,1446
0.77,1456
0.771,1444
0.772,1393
0.773,1406
0.774,1404
0.775,1392
0.776,1375
0.777,1371
0.778,1327
0.779,1319
0.78,1318
0.781,1304
0.782,1288
0.783,1291
0.784,1283
0.785,1245
0.786,1246
0.787,1269
0.788,1271
0.789,1239
0.79,1252
0.791,1235
0.792,1210
0.793,1224
0.794,1224
0.795,1219
0.796,1205
0.797,1221
0.798,1182
0.799,1148
0.8,1159
0.801,1156
0.802,1140
0.803,1137
0.804,1152
0.805,1117
0.806,1088
0.807,1107
0.808,1103
0.809,1092
0.81,1095
0.811,1110
0.812,1083
0.813,1051
0.814,1098
0.815,1094
0.816,1099
0.817,1092
0.818,1080
0.819,1059
0.82,1048
0.821,1077
0.822,1062
0.823,1036
0.824,1038
0.825,1025
0.826,1002
0.827,1016
0.828,1023
0.829,1021
0.83,1002
0.831,1024
0.832,1023
0.833,988
0.834,1003
0.835,1012
0.836,978
0.837,967
0.838,979
0.839,951
0.84,922
0.841,938
0.842,929
0.843,913
0.844,914
0.845,921
0.846,889
0.847,870
0.848,921
0.849,898
0.85,886
0.851,897
0.852,884
0.853,860
0.854,872
0.855,876
0.856,859
0.857,856
0.858,854
0.859,854
0.86,832
0.861,861
0.862,867
0.863,847
0.864,828
0.865,863
0.866,859
0.867,841
0.868,876
0.869,864
0.87,845
0.871,834
0.872,853
0.873,839
0.874,836
0.875,892
0.876,896
0.877,869
0.878,881
0.879,896
0.88,868
0.881,852
0.882,935
0.883,928
0.884,877
0.885,896
0.886,890
0.887,869
0.888,900
0.889,915
0.89,898
0.891,887
0.892,894
0.893,887
0.894,869
0.895,887
0.896,880
0.897,860
0.898,845
0.899,863
0.9,845
0.901,847
0.902,867
0.903,864
0.904,839
0.905,824
0.906,827
0.907,818
0.908,802
0.909,829
0.91,811
0.911,787
0.912,780
0.913,780
0.914,775
0.915,778
0.916,794
0.917,775
0.918,752
0.919,751
0.92,749
0.921,739
0.922,770
0.923,776
0.924,769
0.925,746
0.926,754
0.927,757
0.928,767
0.929,792
0.93,796
0.931,770
0.932,747
0.933,755
0.934,752
0.935,748
0.936,778
0.937,766
0.938,750
0.939,731
0.94,740
0.941,744
0.942,746
0.943,777
0.944,770
0.945,751
0.946,749
0.947,771
0.948,772
0.949,777
0.95,857
0.951,849
0.952,824
0.953,845
0.954,836
0.955,841
0.956,888
0.957,947
0.958,927
0.959,899
0.96,898
0.961,920
0.962,910
0.963,961
0.964,954
0.965,935
0.966,913
0.967,935
0.968,945
0.969,929
0.97,973
0.971,970
0.972,960
0.973,946
0.974,954
0.975,955
0.976,929
0.977,962
0.978,960
0.979,942
0.98,918
0.981,926
0.982,926
0.983,924
0.984,975
0.985,959
0.986,941
0.987,934
0.988,935
0.989,928
0.99,952
0.991,1010
0.992,974
0.993,951
0.994,961
0.995,960
0.996,969
0.997,1020
0.998,999
0.999,978
