0.0,1236
0.01,1222
0.02,1252
0.03,1273
0.04,1264
0.05,1252
0.06,1243
0.07,1231
0.08,1242
0.09,1234
0.1,1212
0.11,1196
0.12,1231
0.13,1241
0.14,1252
0.15,1241
0.16,1239
0.17,1234
0.18,1234
0.19,1242
0.2,1230
0.21,1215
0.22,1206
0.23,1230
0.24,1264
0.25,1240
0.26,1236
0.27,1230
0.28,1230
0.29,1236
0.3,1236
0.31,1222
0.32,1212
0.33,1237
0.34,1245
0.35,1256
0.36,1250
0.37,1238
0.38,1232
0.39,1231
0.4,1241
0.41,1226
0.42,1210
0.43,1196
0.44,1236
0.45,1264
0.46,1279
0.47,1234
0.48,1230
0.49,1259
0.5,1255
0.51,1253
0.52,1278
0.53,1224
0.54,1281
0.55,1292
0.56,1308
0.57,1281
0.58,1273
0.59,1306
0.6,1306
0.61,1313
0.62,1300
0.63,1295
0.64,1353
0.65,1384
0.66,1466
0.67,1470
0.68,1472
0.69,1441
0.7,1469
0.71,1547
0.72,1536
0.73,1472
0.74,1487
0.75,1517
0.76,1548
0.77,1531
0.78,1515
0.79,1565
0.8,1560
0.81,1615
0.82,1611
0.83,1580
0.84,1601
0.85,1644
0.86,1735
0.87,1716
0.88,1738
0.89,1742
0.9,1714
0.91,1768
0.92,1739
0.93,1714
0.94,1728
0.95,1738
0.96,1769
0.97,1760
0.98,1736
0.99,1720
1.0,1723
1.01,1759
1.02,1712
1.03,1712
1.04,1662
1.05,1715
1.06,1796
1.07,1782
1.08,1736
1.09,1724
1.1,1703
1.11,1829
1.12,1861
1.13,1829
1.14,1839
1.15,1840
1.16,1880
1.17,1892
1.18,1848
1.19,1830
1.2,1832
1.21,1859
1.22,1851
1.23,1840
1.24,1791
1.25,1826
1.26,1855
1.27,1842
1.28,1814
1.29,1800
1.3,1792
1.31,1832
1.32,1786
1.33,1756
1.34,1790
1.35,1772
1.36,1769
1.37,1811
1.38,1782
1.39,1768
1.4,1784
1.41,1779
1.42,1781
1.43,1754
1.44,1732
1.45,1761
1.46,1807
1.47,1792
1.48,1736
1.49,1724
1.5,1732
1.51,1735
1.52,1768
1.53,1754
1.54,1722
1.55,1712
1.56,1731
1.57,1756
1.58,1750
1.59,1740
1.6,1767
1.61,1716
1.62,1792
1.63,1760
1.64,1707
1.65,1675
1.66,1719
1.67,1761
1.68,1760
1.69,1740
1.7,1742
1.71,1719
1.72,1792
1.73,1785
1.74,1749
1.75,1724
1.76,1774
1.77,1801
1.78,1807
1.79,1818
1.8,1771
1.81,1757
1.82,1778
1.83,1795
1.84,1754
1.85,1734
1.86,1764
1.87,1780
1.88,1793
1.89,1772
1.9,1754
1.91,1746
1.92,1844
1.93,1828
1.94,1827
1.95,1779
1.96,1837
1.97,1842
1.98,1855
1.99,1821
2.0,1823
2.01,1792
2.02,1881
2.03,1879
2.04,1856
2.05,1851
2.06,1864
2.07,1879
2.08,1875
2.09,1836
2.1,1811
2.11,1800
2.12,1811
2.13,1826
2.14,1792
2.15,1763
2.16,1792
2.17,1810
2.18,1879
2.19,1872
2.2,1849
2.21,1780
2.22,1826
2.23,1848
2.24,1826
2.25,1800
2.26,1819
2.27,1845
2.28,1909
2.29,1861
2.3,1840
2.31,1807
2.32,1839
2.33,1874
2.34,1871
2.35,1872
2.36,1840
2.37,1845
2.38,1908
2.39,1888
2.4,1848
2.41,1829
2.42,1843
2.43,1869
2.44,1866
2.45,1810
2.46,1819
2.47,1841
2.48,1881
2.49,1864
2.5,1878
2.51,1804
2.52,1825
2.53,1894
2.54,1892
2.55,1877
2.56,1862
2.57,1890
2.58,1919
2.59,1893
2.6,1869
2.61,1841
2.62,1845
2.63,1914
2.64,1928
2.65,1950
2.66,1892
2.67,1928
2.68,2007
2.69,1956
2.7,1960
2.71,1951
2.72,1959
2.73,1984
2.74,1952
2.75,1951
2.76,1975
2.77,1994
2.78,2088
2.79,2127
2.8,2107
2.81,2096
2.82,2128
2.83,2195
2.84,2224
2.85,2229
2.86,2265
2.87,2238
2.88,2333
2.89,2372
2.9,2352
2.91,2416
2.92,2389
2.93,2517
2.94,2558
2.95,2624
2.96,2584
2.97,2581
2.98,2719
2.99,2783
3.0,2803
3.01,2858
3.02,2810
3.03,2999
3.04,3036
3.05,2973
3.06,2976
3.07,2999
3.08,3020
3.09,3059
3.1,3056
3.11,3032
3.12,3072
3.13,3084
3.14,3152
3.15,3136
3.16,3108
3.17,3089
3.18,3137
3.19,3216
3.2,3201
3.21,3183
3.22,3186
3.23,3263
3.24,3343
3.25,3372
3.26,3396
3.27,3391
3.28,3343
3.29,3379
3.3,3370
3.31,3380
3.32,3378
3.33,3397
3.34,3440
3.35,3484
3.36,3520
3.37,3551
3.38,3440
3.39,3600
3.4,3468
3.41,3560
3.42,3533
3.43,3460
3.44,3551
3.45,3515
3.46,3535
3.47,3519
3.48,3469
3.49,3594
3.5,3462
3.51,3489
3.52,3557
3.53,3695
3.54,3641
3.55,3617
3.56,3696
3.57,3704
3.58,3623
3.59,3776
3.6,3772
3.61,3772
3.62,3839
3.63,3624
3.64,3655
3.65,3694
3.66,3719
3.67,3732
3.68,3719
3.69,3716
3.7,3783
3.71,3759
3.72,3799
3.73,3740
3.74,3788
3.75,3848
3.76,3894
3.77,3854
3.78,3824
3.79,3855
3.8,3900
3.81,3902
3.82,3916
3.83,3881
3.84,3924
3.85,3920
3.86,3924
3.87,3919
3.88,3927
3.89,3860
3.9,3922
3.91,3932
3.92,3927
3.93,3919
3.94,3927
3.95,3924
3.96,3928
3.97,3924
3.98,3924
3.99,3927
4.0,3920
4.01,3840
4.02,3927
4.03,3924
4.04,3922
4.05,3948
4.06,3927
4.07,3922
4.08,3920
4.09,3925
4.1,3869
4.11,3922
4.12,3904
4.13,3927
4.14,3924
4.15,3925
4.16,3924
4.17,3922
4.18,3919
4.19,3920
4.2,3927
4.21,3921
4.22,3932
4.23,3927
4.24,3923
4.25,3888
4.26,3922
4.27,3926
4.28,3937
4.29,3924
4.3,3928
4.31,3924
4.32,3936
4.33,3935
4.34,3925
4.35,3922
4.36,3916
4.37,3928
4.38,3904
4.39,3925
4.4,3922
4.41,3920
4.42,3925
4.43,3924
4.44,3924
4.45,3927
4.46,3927
4.47,3927
4.48,3927
4.49,3927
4.5,3925
4.51,3877
4.52,3944
4.53,3927
4.54,3924
4.55,3927
4.56,3922
4.57,3925
4.58,3920
4.59,3924
4.6,3963
4.61,3927
4.62,3892
4.63,3920
4.64,3880
4.65,3949
4.66,3928
4.67,3924
4.68,3923
4.69,3840
4.7,3927
4.71,3848
4.72,3951
4.73,3924
4.74,3922
4.75,3840
4.76,3927
4.77,3927
4.78,3924
4.79,3922
4.8,3924
4.81,3918
4.82,3924
4.83,3927
4.84,3924
4.85,3913
4.86,3927
4.87,3926
4.88,3922
4.89,3919
4.9,3855
4.91,3923
4.92,3927
4.93,3924
4.94,3997
4.95,3912
4.96,3968
4.97,3920
4.98,3904
4.99,3920
5.0,3926
5.01,3924
5.02,3924
5.03,3921
5.04,3924
5.05,3924
5.06,3921
5.07,3856
5.08,3925
5.09,3919
5.1,3928
5.11,3923
5.12,3927
5.13,3924
5.14,3936
5.15,3924
5.16,3918
5.17,3912
5.18,3864
5.19,3924
5.2,3935
5.21,3903
5.22,3850
5.23,3912
5.24,3924
5.25,3932
5.26,3895
5.27,3880
5.28,3882
5.29,3924
5.3,3944
5.31,3879
5.32,3831
5.33,3840
5.34,3887
5.35,3897
5.36,3818
5.37,3791
5.38,3879
5.39,3783
5.4,3823
5.41,3714
5.42,3712
5.43,3714
5.44,3764
5.45,3733
5.46,3727
5.47,3723
5.48,3856
5.49,3775
5.5,3722
5.51,3684
5.52,3680
5.53,3748
5.54,3732
5.55,3702
5.56,3672
5.57,3713
5.58,3725
5.59,3689
5.6,3744
5.61,3616
5.62,3668
5.63,3712
5.64,3696
5.65,3656
5.66,3642
5.67,3647
5.68,3700
5.69,3713
5.7,3607
5.71,3571
5.72,3671
5.73,3672
5.74,3640
5.75,3631
5.76,3612
5.77,3631
5.78,3652
5.79,3585
5.8,3552
5.81,3495
5.82,3601
5.83,3624
5.84,3639
5.85,3672
5.86,3536
5.87,3600
5.88,3558
5.89,3520
5.9,3519
5.91,3519
5.92,3640
5.93,3616
5.94,3580
5.95,3568
5.96,3560
5.97,3616
5.98,3524
5.99,3510
6.0,3412
6.01,3520
6.02,3567
6.03,3551
6.04,3486
6.05,3475
6.06,3488
6.07,3526
6.08,3475
6.09,3416
6.1,3374
6.11,3475
6.12,3550
6.13,3473
6.14,3379
6.15,3416
6.16,3412
6.17,3420
6.18,3415
6.19,3304
6.2,3343
6.21,3376
6.22,3354
6.23,3323
6.24,3296
6.25,3324
6.26,3383
6.27,3334
6.28,3284
6.29,3227
6.3,3288
6.31,3343
6.32,3360
6.33,3296
6.34,3271
6.35,3296
6.36,3331
6.37,3272
6.38,3240
6.39,3200
6.4,3232
6.41,3288
6.42,3249
6.43,3214
6.44,3206
6.45,3218
6.46,3244
6.47,3240
6.48,3149
6.49,3137
6.5,3192
6.51,3144
6.52,3112
6.53,3073
6.54,3094
6.55,3112
6.56,3119
6.57,3069
6.58,3020
6.59,2971
6.6,3042
6.61,3143
6.62,3101
6.63,3086
6.64,3120
6.65,3155
6.66,3149
6.67,3087
6.68,3042
6.69,3070
6.7,3074
6.71,3088
6.72,3040
6.73,2984
6.74,2985
6.75,3023
6.76,2992
6.77,3040
6.78,2880
6.79,2933
6.8,2968
6.81,2932
6.82,2915
6.83,2867
6.84,2888
6.85,2864
6.86,2879
6.87,2757
6.88,2708
6.89,2714
6.9,2732
6.91,2699
6.92,2670
6.93,2617
6.94,2688
6.95,2680
6.96,2637
6.97,2628
6.98,2559
6.99,2544
7.0,2592
7.01,2528
7.02,2484
7.03,2486
7.04,2446
7.05,2480
7.06,2508
7.07,2464
7.08,2368
7.09,2376
7.1,2408
7.11,2383
7.12,2335
7.13,2340
7.14,2369
7.15,2360
7.16,2290
7.17,2255
7.18,2256
7.19,2275
7.2,2241
7.21,2204
7.22,2208
7.23,2240
7.24,2312
7.25,2223
7.26,2192
7.27,2172
7.28,2160
7.29,2296
7.3,2228
7.31,2187
7.32,2149
7.33,2193
7.34,2256
7.35,2270
7.36,2240
7.37,2186
7.38,2174
7.39,2206
7.4,2176
7.41,2143
7.42,2106
7.43,2200
7.44,2221
7.45,2199
7.46,2166
7.47,2175
7.48,2200
7.49,2248
7.5,2219
7.51,2212
7.52,2197
7.53,2244
7.54,2296
7.55,2254
7.56,2234
7.57,2211
7.58,2238
7.59,2304
7.6,2272
7.61,2255
7.62,2226
7.63,2273
7.64,2323
7.65,2291
7.66,2328
7.67,2264
7.68,2279
7.69,2363
7.7,2275
7.71,2247
7.72,2228
7.73,2295
7.74,2314
7.75,2282
7.76,2266
7.77,2280
7.78,2268
7.79,2367
7.8,2331
7.81,2292
7.82,2264
7.83,2367
7.84,2416
7.85,2367
7.86,2368
7.87,2329
7.88,2382
7.89,2357
7.9,2326
7.91,2285
7.92,2268
7.93,2372
7.94,2410
7.95,2378
7.96,2362
7.97,2360
7.98,2388
7.99,2495
8.0,2442
8.01,2400
8.02,2375
8.03,2448
8.04,2477
8.05,2472
8.06,2465
8.07,2451
8.08,2449
8.09,2479
8.1,2444
8.11,2415
8.12,2392
8.13,2455
8.14,2439
8.15,2410
8.16,2393
8.17,2388
8.18,2368
8.19,2415
8.2,2381
8.21,2408
8.22,2395
8.23,2402
8.24,2399
8.25,2356
8.26,2356
8.27,2364
8.28,2436
8.29,2404
8.3,2364
8.31,2336
8.32,2392
8.33,2404
8.34,2391
8.35,2376
8.36,2377
8.37,2376
8.38,2420
8.39,2391
8.4,2362
8.41,2336
8.42,2405
8.43,2408
8.44,2384
8.45,2368
8.46,2363
8.47,2349
8.48,2405
8.49,2352
8.5,2341
8.51,2258
8.52,2344
8.53,2331
8.54,2295
8.55,2292
8.56,2288
8.57,2276
8.58,2279
8.59,2264
8.6,2240
8.61,2230
8.62,2271
8.63,2266
8.64,2246
8.65,2242
8.66,2237
8.67,2236
8.68,2211
8.69,2188
8.7,2162
8.71,2147
8.72,2154
8.73,2198
8.74,2181
8.75,2166
8.76,2158
8.77,2159
8.78,2145
8.79,2121
8.8,2112
8.81,2112
8.82,2149
8.83,2141
8.84,2115
8.85,2112
8.86,2116
8.87,2160
8.88,2074
8.89,2052
8.9,2031
8.91,2029
8.92,2079
8.93,2072
8.94,2067
8.95,2076
8.96,2088
8.97,2112
8.98,2133
8.99,2106
9.0,2143
9.01,2239
9.02,2173
9.03,2157
9.04,2191
9.05,2160
9.06,2136
9.07,2175
9.08,2159
9.09,2149
9.1,2149
9.11,2267
9.12,2208
9.13,2194
9.14,2196
9.15,2197
9.16,2195
9.17,2226
9.18,2203
9.19,2190
9.2,2177
9.21,2285
9.22,2272
9.23,2226
9.24,2216
9.25,2221
9.26,2295
9.27,2286
9.28,2208
9.29,2217
9.3,2192
9.31,2281
9.32,2256
9.33,2228
9.34,2255
9.35,2235
9.36,2293
9.37,2292
9.38,2297
9.39,2304
9.4,2243
9.41,2359
9.42,2351
9.43,2310
9.44,2319
9.45,2305
9.46,2296
9.47,2324
9.48,2284
9.49,2264
9.5,2293
9.51,2328
9.52,2320
9.53,2308
9.54,2305
9.55,2314
9.56,2304
9.57,2320
9.58,2294
9.59,2320
9.6,2270
9.61,2346
9.62,2377
9.63,2416
9.64,2348
9.65,2348
9.66,2399
9.67,2385
9.68,2364
9.69,2367
9.7,2335
9.71,2425
9.72,2424
9.73,2420
9.74,2460
9.75,2406
9.76,2407
9.77,2447
9.78,2436
9.79,2429
9.8,2476
9.81,2512
9.82,2513
9.83,2482
9.84,2479
9.85,2546
9.86,2528
9.87,2523
9.88,2544
9.89,2496
9.9,2485
9.91,2596
9.92,2617
9.93,2543
9.94,2535
9.95,2535
9.96,2542
9.97,2596
9.98,2580
9.99,2560
