0.0,1399
0.01,1378
0.02,1391
0.03,1431
0.04,1459
0.05,1463
0.06,1447
0.07,1437
0.08,1402
0.09,1394
0.1,1417
0.11,1405
0.12,1391
0.13,1407
0.14,1411
0.15,1446
0.16,1475
0.17,1439
0.18,1414
0.19,1416
0.2,1478
0.21,1491
0.22,1479
0.23,1497
0.24,1508
0.25,1525
0.26,1529
0.27,1520
0.28,1486
0.29,1482
0.3,1550
0.31,1595
0.32,1589
0.33,1571
0.34,1567
0.35,1661
0.36,1796
0.37,1792
0.38,1736
0.39,1739
0.4,1813
0.41,1844
0.42,1836
0.43,1800
0.44,1835
0.45,1892
0.46,1993
0.47,1975
0.48,1945
0.49,1929
0.5,1973
0.51,2014
0.52,2004
0.53,1948
0.54,1984
0.55,2027
0.56,2065
0.57,2042
0.58,2034
0.59,1984
0.6,2070
0.61,2124
0.62,2100
0.63,2064
0.64,2087
0.65,2146
0.66,2149
0.67,2113
0.68,2099
0.69,2056
0.7,2119
0.71,2156
0.72,2145
0.73,2089
0.74,2143
0.75,2134
0.76,2152
0.77,2144
0.78,2081
0.79,2081
0.8,2100
0.81,2132
0.82,2160
0.83,2088
0.84,2087
0.85,2141
0.86,2208
0.87,2176
0.88,2148
0.89,2095
0.9,2172
0.91,2184
0.92,2150
0.93,2111
0.94,2184
0.95,2158
0.96,2183
0.97,2140
0.98,2097
0.99,2098
1.0,2228
1.01,2324
1.02,2242
1.03,2207
1.04,2288
1.05,2354
1.06,2321
1.07,2281
1.08,2252
1.09,2279
1.1,2412
1.11,2398
1.12,2349
1.13,2313
1.14,2367
1.15,2416
1.16,2368
1.17,2308
1.18,2285
1.19,2392
1.2,2498
1.21,2468
1.22,2413
1.23,2467
1.24,2489
1.25,2560
1.26,2500
1.27,2465
1.28,2437
1.29,2606
1.3,2644
1.31,2590
1.32,2546
1.33,2624
1.34,2680
1.35,2594
1.36,2578
1.37,2566
1.38,2545
1.39,2572
1.4,2534
1.41,2484
1.42,2466
1.43,2596
1.44,2655
1.45,2644
1.46,2604
1.47,2600
1.48,2579
1.49,2656
1.5,2578
1.51,2531
1.52,2515
1.53,2653
1.54,2607
1.55,2572
1.56,2608
1.57,2499
1.58,2531
1.59,2580
1.6,2561
1.61,2520
1.62,2483
1.63,2553
1.64,2615
1.65,2585
1.66,2539
1.67,2514
1.68,2507
1.69,2744
1.7,2767
1.71,2646
1.72,2602
1.73,2672
1.74,2691
1.75,2680
1.76,2630
1.77,2596
1.78,2565
1.79,2657
1.8,2701
1.81,2651
1.82,2615
1.83,2632
1.84,2648
1.85,2688
1.86,2660
1.87,2577
1.88,2560
1.89,2632
1.9,2708
1.91,2671
1.92,2658
1.93,2618
1.94,2668
1.95,2751
1.96,2701
1.97,2656
1.98,2688
1.99,2752
2.0,2778
2.01,2767
2.02,2666
2.03,2762
2.04,2887
2.05,2815
2.06,2777
2.07,2706
2.08,2785
2.09,2807
2.1,2775
2.11,2745
2.12,2775
2.13,2806
2.14,2823
2.15,2832
2.16,2716
2.17,2693
2.18,2879
2.19,2938
2.2,2885
2.21,2908
2.22,2928
2.23,2942
2.24,2882
2.25,2825
2.26,2795
2.27,2977
2.28,3136
2.29,3045
2.3,3080
2.31,3120
2.32,3144
2.33,3025
2.34,2976
2.35,2931
2.36,3054
2.37,3216
2.38,3136
2.39,3093
2.4,3231
2.41,3291
2.42,3198
2.43,3136
2.44,3136
2.45,3191
2.46,3200
2.47,3078
2.48,3056
2.49,3130
2.5,3310
2.51,3313
2.52,3243
2.53,3112
2.54,3160
2.55,3134
2.56,3101
2.57,3069
2.58,3030
2.59,3065
2.6,3068
2.61,3018
2.62,2968
2.63,2916
2.64,2912
2.65,2940
2.66,2905
2.67,2865
2.68,2828
2.69,2848
2.7,2875
2.71,2834
2.72,2800
2.73,2752
2.74,2762
2.75,2788
2.76,2778
2.77,2728
2.78,2719
2.79,2752
2.8,2817
2.81,2754
2.82,2719
2.83,2674
2.84,2772
2.85,2816
2.86,2751
2.87,2730
2.88,2757
2.89,2832
2.9,2823
2.91,2751
2.92,2744
2.93,2874
2.94,2918
2.95,2943
2.96,2896
2.97,2916
2.98,2951
2.99,2944
3.0,2935
3.01,2853
3.02,2944
3.03,2954
3.04,2942
3.05,2943
3.06,3071
3.07,3046
3.08,3033
3.09,2975
3.1,2976
3.11,3224
3.12,3235
3.13,3212
3.14,3263
3.15,3336
3.16,3376
3.17,3334
3.18,3268
3.19,3279
3.2,3462
3.21,3536
3.22,3425
3.23,3424
3.24,3496
3.25,3504
3.26,3467
3.27,3512
3.28,3394
3.29,3545
3.3,3643
3.31,3616
3.32,3583
3.33,3577
3.34,3648
3.35,3603
3.36,3560
3.37,3515
3.38,3590
3.39,3780
3.4,3775
3.41,3712
3.42,3659
3.43,3688
3.44,3787
3.45,3756
3.46,3704
3.47,3647
3.48,3702
3.49,3750
3.5,3765
3.51,3727
3.52,3738
3.53,3785
3.54,3759
3.55,3730
3.56,3686
3.57,3688
3.58,3826
3.59,3846
3.6,3820
3.61,3871
3.62,3929
3.63,3846
3.64,3800
3.65,3753
3.66,3717
3.67,3846
3.68,3894
3.69,3867
3.7,3832
3.71,3836
3.72,3850
3.73,3911
3.74,3882
3.75,3872
3.76,3840
3.77,3993
3.78,3945
3.79,3929
3.8,3941
3.81,3918
3.82,3928
3.83,3928
3.84,3910
3.85,3935
3.86,3853
3.87,3928
3.88,3908
3.89,3928
3.9,3932
3.91,3920
3.92,3932
3.93,3856
3.94,3893
3.95,3878
3.96,3927
3.97,3907
3.98,3840
3.99,3911
4.0,3930
4.01,3926
4.02,3929
4.03,3932
4.04,3928
4.05,3928
4.06,3928
4.07,3922
4.08,3904
4.09,3932
4.1,3931
4.11,3979
4.12,3862
4.13,3800
4.14,3820
4.15,3890
4.16,3858
4.17,3803
4.18,3750
4.19,3774
4.2,3804
4.21,3758
4.22,3711
4.23,3704
4.24,3872
4.25,3840
4.26,3831
4.27,3758
4.28,3792
4.29,3911
4.3,3796
4.31,3776
4.32,3743
4.33,3897
4.34,3914
4.35,3880
4.36,3852
4.37,3856
4.38,3927
4.39,3924
4.4,3878
4.41,3805
4.42,3888
4.43,3967
4.44,3865
4.45,3832
4.46,3952
4.47,3929
4.48,3897
4.49,3810
4.5,3766
4.51,3929
4.52,3927
4.53,3885
4.54,3924
4.55,3840
4.56,3841
4.57,3856
4.58,3936
4.59,3929
4.6,3968
4.61,3932
4.62,3929
4.63,3929
4.64,3891
4.65,3871
4.66,3928
4.67,3931
4.68,3929
4.69,3920
4.7,3928
4.71,3930
4.72,3864
4.73,3773
4.74,3752
4.75,3733
4.76,3680
4.77,3623
4.78,3636
4.79,3656
4.8,3648
4.81,3552
4.82,3469
4.83,3494
4.84,3460
4.85,3416
4.86,3374
4.87,3454
4.88,3424
4.89,3392
4.9,3354
4.91,3280
4.92,3295
4.93,3392
4.94,3355
4.95,3311
4.96,3328
4.97,3362
4.98,3380
4.99,3328
5.0,3349
5.01,3311
5.02,3376
5.03,3374
5.04,3350
5.05,3329
5.06,3460
5.07,3518
5.08,3407
5.09,3388
5.1,3280
5.11,3495
5.12,3543
5.13,3493
5.14,3450
5.15,3518
5.16,3518
5.17,3520
5.18,3480
5.19,3407
5.2,3360
5.21,3489
5.22,3546
5.23,3501
5.24,3448
5.25,3472
5.26,3460
5.27,3486
5.28,3450
5.29,3397
5.3,3419
5.31,3378
5.32,3453
5.33,3319
5.34,3264
5.35,3328
5.36,3413
5.37,3398
5.38,3356
5.39,3266
5.4,3320
5.41,3364
5.42,3350
5.43,3327
5.44,3318
5.45,3346
5.46,3420
5.47,3365
5.48,3302
5.49,3248
5.5,3370
5.51,3455
5.52,3372
5.53,3354
5.54,3380
5.55,3386
5.56,3364
5.57,3268
5.58,3210
5.59,3319
5.6,3406
5.61,3391
5.62,3309
5.63,3424
5.64,3423
5.65,3350
5.66,3282
5.67,3230
5.68,3421
5.69,3441
5.7,3471
5.71,3343
5.72,3424
5.73,3397
5.74,3396
5.75,3334
5.76,3324
5.77,3280
5.78,3288
5.79,3290
5.8,3245
5.81,3200
5.82,3203
5.83,3224
5.84,3215
5.85,3156
5.86,3087
5.87,3030
5.88,3065
5.89,3111
5.9,3077
5.91,3032
5.92,3008
5.93,3007
5.94,2993
5.95,2943
5.96,2904
5.97,2855
5.98,2864
5.99,2860
6.0,2827
6.01,2777
6.02,2784
6.03,2789
6.04,2838
6.05,2703
6.06,2640
6.07,2634
6.08,2638
6.09,2618
6.1,2589
6.11,2623
6.12,2626
6.13,2612
6.14,2560
6.15,2506
6.16,2472
6.17,2560
6.18,2528
6.19,2499
6.2,2467
6.21,2560
6.22,2720
6.23,2623
6.24,2572
6.25,2532
6.26,2583
6.27,2583
6.28,2557
6.29,2545
6.3,2608
6.31,2623
6.32,2654
6.33,2607
6.34,2562
6.35,2527
6.36,2638
6.37,2686
6.38,2669
6.39,2636
6.4,2692
6.41,2724
6.42,2767
6.43,2762
6.44,2704
6.45,2671
6.46,2742
6.47,2734
6.48,2704
6.49,2658
6.5,2709
6.51,2712
6.52,2664
6.53,2613
6.54,2679
6.55,2816
6.56,2714
6.57,2676
6.58,2768
6.59,2791
6.6,2783
6.61,2760
6.62,2674
6.63,2783
6.64,2909
6.65,2815
6.66,2752
6.67,2800
6.68,2836
6.69,2812
6.7,2816
6.71,2736
6.72,2770
6.73,2884
6.74,2860
6.75,2807
6.76,2795
6.77,2857
6.78,2888
6.79,2837
6.8,2782
6.81,2733
6.82,2768
6.83,2818
6.84,2775
6.85,2744
6.86,2746
6.87,2769
6.88,2798
6.89,2727
6.9,2658
6.91,2655
6.92,2657
6.93,2666
6.94,2609
6.95,2551
6.96,2570
6.97,2623
6.98,2559
6.99,2475
7.0,2440
7.01,2485
7.02,2494
7.03,2464
7.04,2392
7.05,2472
7.06,2492
7.07,2520
7.08,2483
7.09,2450
7.1,2433
7.11,2511
7.12,2501
7.13,2440
7.14,2448
7.15,2493
7.16,2501
7.17,2463
7.18,2425
7.19,2398
7.2,2448
7.21,2494
7.22,2496
7.23,2412
7.24,2560
7.25,2534
7.26,2592
7.27,2474
7.28,2445
7.29,2520
7.3,2509
7.31,2464
7.32,2440
7.33,2500
7.34,2504
7.35,2514
7.36,2448
7.37,2418
7.38,2468
7.39,2641
7.4,2576
7.41,2560
7.42,2767
7.43,2848
7.44,2783
7.45,2706
7.46,2736
7.47,2800
7.48,2943
7.49,2843
7.5,2796
7.51,2873
7.52,2955
7.53,2877
7.54,2829
7.55,2809
7.56,2836
7.57,2954
7.58,2952
7.59,2901
7.6,2859
7.61,3056
7.62,3047
7.63,3002
7.64,2972
7.65,2946
7.66,3012
7.67,3040
7.68,3040
7.69,2983
7.7,3073
7.71,3050
7.72,3006
7.73,2980
7.74,2958
7.75,3134
7.76,3145
7.77,3100
7.78,3066
7.79,3162
7.8,3171
7.81,3131
7.82,3091
7.83,3072
7.84,3260
7.85,3323
7.86,3241
7.87,3239
7.88,3304
7.89,3311
7.9,3264
7.91,3234
7.92,3279
7.93,3419
7.94,3367
7.95,3396
7.96,3312
7.97,3402
7.98,3472
7.99,3338
8.0,3292
8.01,3272
8.02,3322
8.03,3456
8.04,3304
8.05,3248
8.06,3376
8.07,3391
8.08,3439
8.09,3406
8.1,3300
8.11,3284
8.12,3292
8.13,3237
8.14,3216
8.15,3276
8.16,3287
8.17,3240
8.18,3207
8.19,3179
8.2,3235
8.21,3210
8.22,3167
8.23,3111
8.24,3211
8.25,3210
8.26,3166
8.27,3134
8.28,3122
8.29,3192
8.3,3340
8.31,3272
8.32,3225
8.33,3340
8.34,3315
8.35,3348
8.36,3300
8.37,3194
8.38,3223
8.39,3299
8.4,3235
8.41,3196
8.42,3252
8.43,3302
8.44,3365
8.45,3308
8.46,3280
8.47,3257
8.48,3280
8.49,3308
8.5,3184
8.51,3154
8.52,3303
8.53,3358
8.54,3351
8.55,3284
8.56,3247
8.57,3264
8.58,3229
8.59,3182
8.6,3180
8.61,3264
8.62,3268
8.63,3213
8.64,3190
8.65,3180
8.66,3194
8.67,3320
8.68,3276
8.69,3224
8.7,3229
8.71,3281
8.72,3284
8.73,3320
8.74,3211
8.75,3182
8.76,3302
8.77,3383
8.78,3288
8.79,3319
8.8,3360
8.81,3360
8.82,3311
8.83,3356
8.84,3351
8.85,3352
8.86,3351
8.87,3328
8.88,3255
8.89,3346
8.9,3364
8.91,3364
8.92,3326
8.93,3304
8.94,3295
8.95,3348
8.96,3332
8.97,3304
8.98,3248
8.99,3327
9.0,3353
9.01,3330
9.02,3375
9.03,3284
9.04,3314
9.05,3316
9.06,3320
9.07,3247
9.08,3344
9.09,3328
9.1,3293
9.11,3261
9.12,3240
9.13,3215
9.14,3268
9.15,3263
9.16,3231
9.17,3152
9.18,3279
9.19,3260
9.2,3264
9.21,3203
9.22,3203
9.23,3296
9.24,3396
9.25,3439
9.26,3317
9.27,3330
9.28,3388
9.29,3396
9.3,3353
9.31,3331
9.32,3336
9.33,3317
9.34,3399
9.35,3351
9.36,3316
9.37,3302
9.38,3446
9.39,3504
9.4,3455
9.41,3370
9.42,3392
9.43,3368
9.44,3482
9.45,3404
9.46,3365
9.47,3356
9.48,3504
9.49,3536
9.5,3488
9.51,3458
9.52,3442
9.53,3426
9.54,3467
9.55,3540
9.56,3387
9.57,3362
9.58,3476
9.59,3460
9.6,3437
9.61,3400
9.62,3397
9.63,3408
9.64,3435
9.65,3424
9.66,3365
9.67,3376
9.68,3488
9.69,3448
9.7,3419
9.71,3405
9.72,3396
9.73,3400
9.74,3476
9.75,3620
9.76,3505
9.77,3495
9.78,3636
9.79,3598
9.8,3571
9.81,3583
9.82,3538
9.83,3546
9.84,3692
9.85,3698
9.86,3705
9.87,3621
9.88,3768
9.89,3732
9.9,3748
9.91,3718
9.92,3707
9.93,3697
9.94,3776
9.95,3771
9.96,3719
9.97,3679
9.98,3744
9.99,3779
