0.0,1265
0.01,1255
0.02,1242
0.03,1252
0.04,1251
0.05,1232
0.06,1219
0.07,1202
0.08,1252
0.09,1277
0.1,1265
0.11,1247
0.12,1236
0.13,1230
0.14,1251
0.15,1249
0.16,1230
0.17,1210
0.18,1199
0.19,1243
0.2,1266
0.21,1248
0.22,1233
0.23,1224
0.24,1214
0.25,1238
0.26,1238
0.27,1219
0.28,1207
0.29,1196
0.3,1249
0.31,1259
0.32,1249
0.33,1236
0.34,1227
0.35,1217
0.36,1236
0.37,1238
0.38,1220
0.39,1204
0.4,1195
0.41,1240
0.42,1257
0.43,1244
0.44,1232
0.45,1223
0.46,1221
0.47,1237
0.48,1247
0.49,1230
0.5,1224
0.51,1198
0.52,1238
0.53,1265
0.54,1254
0.55,1241
0.56,1228
0.57,1216
0.58,1254
0.59,1250
0.6,1233
0.61,1244
0.62,1242
0.63,1283
0.64,1307
0.65,1295
0.66,1281
0.67,1270
0.68,1295
0.69,1341
0.7,1339
0.71,1317
0.72,1302
0.73,1336
0.74,1384
0.75,1376
0.76,1344
0.77,1336
0.78,1319
0.79,1350
0.8,1369
0.81,1363
0.82,1371
0.83,1342
0.84,1439
0.85,1448
0.86,1472
0.87,1432
0.88,1414
0.89,1424
0.9,1486
0.91,1528
0.92,1528
0.93,1487
0.94,1531
0.95,1552
0.96,1578
0.97,1575
0.98,1538
0.99,1526
1.0,1599
1.01,1642
1.02,1638
1.03,1613
1.04,1596
1.05,1652
1.06,1677
1.07,1696
1.08,1664
1.09,1643
1.1,1637
1.11,1724
1.12,1826
1.13,1814
1.14,1785
1.15,1758
1.16,1832
1.17,1847
1.18,1900
1.19,1866
1.2,1842
1.21,1824
1.22,1865
1.23,1892
1.24,1866
1.25,1831
1.26,1805
1.27,1851
1.28,1869
1.29,1878
1.3,1846
1.31,1823
1.32,1808
1.33,1811
1.34,1810
1.35,1788
1.36,1757
1.37,1738
1.38,1768
1.39,1776
1.4,1766
1.41,1738
1.42,1715
1.43,1692
1.44,1712
1.45,1703
1.46,1679
1.47,1663
1.48,1633
1.49,1679
1.5,1682
1.51,1670
1.52,1644
1.53,1623
1.54,1603
1.55,1604
1.56,1608
1.57,1592
1.58,1557
1.59,1543
1.6,1590
1.61,1597
1.62,1584
1.63,1562
1.64,1547
1.65,1531
1.66,1548
1.67,1564
1.68,1542
1.69,1533
1.7,1552
1.71,1538
1.72,1571
1.73,1564
1.74,1540
1.75,1518
1.76,1504
1.77,1534
1.78,1567
1.79,1535
1.8,1500
1.81,1513
1.82,1558
1.83,1592
1.84,1587
1.85,1573
1.86,1555
1.87,1551
1.88,1594
1.89,1613
1.9,1601
1.91,1590
1.92,1589
1.93,1628
1.94,1724
1.95,1714
1.96,1720
1.97,1668
1.98,1711
1.99,1736
2.0,1728
2.01,1695
2.02,1657
2.03,1705
2.04,1740
2.05,1735
2.06,1702
2.07,1681
2.08,1673
2.09,1742
2.1,1745
2.11,1735
2.12,1678
2.13,1717
2.14,1731
2.15,1751
2.16,1727
2.17,1704
2.18,1680
2.19,1756
2.2,1816
2.21,1828
2.22,1808
2.23,1776
2.24,1846
2.25,1919
2.26,1908
2.27,1876
2.28,1850
2.29,1844
2.3,1921
2.31,1937
2.32,1912
2.33,1884
2.34,1915
2.35,1932
2.36,1944
2.37,1914
2.38,1885
2.39,1861
2.4,1869
2.41,1909
2.42,1916
2.43,1897
2.44,1866
2.45,1905
2.46,1924
2.47,1936
2.48,1892
2.49,1862
2.5,1833
2.51,1864
2.52,1912
2.53,1902
2.54,1888
2.55,1840
2.56,1904
2.57,1895
2.58,1861
2.59,1826
2.6,1805
2.61,1790
2.62,1820
2.63,1820
2.64,1788
2.65,1792
2.66,1781
2.67,1822
2.68,1826
2.69,1800
2.7,1785
2.71,1760
2.72,1776
2.73,1787
2.74,1768
2.75,1743
2.76,1763
2.77,1815
2.78,1842
2.79,1915
2.8,1880
2.81,1824
2.82,1864
2.83,1961
2.84,2024
2.85,1976
2.86,1944
2.87,1979
2.88,2044
2.89,2106
2.9,2077
2.91,2110
2.92,2031
2.93,2058
2.94,2120
2.95,2119
2.96,2091
2.97,2060
2.98,2151
2.99,2195
3.0,2143
3.01,2076
3.02,2056
3.03,2038
3.04,2076
3.05,2093
3.06,2063
3.07,2027
3.08,2134
3.09,2127
3.1,2162
3.11,2128
3.12,2090
3.13,2064
3.14,2185
3.15,2252
3.16,2225
3.17,2191
3.18,2187
3.19,2248
3.2,2280
3.21,2258
3.22,2220
3.23,2190
3.24,2217
3.25,2376
3.26,2383
3.27,2351
3.28,2313
3.29,2387
3.3,2439
3.31,2478
3.32,2439
3.33,2399
3.34,2362
3.35,2404
3.36,2471
3.37,2410
3.38,2431
3.39,2360
3.4,2455
3.41,2532
3.42,2576
3.43,2465
3.44,2467
3.45,2432
3.46,2500
3.47,2512
3.48,2472
3.49,2469
3.5,2519
3.51,2544
3.52,2535
3.53,2518
3.54,2417
3.55,2408
3.56,2463
3.57,2559
3.58,2531
3.59,2489
3.6,2505
3.61,2530
3.62,2572
3.63,2532
3.64,2490
3.65,2456
3.66,2590
3.67,2655
3.68,2623
3.69,2576
3.7,2536
3.71,2608
3.72,2688
3.73,2695
3.74,2644
3.75,2591
3.76,2576
3.77,2712
3.78,2761
3.79,2687
3.8,2642
3.81,2671
3.82,2695
3.83,2776
3.84,2737
3.85,2752
3.86,2649
3.87,2687
3.88,2816
3.89,2798
3.9,2759
3.91,2734
3.92,2806
3.93,2880
3.94,2903
3.95,2848
3.96,2815
3.97,2774
3.98,2865
3.99,2992
4.0,2952
4.01,2964
4.02,2920
4.03,2960
4.04,3008
4.05,2899
4.06,2847
4.07,2887
4.08,2884
4.09,2911
4.1,2983
4.11,2892
4.12,2852
4.13,2888
4.14,2913
4.15,2968
4.16,2930
4.17,2880
4.18,2839
4.19,2846
4.2,3037
4.21,3059
4.22,3018
4.23,2971
4.24,2983
4.25,2985
4.26,2979
4.27,2927
4.28,2880
4.29,2826
4.3,2836
4.31,2857
4.32,2826
4.33,2791
4.34,2815
4.35,2776
4.36,2806
4.37,2858
4.38,2776
4.39,2814
4.4,2704
4.41,2783
4.42,2736
4.43,2752
4.44,2677
4.45,2703
4.46,2721
4.47,2744
4.48,2711
4.49,2680
4.5,2653
4.51,2688
4.52,2788
4.53,2831
4.54,2738
4.55,2719
4.56,2772
4.57,2785
4.58,2844
4.59,2733
4.6,2693
4.61,2722
4.62,2816
4.63,2839
4.64,2830
4.65,2835
4.66,2896
4.67,2916
4.68,2923
4.69,2929
4.7,2860
4.71,2822
4.72,2967
4.73,3192
4.74,3140
4.75,3107
4.76,3132
4.77,3184
4.78,3236
4.79,3164
4.8,3136
4.81,3072
4.82,3199
4.83,3327
4.84,3292
4.85,3256
4.86,3265
4.87,3316
4.88,3448
4.89,3410
4.9,3382
4.91,3308
4.92,3431
4.93,3578
4.94,3545
4.95,3496
4.96,3519
4.97,3569
4.98,3672
4.99,3659
5.0,3646
5.01,3528
5.02,3553
5.03,3596
5.04,3582
5.05,3549
5.06,3538
5.07,3572
5.08,3692
5.09,3618
5.1,3560
5.11,3560
5.12,3546
5.13,3699
5.14,3631
5.15,3632
5.16,3552
5.17,3584
5.18,3636
5.19,3648
5.2,3560
5.21,3507
5.22,3548
5.23,3794
5.24,3795
5.25,3739
5.26,3719
5.27,3728
5.28,3797
5.29,3778
5.3,3715
5.31,3656
5.32,3757
5.33,3839
5.34,3779
5.35,3719
5.36,3702
5.37,3732
5.38,3844
5.39,3808
5.4,3742
5.41,3684
5.42,3775
5.43,3881
5.44,3902
5.45,3760
5.46,3744
5.47,3859
5.48,3880
5.49,3863
5.5,3804
5.51,3780
5.52,3731
5.53,3768
5.54,3823
5.55,3775
5.56,3681
5.57,3712
5.58,3768
5.59,3800
5.6,3742
5.61,3682
5.62,3672
5.63,3712
5.64,3723
5.65,3692
5.66,3648
5.67,3638
5.68,3651
5.69,3712
5.7,3712
5.71,3625
5.72,3592
5.73,3566
5.74,3776
5.75,3728
5.76,3648
5.77,3651
5.78,3623
5.79,3684
5.8,3651
5.81,3635
5.82,3529
5.83,3648
5.84,3707
5.85,3773
5.86,3718
5.87,3655
5.88,3596
5.89,3783
5.9,3900
5.91,3858
5.92,3797
5.93,3860
5.94,3879
5.95,3926
5.96,3905
5.97,3860
5.98,3772
5.99,3829
6.0,3856
6.01,3831
6.02,3828
6.03,3807
6.04,3887
6.05,3836
6.06,3720
6.07,3660
6.08,3739
6.09,3902
6.1,3903
6.11,3821
6.12,3858
6.13,3875
6.14,3910
6.15,3903
6.16,3853
6.17,3804
6.18,3923
6.19,3909
6.2,3920
6.21,3877
6.22,3880
6.23,3872
6.24,3927
6.25,3876
6.26,3814
6.27,3748
6.28,3836
6.29,3914
6.3,3856
6.31,3836
6.32,3753
6.33,3757
6.34,3864
6.35,3762
6.36,3693
6.37,3680
6.38,3787
6.39,3787
6.4,3736
6.41,3679
6.42,3776
6.43,3825
6.44,3885
6.45,3759
6.46,3703
6.47,3672
6.48,3721
6.49,3835
6.5,3676
6.51,3624
6.52,3672
6.53,3791
6.54,3786
6.55,3712
6.56,3562
6.57,3544
6.58,3692
6.59,3712
6.6,3657
6.61,3671
6.62,3654
6.63,3704
6.64,3679
6.65,3616
6.66,3555
6.67,3668
6.68,3817
6.69,3763
6.7,3709
6.71,3702
6.72,3693
6.73,3777
6.74,3732
6.75,3744
6.76,3602
6.77,3728
6.78,3840
6.79,3711
6.8,3658
6.81,3712
6.82,3711
6.83,3776
6.84,3791
6.85,3642
6.86,3600
6.87,3711
6.88,3755
6.89,3725
6.9,3666
6.91,3631
6.92,3684
6.93,3759
6.94,3758
6.95,3691
6.96,3621
6.97,3593
6.98,3638
6.99,3644
7.0,3608
7.01,3554
7.02,3562
7.03,3556
7.04,3532
7.05,3472
7.06,3423
7.07,3372
7.08,3393
7.09,3380
7.1,3336
7.11,3271
7.12,3240
7.13,3240
7.14,3258
7.15,3214
7.16,3171
7.17,3111
7.18,3128
7.19,3129
7.2,3100
7.21,3053
7.22,3088
7.23,3111
7.24,3076
7.25,3004
7.26,2953
7.27,2894
7.28,2887
7.29,2902
7.3,2880
7.31,2848
7.32,2812
7.33,2886
7.34,2876
7.35,2832
7.36,2769
7.37,2745
7.38,2706
7.39,2727
7.4,2719
7.41,2750
7.42,2653
7.43,2704
7.44,2751
7.45,2758
7.46,2705
7.47,2708
7.48,2654
7.49,2784
7.5,2813
7.51,2848
7.52,2738
7.53,2800
7.54,2864
7.55,2878
7.56,2880
7.57,2796
7.58,2805
7.59,2943
7.6,2976
7.61,2934
7.62,2889
7.63,2976
7.64,3000
7.65,2966
7.66,2912
7.67,2880
7.68,2858
7.69,3100
7.7,3136
7.71,3105
7.72,3074
7.73,3167
7.74,3140
7.75,3103
7.76,3042
7.77,2987
7.78,3001
7.79,3126
7.8,3134
7.81,3073
7.82,3071
7.83,3127
7.84,3143
7.85,3198
7.86,3134
7.87,3071
7.88,3059
7.89,3196
7.9,3207
7.91,3200
7.92,3098
7.93,3178
7.94,3312
7.95,3267
7.96,3169
7.97,3113
7.98,3076
7.99,3144
8.0,3258
8.01,3182
8.02,3131
8.03,3176
8.04,3278
8.05,3222
8.06,3159
8.07,3168
8.08,3120
8.09,3184
8.1,3218
8.11,3167
8.12,3100
8.13,3165
8.14,3184
8.15,3198
8.16,3182
8.17,3112
8.18,3048
8.19,3224
8.2,3290
8.21,3236
8.22,3175
8.23,3210
8.24,3229
8.25,3252
8.26,3199
8.27,3132
8.28,3115
8.29,3296
8.3,3403
8.31,3353
8.32,3296
8.33,3383
8.34,3472
8.35,3432
8.36,3448
8.37,3328
8.38,3352
8.39,3458
8.4,3392
8.41,3351
8.42,3327
8.43,3259
8.44,3309
8.45,3346
8.46,3318
8.47,3272
8.48,3235
8.49,3204
8.5,3286
8.51,3304
8.52,3249
8.53,3188
8.54,3182
8.55,3183
8.56,3167
8.57,3092
8.58,3043
8.59,3004
8.6,2972
8.61,2968
8.62,2914
8.63,2854
8.64,2824
8.65,2924
8.66,2900
8.67,2860
8.68,2812
8.69,2706
8.7,2675
8.71,2672
8.72,2664
8.73,2618
8.74,2568
8.75,2535
8.76,2592
8.77,2564
8.78,2526
8.79,2491
8.8,2459
8.81,2440
8.82,2441
8.83,2410
8.84,2423
8.85,2387
8.86,2398
8.87,2395
8.88,2424
8.89,2335
8.9,2372
8.91,2294
8.92,2297
8.93,2277
8.94,2221
8.95,2179
8.96,2232
8.97,2264
8.98,2246
8.99,2220
9.0,2200
9.01,2179
9.02,2248
9.03,2352
9.04,2333
9.05,2301
9.06,2304
9.07,2346
9.08,2416
9.09,2431
9.1,2328
9.11,2328
9.12,2414
9.13,2432
9.14,2355
9.15,2367
9.16,2340
9.17,2403
9.18,2467
9.19,2408
9.2,2408
9.21,2392
9.22,2528
9.23,2678
9.24,2629
9.25,2643
9.26,2592
9.27,2667
9.28,2695
9.29,2719
9.3,2648
9.31,2659
9.32,2712
9.33,2784
9.34,2720
9.35,2675
9.36,2728
9.37,2784
9.38,2876
9.39,2830
9.4,2797
9.41,2819
9.42,2842
9.43,2884
9.44,2866
9.45,2789
9.46,2806
9.47,2886
9.48,2936
9.49,2891
9.5,2869
9.51,2884
9.52,2867
9.53,2906
9.54,2865
9.55,2880
9.56,2856
9.57,2959
9.58,2960
9.59,2919
9.6,2890
9.61,2904
9.62,2906
9.63,3068
9.64,3071
9.65,3047
9.66,3112
9.67,3074
9.68,3077
9.69,3032
9.7,3001
9.71,3024
9.72,3042
9.73,3082
9.74,3040
9.75,2987
9.76,3019
9.77,3072
9.78,3120
9.79,3072
9.8,3070
9.81,3035
9.82,3100
9.83,3272
9.84,3209
9.85,3167
9.86,3189
9.87,3309
9.88,3328
9.89,3272
9.9,3237
9.91,3292
9.92,3232
9.93,3192
9.94,3144
9.95,3105
9.96,3136
9.97,3210
9.98,3272
9.99,3224
