0.0,1211
0.01,1215
0.02,1241
0.03,1202
0.04,1202
0.05,1240
0.06,1259
0.07,1236
0.08,1215
0.09,1199
0.1,1216
0.11,1220
0.12,1214
0.13,1208
0.14,1206
0.15,1241
0.16,1249
0.17,1231
0.18,1212
0.19,1194
0.2,1205
0.21,1224
0.22,1221
0.23,1219
0.24,1209
0.25,1251
0.26,1267
0.27,1276
0.28,1216
0.29,1203
0.3,1214
0.31,1236
0.32,1227
0.33,1221
0.34,1213
0.35,1304
0.36,1283
0.37,1273
0.38,1253
0.39,1238
0.4,1237
0.41,1272
0.42,1268
0.43,1292
0.44,1286
0.45,1309
0.46,1301
0.47,1284
0.48,1268
0.49,1281
0.5,1320
0.51,1340
0.52,1329
0.53,1362
0.54,1431
0.55,1439
0.56,1408
0.57,1390
0.58,1432
0.59,1486
0.6,1492
0.61,1483
0.62,1491
0.63,1611
0.64,1632
0.65,1567
0.66,1542
0.67,1545
0.68,1661
0.69,1664
0.7,1640
0.71,1721
0.72,1744
0.73,1762
0.74,1743
0.75,1700
0.76,1752
0.77,1848
0.78,1836
0.79,1808
0.8,1826
0.81,1853
0.82,1875
0.83,1888
0.84,1812
0.85,1816
0.86,1862
0.87,1942
0.88,1925
0.89,1898
0.9,1927
0.91,1999
0.92,1956
0.93,1911
0.94,1903
0.95,1986
0.96,1996
0.97,1974
0.98,1951
0.99,2026
1.0,2054
1.01,2023
1.02,1983
1.03,1975
1.04,2006
1.05,2046
1.06,2023
1.07,2000
1.08,2063
1.09,2128
1.1,2118
1.11,2048
1.12,1996
1.13,2048
1.14,2143
1.15,2126
1.16,2109
1.17,2047
1.18,2119
1.19,2110
1.2,2073
1.21,2033
1.22,1999
1.23,1994
1.24,2072
1.25,2090
1.26,2063
1.27,2027
1.28,2072
1.29,2053
1.3,2018
1.31,1983
1.32,1949
1.33,1939
1.34,1936
1.35,1918
1.36,1892
1.37,1870
1.38,1890
1.39,1874
1.4,1845
1.41,1810
1.42,1773
1.43,1758
1.44,1792
1.45,1741
1.46,1715
1.47,1731
1.48,1767
1.49,1760
1.5,1739
1.51,1653
1.52,1635
1.53,1670
1.54,1637
1.55,1624
1.56,1601
1.57,1576
1.58,1609
1.59,1602
1.6,1582
1.61,1570
1.62,1546
1.63,1523
1.64,1543
1.65,1528
1.66,1507
1.67,1482
1.68,1528
1.69,1528
1.7,1504
1.71,1484
1.72,1473
1.73,1475
1.74,1475
1.75,1504
1.76,1456
1.77,1439
1.78,1513
1.79,1527
1.8,1527
1.81,1536
1.82,1505
1.83,1522
1.84,1625
1.85,1632
1.86,1606
1.87,1599
1.88,1675
1.89,1691
1.9,1672
1.91,1656
1.92,1656
1.93,1673
1.94,1766
1.95,1754
1.96,1723
1.97,1691
1.98,1812
1.99,1814
2.0,1808
2.01,1778
2.02,1772
2.03,1787
2.04,1796
2.05,1824
2.06,1738
2.07,1718
2.08,1807
2.09,1824
2.1,1771
2.11,1761
2.12,1762
2.13,1751
2.14,1759
2.15,1734
2.16,1711
2.17,1694
2.18,1754
2.19,1734
2.2,1718
2.21,1710
2.22,1712
2.23,1715
2.24,1727
2.25,1702
2.26,1682
2.27,1679
2.28,1740
2.29,1725
2.3,1713
2.31,1712
2.32,1750
2.33,1704
2.34,1691
2.35,1704
2.36,1671
2.37,1722
2.38,1800
2.39,1738
2.4,1741
2.41,1764
2.42,1792
2.43,1777
2.44,1739
2.45,1720
2.46,1720
2.47,1815
2.48,1864
2.49,1812
2.5,1814
2.51,1823
2.52,1847
2.53,1855
2.54,1864
2.55,1823
2.56,1839
2.57,1954
2.58,1955
2.59,1940
2.6,1925
2.61,1934
2.62,1960
2.63,2024
2.64,1980
2.65,1952
2.66,2080
2.67,2055
2.68,2043
2.69,2029
2.7,2064
2.71,2073
2.72,2183
2.73,2144
2.74,2101
2.75,2070
2.76,2158
2.77,2116
2.78,2153
2.79,2085
2.8,2079
2.81,2112
2.82,2160
2.83,2123
2.84,2089
2.85,2122
2.86,2154
2.87,2159
2.88,2134
2.89,2128
2.9,2141
2.91,2150
2.92,2124
2.93,2092
2.94,2070
2.95,2160
2.96,2168
2.97,2155
2.98,2140
2.99,2160
3.0,2152
3.01,2160
3.02,2130
3.03,2101
3.04,2084
3.05,2172
3.06,2148
3.07,2144
3.08,2119
3.09,2176
3.1,2101
3.11,2090
3.12,2064
3.13,2043
3.14,2024
3.15,2083
3.16,2055
3.17,2048
3.18,2021
3.19,2022
3.2,2016
3.21,2010
3.22,1985
3.23,1964
3.24,1938
3.25,1990
3.26,1972
3.27,1948
3.28,1931
3.29,1922
3.3,1920
3.31,1900
3.32,1882
3.33,1846
3.34,1816
3.35,1845
3.36,1843
3.37,1824
3.38,1808
3.39,1804
3.4,1799
3.41,1787
3.42,1792
3.43,1770
3.44,1733
3.45,1716
3.46,1744
3.47,1717
3.48,1693
3.49,1684
3.5,1669
3.51,1671
3.52,1663
3.53,1627
3.54,1595
3.55,1653
3.56,1655
3.57,1651
3.58,1607
3.59,1595
3.6,1583
3.61,1583
3.62,1559
3.63,1538
3.64,1536
3.65,1628
3.66,1618
3.67,1591
3.68,1567
3.69,1564
3.7,1563
3.71,1556
3.72,1517
3.73,1489
3.74,1542
3.75,1543
3.76,1560
3.77,1532
3.78,1520
3.79,1535
3.8,1602
3.81,1608
3.82,1578
3.83,1557
3.84,1649
3.85,1655
3.86,1627
3.87,1608
3.88,1635
3.89,1612
3.9,1660
3.91,1641
3.92,1616
3.93,1624
3.94,1721
3.95,1760
3.96,1719
3.97,1696
3.98,1695
3.99,1715
4.0,1711
4.01,1679
4.02,1696
4.03,1728
4.04,1737
4.05,1723
4.06,1691
4.07,1668
4.08,1675
4.09,1730
4.1,1754
4.11,1724
4.12,1752
4.13,1818
4.14,1843
4.15,1860
4.16,1795
4.17,1836
4.18,1847
4.19,1857
4.2,1821
4.21,1790
4.22,1844
4.23,1844
4.24,1801
4.25,1773
4.26,1755
4.27,1815
4.28,1796
4.29,1775
4.3,1745
4.31,1752
4.32,1777
4.33,1792
4.34,1756
4.35,1733
4.36,1727
4.37,1743
4.38,1752
4.39,1722
4.4,1728
4.41,1698
4.42,1728
4.43,1692
4.44,1681
4.45,1647
4.46,1640
4.47,1691
4.48,1660
4.49,1620
4.5,1604
4.51,1704
4.52,1708
4.53,1735
4.54,1694
4.55,1671
4.56,1676
4.57,1712
4.58,1691
4.59,1657
4.6,1664
4.61,1708
4.62,1700
4.63,1693
4.64,1654
4.65,1634
4.66,1634
4.67,1653
4.68,1672
4.69,1620
4.7,1690
4.71,1652
4.72,1664
4.73,1621
4.74,1597
4.75,1592
4.76,1596
4.77,1589
4.78,1581
4.79,1574
4.8,1633
4.81,1628
4.82,1632
4.83,1605
4.84,1583
4.85,1573
4.86,1607
4.87,1601
4.88,1579
4.89,1561
4.9,1611
4.91,1648
4.92,1624
4.93,1625
4.94,1586
4.95,1586
4.96,1619
4.97,1616
4.98,1598
4.99,1616
5.0,1656
5.01,1703
5.02,1659
5.03,1663
5.04,1631
5.05,1663
5.06,1680
5.07,1664
5.08,1652
5.09,1736
5.1,1743
5.11,1725
5.12,1700
5.13,1672
5.14,1666
5.15,1730
5.16,1789
5.17,1778
5.18,1780
5.19,1800
5.2,1799
5.21,1783
5.22,1751
5.23,1730
5.24,1724
5.25,1750
5.26,1761
5.27,1755
5.28,1730
5.29,1721
5.3,1775
5.31,1782
5.32,1711
5.33,1696
5.34,1675
5.35,1706
5.36,1708
5.37,1695
5.38,1715
5.39,1715
5.4,1720
5.41,1726
5.42,1711
5.43,1693
5.44,1664
5.45,1690
5.46,1701
5.47,1699
5.48,1713
5.49,1738
5.5,1723
5.51,1728
5.52,1728
5.53,1684
5.54,1677
5.55,1735
5.56,1744
5.57,1740
5.58,1724
5.59,1742
5.6,1767
5.61,1792
5.62,1783
5.63,1772
5.64,1764
5.65,1801
5.66,1825
5.67,1824
5.68,1802
5.69,1819
5.7,1842
5.71,1858
5.72,1858
5.73,1838
5.74,1826
5.75,1872
5.76,1845
5.77,1900
5.78,1856
5.79,1834
5.8,1864
5.81,1867
5.82,1860
5.83,1861
5.84,1858
5.85,1911
5.86,1992
5.87,1967
5.88,1950
5.89,1956
5.9,1980
5.91,1978
5.92,1943
5.93,1919
5.94,1933
5.95,1958
5.96,1992
5.97,2004
5.98,2044
5.99,2037
6.0,2081
6.01,2051
6.02,2078
6.03,2097
6.04,2138
6.05,2152
6.06,2140
6.07,2129
6.08,2170
6.09,2195
6.1,2186
6.11,2183
6.12,2185
6.13,2207
6.14,2236
6.15,2286
6.16,2258
6.17,2248
6.18,2259
6.19,2320
6.2,2312
6.21,2304
6.22,2288
6.23,2336
6.24,2374
6.25,2394
6.26,2436
6.27,2456
6.28,2449
6.29,2468
6.3,2466
6.31,2441
6.32,2416
6.33,2511
6.34,2520
6.35,2507
6.36,2487
6.37,2544
6.38,2486
6.39,2552
6.4,2455
6.41,2426
6.42,2511
6.43,2553
6.44,2569
6.45,2560
6.46,2554
6.47,2553
6.48,2601
6.49,2548
6.5,2527
6.51,2523
6.52,2586
6.53,2600
6.54,2598
6.55,2606
6.56,2636
6.57,2600
6.58,2624
6.59,2627
6.6,2613
6.61,2600
6.62,2692
6.63,2660
6.64,2678
6.65,2654
6.66,2695
6.67,2767
6.68,2758
6.69,2728
6.7,2752
6.71,2695
6.72,2720
6.73,2704
6.74,2683
6.75,2663
6.76,2697
6.77,2710
6.78,2776
6.79,2687
6.8,2660
6.81,2729
6.82,2771
6.83,2815
6.84,2761
6.85,2815
6.86,2720
6.87,2712
6.88,2716
6.89,2718
6.9,2764
6.91,2736
6.92,2726
6.93,2751
6.94,2752
6.95,2725
6.96,2728
6.97,2752
6.98,2700
6.99,2681
7.0,2688
7.01,2732
7.02,2742
7.03,2737
7.04,2724
7.05,2707
7.06,2728
7.07,2727
7.08,2723
7.09,2708
7.1,2708
7.11,2738
7.12,2744
7.13,2742
7.14,2788
7.15,2855
7.16,2758
7.17,2816
7.18,2719
7.19,2768
7.2,2672
7.21,2769
7.22,2824
7.23,2836
7.24,2795
7.25,2787
7.26,2803
7.27,2816
7.28,2778
7.29,2751
7.3,2778
7.31,2802
7.32,2803
7.33,2804
7.34,2816
7.35,2812
7.36,2836
7.37,2839
7.38,2816
7.39,2823
7.4,2831
7.41,2850
7.42,2824
7.43,2818
7.44,2831
7.45,2839
7.46,2923
7.47,2832
7.48,2830
7.49,2788
7.5,2824
7.51,2821
7.52,2816
7.53,2831
7.54,2807
7.55,2864
7.56,2839
7.57,2760
7.58,2747
7.59,2724
7.6,2815
7.61,2874
7.62,2828
7.63,2816
7.64,2802
7.65,2863
7.66,2849
7.67,2751
7.68,2718
7.69,2753
7.7,2786
7.71,2780
7.72,2768
7.73,2829
7.74,2744
7.75,2747
7.76,2732
7.77,2716
7.78,2689
7.79,2718
7.8,2752
7.81,2691
7.82,2677
7.83,2667
7.84,2696
7.85,2666
7.86,2651
7.87,2623
7.88,2630
7.89,2658
7.9,2688
7.91,2631
7.92,2615
7.93,2626
7.94,2618
7.95,2610
7.96,2591
7.97,2529
7.98,2551
7.99,2563
8.0,2552
8.01,2558
8.02,2528
8.03,2527
8.04,2520
8.05,2499
8.06,2462
8.07,2417
8.08,2408
8.09,2436
8.1,2376
8.11,2352
8.12,2368
8.13,2356
8.14,2352
8.15,2307
8.16,2225
8.17,2232
8.18,2213
8.19,2184
8.2,2156
8.21,2168
8.22,2160
8.23,2133
8.24,2094
8.25,2053
8.26,2025
8.27,2034
8.28,2048
8.29,1967
8.3,1935
8.31,1969
8.32,1957
8.33,1936
8.34,1927
8.35,1856
8.36,1846
8.37,1852
8.38,1832
8.39,1807
8.4,1827
8.41,1887
8.42,1879
8.43,1872
8.44,1813
8.45,1802
8.46,1824
8.47,1819
8.48,1786
8.49,1788
8.5,1815
8.51,1807
8.52,1783
8.53,1767
8.54,1764
8.55,1765
8.56,1752
8.57,1763
8.58,1708
8.59,1760
8.6,1750
8.61,1729
8.62,1720
8.63,1716
8.64,1723
8.65,1726
8.66,1725
8.67,1727
8.68,1680
8.69,1776
8.7,1776
8.71,1722
8.72,1727
8.73,1740
8.74,1740
8.75,1729
8.76,1706
8.77,1725
8.78,1787
8.79,1808
8.8,1788
8.81,1787
8.82,1808
8.83,1819
8.84,1779
8.85,1792
8.86,1826
8.87,1924
8.88,1908
8.89,1909
8.9,1917
8.91,1934
8.92,1966
8.93,1908
8.94,1910
8.95,1915
8.96,2032
8.97,2004
8.98,2005
8.99,2015
9.0,2047
9.01,2092
9.02,2047
9.03,2026
9.04,2030
9.05,2044
9.06,2097
9.07,2079
9.08,2065
9.09,2070
9.1,2089
9.11,2088
9.12,2068
9.13,2052
9.14,2041
9.15,2036
9.16,2098
9.17,2069
9.18,2067
9.19,2074
9.2,2144
9.21,2080
9.22,2060
9.23,2047
9.24,2046
9.25,2055
9.26,2075
9.27,2054
9.28,2044
9.29,2095
9.3,2064
9.31,2024
9.32,2047
9.33,2000
9.34,2015
9.35,2064
9.36,2047
9.37,2036
9.38,2039
9.39,2044
9.4,2018
9.41,2031
9.42,1976
9.43,1967
9.44,2002
9.45,2032
9.46,2008
9.47,2016
9.48,2001
9.49,2021
9.5,2052
9.51,2035
9.52,2035
9.53,2007
9.54,2063
9.55,2020
9.56,2004
9.57,2001
9.58,2009
9.59,2048
9.6,2002
9.61,1965
9.62,1951
9.63,2024
9.64,2015
9.65,2032
9.66,1972
9.67,2015
9.68,1960
9.69,1984
9.7,1921
9.71,1903
9.72,1907
9.73,1943
9.74,1952
9.75,1950
9.76,1883
9.77,1928
9.78,1889
9.79,1868
9.8,1846
9.81,1817
9.82,1864
9.83,1896
9.84,1874
9.85,1850
9.86,1840
9.87,1833
9.88,1863
9.89,1848
9.9,1822
9.91,1798
9.92,1888
9.93,1883
9.94,1857
9.95,1841
9.96,1827
9.97,1850
9.98,1902
9.99,1872
