0.0,1263
0.01,1284
0.02,1296
0.03,1296
0.04,1295
0.05,1316
0.06,1310
0.07,1288
0.08,1263
0.09,1273
0.1,1296
0.11,1296
0.12,1279
0.13,1312
0.14,1329
0.15,1318
0.16,1296
0.17,1283
0.18,1285
0.19,1300
0.2,1300
0.21,1311
0.22,1288
0.23,1409
0.24,1421
0.25,1419
0.26,1392
0.27,1418
0.28,1518
0.29,1527
0.3,1536
0.31,1616
0.32,1616
0.33,1648
0.34,1581
0.35,1562
0.36,1578
0.37,1629
0.38,1600
0.39,1592
0.4,1588
0.41,1655
0.42,1647
0.43,1614
0.44,1588
0.45,1624
0.46,1671
0.47,1677
0.48,1662
0.49,1638
0.5,1695
0.51,1690
0.52,1696
0.53,1634
0.54,1663
0.55,1646
0.56,1668
0.57,1656
0.58,1645
0.59,1668
0.6,1728
0.61,1734
0.62,1706
0.63,1678
0.64,1670
0.65,1684
0.66,1687
0.67,1664
0.68,1645
0.69,1644
0.7,1703
0.71,1651
0.72,1620
0.73,1611
0.74,1601
0.75,1587
0.76,1567
0.77,1550
0.78,1654
0.79,1653
0.8,1628
0.81,1590
0.82,1589
0.83,1612
0.84,1626
0.85,1613
0.86,1597
0.87,1708
0.88,1659
0.89,1636
0.9,1600
0.91,1596
0.92,1632
0.93,1707
0.94,1704
0.95,1723
0.96,1700
0.97,1728
0.98,1723
0.99,1692
1.0,1666
1.01,1669
1.02,1712
1.03,1695
1.04,1657
1.05,1677
1.06,1706
1.07,1691
1.08,1670
1.09,1642
1.1,1643
1.11,1680
1.12,1685
1.13,1670
1.14,1658
1.15,1680
1.16,1724
1.17,1707
1.18,1672
1.19,1644
1.2,1633
1.21,1635
1.22,1658
1.23,1655
1.24,1644
1.25,1644
1.26,1682
1.27,1679
1.28,1647
1.29,1622
1.3,1600
1.31,1604
1.32,1603
1.33,1601
1.34,1580
1.35,1620
1.36,1610
1.37,1594
1.38,1569
1.39,1543
1.4,1528
1.41,1543
1.42,1542
1.43,1548
1.44,1551
1.45,1612
1.46,1613
1.47,1560
1.48,1559
1.49,1503
1.5,1512
1.51,1540
1.52,1537
1.53,1523
1.54,1499
1.55,1542
1.56,1535
1.57,1512
1.58,1487
1.59,1462
1.6,1453
1.61,1463
1.62,1460
1.63,1447
1.64,1427
1.65,1464
1.66,1466
1.67,1451
1.68,1427
1.69,1409
1.7,1399
1.71,1418
1.72,1419
1.73,1410
1.74,1396
1.75,1398
1.76,1428
1.77,1413
1.78,1408
1.79,1356
1.8,1369
1.81,1383
1.82,1375
1.83,1353
1.84,1400
1.85,1407
1.86,1401
1.87,1385
1.88,1367
1.89,1356
1.9,1370
1.91,1369
1.92,1371
1.93,1360
1.94,1421
1.95,1425
1.96,1405
1.97,1386
1.98,1376
1.99,1424
2.0,1411
2.01,1403
2.02,1396
2.03,1443
2.04,1448
2.05,1437
2.06,1410
2.07,1391
2.08,1396
2.09,1428
2.1,1407
2.11,1392
2.12,1460
2.13,1503
2.14,1484
2.15,1452
2.16,1438
2.17,1480
2.18,1465
2.19,1456
2.2,1455
2.21,1535
2.22,1552
2.23,1553
2.24,1535
2.25,1511
2.26,1502
2.27,1503
2.28,1494
2.29,1476
2.3,1471
2.31,1539
2.32,1524
2.33,1498
2.34,1490
2.35,1488
2.36,1492
2.37,1483
2.38,1454
2.39,1500
2.4,1529
2.41,1518
2.42,1497
2.43,1491
2.44,1516
2.45,1583
2.46,1552
2.47,1524
2.48,1552
2.49,1664
2.5,1626
2.51,1599
2.52,1566
2.53,1600
2.54,1672
2.55,1676
2.56,1664
2.57,1659
2.58,1723
2.59,1728
2.6,1701
2.61,1728
2.62,1711
2.63,1771
2.64,1760
2.65,1728
2.66,1736
2.67,1808
2.68,1788
2.69,1757
2.7,1729
2.71,1730
2.72,1779
2.73,1786
2.74,1778
2.75,1770
2.76,1841
2.77,1839
2.78,1843
2.79,1765
2.8,1792
2.81,1851
2.82,1864
2.83,1866
2.84,1920
2.85,1885
2.86,1895
2.87,1827
2.88,1855
2.89,1888
2.9,1932
2.91,1861
2.92,1889
2.93,1924
2.94,1923
2.95,1876
2.96,1858
2.97,1850
2.98,1895
2.99,1864
3.0,1934
3.01,1952
3.02,1931
3.03,1894
3.04,1879
3.05,1896
3.06,1898
3.07,1871
3.08,1856
3.09,1888
3.1,1940
3.11,1920
3.12,1883
3.13,1854
3.14,1852
3.15,1888
3.16,1907
3.17,1896
3.18,1844
3.19,1913
3.2,1907
3.21,1906
3.22,1885
3.23,1880
3.24,1834
3.25,1862
3.26,1895
3.27,1895
3.28,1858
3.29,1967
3.3,1963
3.31,1938
3.32,1903
3.33,1904
3.34,1908
3.35,1983
3.36,1949
3.37,1936
3.38,1951
3.39,1955
3.4,2008
3.41,1931
3.42,1920
3.43,1888
3.44,1938
3.45,1935
3.46,1918
3.47,1905
3.48,1976
3.49,1964
3.5,1967
3.51,1937
3.52,1907
3.53,1890
3.54,1942
3.55,1936
3.56,1928
3.57,1928
3.58,1986
3.59,1993
3.6,1984
3.61,1972
3.62,1927
3.63,1919
3.64,1948
3.65,1973
3.66,1984
3.67,1978
3.68,2023
3.69,2025
3.7,2032
3.71,2050
3.72,2008
3.73,1995
3.74,2059
3.75,2102
3.76,2112
3.77,2119
3.78,2155
3.79,2192
3.8,2166
3.81,2159
3.82,2129
3.83,2176
3.84,2212
3.85,2230
3.86,2287
3.87,2255
3.88,2257
3.89,2269
3.9,2304
3.91,2272
3.92,2295
3.93,2270
3.94,2322
3.95,2292
3.96,2272
3.97,2314
3.98,2305
3.99,2324
4.0,2285
4.01,2274
4.02,2294
4.03,2283
4.04,2269
4.05,2248
4.06,2304
4.07,2272
4.08,2238
4.09,2213
4.1,2208
4.11,2184
4.12,2207
4.13,2180
4.14,2192
4.15,2187
4.16,2208
4.17,2191
4.18,2112
4.19,2080
4.2,2047
4.21,2048
4.22,2005
4.23,1983
4.24,2000
4.25,2032
4.26,1983
4.27,1969
4.28,1934
4.29,1900
4.3,1888
4.31,1907
4.32,1896
4.33,1875
4.34,1850
4.35,1857
4.36,1860
4.37,1861
4.38,1829
4.39,1797
4.4,1770
4.41,1784
4.42,1791
4.43,1800
4.44,1806
4.45,1848
4.46,1810
4.47,1794
4.48,1752
4.49,1784
4.5,1763
4.51,1754
4.52,1720
4.53,1726
4.54,1731
4.55,1727
4.56,1695
4.57,1649
4.58,1676
4.59,1688
4.6,1647
4.61,1669
4.62,1707
4.63,1690
4.64,1645
4.65,1648
4.66,1667
4.67,1698
4.68,1758
4.69,1729
4.7,1712
4.71,1686
4.72,1663
4.73,1712
4.74,1744
4.75,1707
4.76,1759
4.77,1791
4.78,1785
4.79,1765
4.8,1775
4.81,1782
4.82,1809
4.83,1823
4.84,1872
4.85,1960
4.86,1937
4.87,1922
4.88,1896
4.89,1935
4.9,1940
4.91,1919
4.92,1960
4.93,1981
4.94,1958
4.95,1935
4.96,1986
4.97,2017
4.98,2024
4.99,2076
5.0,2083
5.01,2045
5.02,2027
5.03,2105
5.04,2131
5.05,2118
5.06,2130
5.07,2142
5.08,2142
5.09,2126
5.1,2120
5.11,2068
5.12,2133
5.13,2161
5.14,2170
5.15,2169
5.16,2171
5.17,2192
5.18,2177
5.19,2180
5.2,2138
5.21,2176
5.22,2124
5.23,2194
5.24,2207
5.25,2216
5.26,2212
5.27,2272
5.28,2288
5.29,2272
5.3,2254
5.31,2228
5.32,2271
5.33,2287
5.34,2279
5.35,2276
5.36,2306
5.37,2320
5.38,2368
5.39,2366
5.4,2298
5.41,2285
5.42,2324
5.43,2328
5.44,2306
5.45,2304
5.46,2325
5.47,2322
5.48,2376
5.49,2294
5.5,2265
5.51,2240
5.52,2292
5.53,2315
5.54,2325
5.55,2322
5.56,2323
5.57,2344
5.58,2332
5.59,2312
5.6,2288
5.61,2336
5.62,2361
5.63,2384
5.64,2350
5.65,2377
5.66,2370
5.67,2390
5.68,2368
5.69,2345
5.7,2321
5.71,2364
5.72,2391
5.73,2390
5.74,2386
5.75,2430
5.76,2456
5.77,2424
5.78,2398
5.79,2372
5.8,2403
5.81,2471
5.82,2412
5.83,2420
5.84,2431
5.85,2464
5.86,2510
5.87,2435
5.88,2380
5.89,2369
5.9,2437
5.91,2451
5.92,2430
5.93,2438
5.94,2431
5.95,2415
5.96,2400
5.97,2349
5.98,2368
5.99,2420
6.0,2428
6.01,2400
6.02,2374
6.03,2384
6.04,2361
6.05,2318
6.06,2269
6.07,2256
6.08,2285
6.09,2275
6.1,2242
6.11,2203
6.12,2264
6.13,2257
6.14,2223
6.15,2176
6.16,2158
6.17,2166
6.18,2151
6.19,2109
6.2,2064
6.21,2068
6.22,2171
6.23,2125
6.24,2103
6.25,2062
6.26,2079
6.27,2037
6.28,2011
6.29,1991
6.3,1977
6.31,2063
6.32,2049
6.33,2044
6.34,2052
6.35,2048
6.36,2043
6.37,2021
6.38,2015
6.39,2047
6.4,2080
6.41,2116
6.42,2054
6.43,2054
6.44,2080
6.45,2079
6.46,2091
6.47,2064
6.48,2046
6.49,2112
6.5,2096
6.51,2084
6.52,2074
6.53,2076
6.54,2113
6.55,2159
6.56,2076
6.57,2064
6.58,2080
6.59,2160
6.6,2082
6.61,2080
6.62,2062
6.63,2085
6.64,2095
6.65,2065
6.66,2047
6.67,2003
6.68,2096
6.69,2085
6.7,2122
6.71,2067
6.72,2071
6.73,2048
6.74,2019
6.75,1992
6.76,2048
6.77,2094
6.78,2078
6.79,2063
6.8,2056
6.81,2053
6.82,2064
6.83,2033
6.84,2004
6.85,1988
6.86,2058
6.87,2032
6.88,2023
6.89,2010
6.9,2019
6.91,2020
6.92,2028
6.93,1991
6.94,1961
6.95,2024
6.96,1991
6.97,1963
6.98,1935
6.99,1939
7.0,1964
7.01,1976
7.02,1942
7.03,1914
7.04,1992
7.05,1984
7.06,1947
7.07,1924
7.08,1928
7.09,1951
7.1,1995
7.11,1952
7.12,1921
7.13,2021
7.14,2005
7.15,1998
7.16,1951
7.17,1939
7.18,1952
7.19,1930
7.2,1895
7.21,1862
7.22,1828
7.23,1926
7.24,1933
7.25,1919
7.26,1901
7.27,1894
7.28,1882
7.29,1855
7.3,1805
7.31,1867
7.32,1876
7.33,1845
7.34,1833
7.35,1844
7.36,1847
7.37,1883
7.38,1846
7.39,1816
7.4,1856
7.41,1860
7.42,1838
7.43,1818
7.44,1806
7.45,1844
7.46,1873
7.47,1839
7.48,1806
7.49,1828
7.5,1843
7.51,1833
7.52,1844
7.53,1789
7.54,1816
7.55,1822
7.56,1797
7.57,1763
7.58,1734
7.59,1828
7.6,1833
7.61,1813
7.62,1803
7.63,1780
7.64,1787
7.65,1774
7.66,1743
7.67,1714
7.68,1742
7.69,1860
7.7,1795
7.71,1766
7.72,1760
7.73,1744
7.74,1776
7.75,1731
7.76,1698
7.77,1685
7.78,1744
7.79,1733
7.8,1711
7.81,1689
7.82,1690
7.83,1682
7.84,1735
7.85,1800
7.86,1715
7.87,1693
7.88,1750
7.89,1736
7.9,1708
7.91,1682
7.92,1728
7.93,1704
7.94,1764
7.95,1717
7.96,1684
7.97,1715
7.98,1744
7.99,1717
8.0,1696
8.01,1682
8.02,1690
8.03,1717
8.04,1719
8.05,1720
8.06,1656
8.07,1765
8.08,1768
8.09,1756
8.1,1736
8.11,1717
8.12,1716
8.13,1727
8.14,1706
8.15,1673
8.16,1659
8.17,1748
8.18,1742
8.19,1719
8.2,1704
8.21,1702
8.22,1704
8.23,1800
8.24,1721
8.25,1704
8.26,1724
8.27,1753
8.28,1736
8.29,1714
8.3,1696
8.31,1698
8.32,1729
8.33,1743
8.34,1711
8.35,1680
8.36,1786
8.37,1728
8.38,1703
8.39,1680
8.4,1666
8.41,1680
8.42,1743
8.43,1748
8.44,1714
8.45,1703
8.46,1770
8.47,1766
8.48,1738
8.49,1721
8.5,1722
8.51,1746
8.52,1784
8.53,1721
8.54,1682
8.55,1777
8.56,1780
8.57,1792
8.58,1754
8.59,1743
8.6,1729
8.61,1740
8.62,1715
8.63,1708
8.64,1670
8.65,1773
8.66,1772
8.67,1786
8.68,1728
8.69,1728
8.7,1734
8.71,1721
8.72,1711
8.73,1711
8.74,1696
8.75,1768
8.76,1727
8.77,1710
8.78,1686
8.79,1671
8.8,1667
8.81,1668
8.82,1645
8.83,1622
8.84,1603
8.85,1629
8.86,1628
8.87,1605
8.88,1580
8.89,1560
8.9,1544
8.91,1556
8.92,1547
8.93,1527
8.94,1510
8.95,1534
8.96,1536
8.97,1523
8.98,1496
8.99,1474
9.0,1456
9.01,1458
9.02,1487
9.03,1428
9.04,1410
9.05,1417
9.06,1439
9.07,1435
9.08,1412
9.09,1391
9.1,1376
9.11,1384
9.12,1393
9.13,1373
9.14,1359
9.15,1350
9.16,1378
9.17,1387
9.18,1366
9.19,1340
9.2,1321
9.21,1332
9.22,1335
9.23,1330
9.24,1317
9.25,1346
9.26,1364
9.27,1334
9.28,1310
9.29,1294
9.3,1307
9.31,1310
9.32,1300
9.33,1287
9.34,1328
9.35,1340
9.36,1336
9.37,1316
9.38,1310
9.39,1290
9.4,1309
9.41,1310
9.42,1328
9.43,1312
9.44,1335
9.45,1345
9.46,1336
9.47,1317
9.48,1304
9.49,1318
9.5,1354
9.51,1383
9.52,1374
9.53,1369
9.54,1455
9.55,1460
9.56,1442
9.57,1421
9.58,1411
9.59,1421
9.6,1439
9.61,1423
9.62,1415
9.63,1436
9.64,1508
9.65,1505
9.66,1481
9.67,1458
9.68,1450
9.69,1470
9.7,1470
9.71,1455
9.72,1438
9.73,1496
9.74,1505
9.75,1539
9.76,1469
9.77,1446
9.78,1447
9.79,1454
9.8,1455
9.81,1427
9.82,1482
9.83,1505
9.84,1496
9.85,1471
9.86,1452
9.87,1464
9.88,1497
9.89,1483
9.9,1467
9.91,1450
9.92,1485
9.93,1498
9.94,1480
9.95,1437
9.96,1428
9.97,1443
9.98,1482
9.99,1463
