0.0,1321
0.01,1292
0.02,1282
0.03,1322
0.04,1331
0.05,1318
0.06,1315
0.07,1280
0.08,1275
0.09,1316
0.1,1308
0.11,1310
0.12,1301
0.13,1348
0.14,1360
0.15,1345
0.16,1324
0.17,1307
0.18,1311
0.19,1328
0.2,1313
0.21,1309
0.22,1306
0.23,1380
0.24,1390
0.25,1385
0.26,1367
0.27,1351
0.28,1375
0.29,1447
0.3,1459
0.31,1454
0.32,1447
0.33,1528
0.34,1551
0.35,1483
0.36,1458
0.37,1441
0.38,1442
0.39,1472
0.4,1459
0.41,1454
0.42,1446
0.43,1492
0.44,1488
0.45,1480
0.46,1440
0.47,1423
0.48,1430
0.49,1471
0.5,1442
0.51,1434
0.52,1440
0.53,1441
0.54,1387
0.55,1369
0.56,1382
0.57,1378
0.58,1366
0.59,1378
0.6,1431
0.61,1435
0.62,1439
0.63,1395
0.64,1434
0.65,1536
0.66,1500
0.67,1478
0.68,1571
0.69,1583
0.7,1566
0.71,1539
0.72,1536
0.73,1569
0.74,1661
0.75,1636
0.76,1629
0.77,1714
0.78,1722
0.79,1687
0.8,1672
0.81,1696
0.82,1700
0.83,1675
0.84,1644
0.85,1729
0.86,1755
0.87,1726
0.88,1698
0.89,1711
0.9,1792
0.91,1758
0.92,1787
0.93,1863
0.94,1822
0.95,1791
0.96,1802
0.97,1855
0.98,1824
0.99,1791
1.0,1845
1.01,1855
1.02,1807
1.03,1776
1.04,1794
1.05,1904
1.06,1874
1.07,1916
1.08,1929
1.09,1886
1.1,1850
1.11,1868
1.12,1912
1.13,1888
1.14,1834
1.15,1925
1.16,1951
1.17,1917
1.18,1919
1.19,1902
1.2,1908
1.21,1820
1.22,1791
1.23,1855
1.24,1858
1.25,1891
1.26,1807
1.27,1787
1.28,1782
1.29,1790
1.3,1761
1.31,1735
1.32,1759
1.33,1747
1.34,1718
1.35,1687
1.36,1666
1.37,1656
1.38,1654
1.39,1621
1.4,1596
1.41,1601
1.42,1605
1.43,1586
1.44,1556
1.45,1539
1.46,1536
1.47,1532
1.48,1510
1.49,1478
1.5,1477
1.51,1499
1.52,1486
1.53,1461
1.54,1454
1.55,1487
1.56,1500
1.57,1427
1.58,1442
1.59,1453
1.6,1488
1.61,1439
1.62,1418
1.63,1407
1.64,1407
1.65,1403
1.66,1381
1.67,1357
1.68,1400
1.69,1424
1.7,1389
1.71,1424
1.72,1389
1.73,1424
1.74,1382
1.75,1366
1.76,1352
1.77,1332
1.78,1404
1.79,1383
1.8,1376
1.81,1380
1.82,1400
1.83,1390
1.84,1376
1.85,1354
1.86,1338
1.87,1393
1.88,1393
1.89,1386
1.9,1372
1.91,1373
1.92,1379
1.93,1420
1.94,1369
1.95,1363
1.96,1359
1.97,1424
1.98,1417
1.99,1433
2.0,1443
2.01,1460
2.02,1484
2.03,1467
2.04,1452
2.05,1488
2.06,1592
2.07,1599
2.08,1590
2.09,1595
2.1,1610
2.11,1645
2.12,1655
2.13,1636
2.14,1624
2.15,1636
2.16,1750
2.17,1745
2.18,1727
2.19,1784
2.2,1800
2.21,1840
2.22,1813
2.23,1801
2.24,1823
2.25,1904
2.26,1905
2.27,1908
2.28,1928
2.29,1968
2.3,1984
2.31,2022
2.32,1988
2.33,1980
2.34,2080
2.35,2070
2.36,2068
2.37,2111
2.38,2092
2.39,2105
2.4,2120
2.41,2122
2.42,2081
2.43,2144
2.44,2192
2.45,2176
2.46,2181
2.47,2189
2.48,2230
2.49,2216
2.5,2194
2.51,2192
2.52,2283
2.53,2274
2.54,2379
2.55,2396
2.56,2418
2.57,2439
2.58,2484
2.59,2468
2.6,2438
2.61,2472
2.62,2448
2.63,2561
2.64,2573
2.65,2572
2.66,2592
2.67,2624
2.68,2648
2.69,2643
2.7,2640
2.71,2639
2.72,2646
2.73,2744
2.74,2735
2.75,2720
2.76,2724
2.77,2738
2.78,2756
2.79,2720
2.8,2700
2.81,2709
2.82,2748
2.83,2860
2.84,2764
2.85,2760
2.86,2758
2.87,2764
2.88,2754
2.89,2717
2.9,2704
2.91,2697
2.92,2694
2.93,2816
2.94,2748
2.95,2759
2.96,2766
2.97,2795
2.98,2768
2.99,2746
3.0,2748
3.01,2760
3.02,2815
3.03,2942
3.04,2888
3.05,2943
3.06,2932
3.07,2940
3.08,2914
3.09,2903
3.1,2892
3.11,2880
3.12,2965
3.13,2969
3.14,2940
3.15,2947
3.16,2983
3.17,2966
3.18,3032
3.19,2935
3.2,2909
3.21,2914
3.22,3071
3.23,3040
3.24,2984
3.25,2989
3.26,3039
3.27,3071
3.28,3014
3.29,2991
3.3,3022
3.31,3076
3.32,3034
3.33,3014
3.34,3017
3.35,3031
3.36,3036
3.37,2996
3.38,2967
3.39,2945
3.4,2932
3.41,3042
3.42,3007
3.43,3001
3.44,2952
3.45,2995
3.46,2936
3.47,2898
3.48,2897
3.49,2828
3.5,2835
3.51,2922
3.52,2920
3.53,2871
3.54,2855
3.55,2864
3.56,2827
3.57,2799
3.58,2783
3.59,2816
3.6,2764
3.61,2815
3.62,2740
3.63,2712
3.64,2707
3.65,2724
3.66,2720
3.67,2687
3.68,2624
3.69,2582
3.7,2624
3.71,2619
3.72,2623
3.73,2560
3.74,2625
3.75,2582
3.76,2543
3.77,2562
3.78,2559
3.79,2470
3.8,2450
3.81,2448
3.82,2540
3.83,2423
3.84,2376
3.85,2463
3.86,2442
3.87,2448
3.88,2349
3.89,2376
3.9,2360
3.91,2335
3.92,2361
3.93,2360
3.94,2320
3.95,2272
3.96,2327
3.97,2219
3.98,2161
3.99,2230
4.0,2223
4.01,2178
4.02,2122
4.03,2101
4.04,2190
4.05,2164
4.06,2122
4.07,2160
4.08,2130
4.09,2099
4.1,2063
4.11,2048
4.12,2109
4.13,2090
4.14,2055
4.15,2112
4.16,2084
4.17,2036
4.18,2012
4.19,2033
4.2,2028
4.21,1976
4.22,2038
4.23,2074
4.24,2047
4.25,2047
4.26,2019
4.27,2111
4.28,2048
4.29,2034
4.3,2088
4.31,2176
4.32,2112
4.33,2064
4.34,2084
4.35,2079
4.36,2053
4.37,2080
4.38,2115
4.39,2092
4.4,2103
4.41,2048
4.42,2120
4.43,2120
4.44,2144
4.45,2136
4.46,2132
4.47,2175
4.48,2175
4.49,2112
4.5,2143
4.51,2239
4.52,2223
4.53,2140
4.54,2175
4.55,2181
4.56,2183
4.57,2178
4.58,2156
4.59,2195
4.6,2243
4.61,2204
4.62,2228
4.63,2268
4.64,2248
4.65,2254
4.66,2214
4.67,2177
4.68,2195
4.69,2211
4.7,2196
4.71,2149
4.72,2148
4.73,2152
4.74,2111
4.75,2070
4.76,2048
4.77,2070
4.78,2111
4.79,2046
4.8,2031
4.81,2063
4.82,2048
4.83,2001
4.84,1963
4.85,1970
4.86,1984
4.87,1961
4.88,1983
4.89,1990
4.9,1933
4.91,1919
4.92,1983
4.93,1979
4.94,2000
4.95,1961
4.96,2012
4.97,2016
4.98,2015
4.99,1911
5.0,1952
5.01,2015
5.02,1980
5.03,1986
5.04,1998
5.05,2005
5.06,2016
5.07,2014
5.08,1996
5.09,2011
5.1,2039
5.11,2032
5.12,2056
5.13,2073
5.14,2080
5.15,2076
5.16,2073
5.17,2111
5.18,2064
5.19,2106
5.2,2130
5.21,2159
5.22,2159
5.23,2159
5.24,2155
5.25,2158
5.26,2148
5.27,2136
5.28,2116
5.29,2135
5.3,2148
5.31,2164
5.32,2223
5.33,2174
5.34,2202
5.35,2216
5.36,2201
5.37,2157
5.38,2167
5.39,2239
5.4,2247
5.41,2220
5.42,2207
5.43,2215
5.44,2224
5.45,2228
5.46,2271
5.47,2208
5.48,2287
5.49,2352
5.5,2271
5.51,2272
5.52,2294
5.53,2320
5.54,2319
5.55,2276
5.56,2256
5.57,2282
5.58,2416
5.59,2388
5.6,2363
5.61,2418
5.62,2432
5.63,2464
5.64,2407
5.65,2375
5.66,2404
5.67,2414
5.68,2395
5.69,2431
5.7,2354
5.71,2379
5.72,2434
5.73,2423
5.74,2408
5.75,2344
5.76,2415
5.77,2476
5.78,2456
5.79,2439
5.8,2468
5.81,2528
5.82,2452
5.83,2460
5.84,2433
5.85,2468
5.86,2558
5.87,2538
5.88,2516
5.89,2516
5.9,2559
5.91,2500
5.92,2480
5.93,2435
5.94,2448
5.95,2485
5.96,2527
5.97,2473
5.98,2472
5.99,2479
6.0,2465
6.01,2437
6.02,2410
6.03,2387
6.04,2412
6.05,2455
6.06,2504
6.07,2431
6.08,2460
6.09,2499
6.1,2515
6.11,2469
6.12,2436
6.13,2475
6.14,2476
6.15,2527
6.16,2458
6.17,2559
6.18,2480
6.19,2484
6.2,2440
6.21,2418
6.22,2415
6.23,2527
6.24,2524
6.25,2484
6.26,2486
6.27,2504
6.28,2482
6.29,2449
6.3,2483
6.31,2416
6.32,2508
6.33,2511
6.34,2488
6.35,2475
6.36,2466
6.37,2478
6.38,2448
6.39,2410
6.4,2384
6.41,2412
6.42,2416
6.43,2418
6.44,2415
6.45,2452
6.46,2458
6.47,2451
6.48,2432
6.49,2359
6.5,2400
6.51,2387
6.52,2365
6.53,2338
6.54,2368
6.55,2358
6.56,2392
6.57,2368
6.58,2315
6.59,2304
6.6,2282
6.61,2254
6.62,2209
6.63,2173
6.64,2240
6.65,2224
6.66,2196
6.67,2157
6.68,2145
6.69,2134
6.7,2186
6.71,2171
6.72,2125
6.73,2111
6.74,2178
6.75,2199
6.76,2208
6.77,2154
6.78,2159
6.79,2223
6.8,2196
6.81,2160
6.82,2122
6.83,2130
6.84,2128
6.85,2111
6.86,2116
6.87,2134
6.88,2184
6.89,2223
6.9,2180
6.91,2163
6.92,2159
6.93,2208
6.94,2200
6.95,2194
6.96,2179
6.97,2183
6.98,2208
6.99,2195
7.0,2178
7.01,2168
7.02,2161
7.03,2159
7.04,2248
7.05,2230
7.06,2210
7.07,2205
7.08,2225
7.09,2234
7.1,2207
7.11,2159
7.12,2137
7.13,2123
7.14,2264
7.15,2238
7.16,2198
7.17,2205
7.18,2220
7.19,2272
7.2,2274
7.21,2200
7.22,2210
7.23,2316
7.24,2282
7.25,2271
7.26,2309
7.27,2320
7.28,2400
7.29,2372
7.3,2346
7.31,2337
7.32,2344
7.33,2434
7.34,2472
7.35,2435
7.36,2432
7.37,2439
7.38,2541
7.39,2536
7.4,2519
7.41,2524
7.42,2527
7.43,2564
7.44,2506
7.45,2503
7.46,2498
7.47,2492
7.48,2563
7.49,2604
7.5,2561
7.51,2592
7.52,2591
7.53,2570
7.54,2573
7.55,2522
7.56,2503
7.57,2504
7.58,2581
7.59,2591
7.6,2540
7.61,2528
7.62,2500
7.63,2493
7.64,2494
7.65,2492
7.66,2470
7.67,2453
7.68,2519
7.69,2491
7.7,2455
7.71,2436
7.72,2435
7.73,2448
7.74,2527
7.75,2472
7.76,2437
7.77,2408
7.78,2472
7.79,2464
7.8,2448
7.81,2431
7.82,2399
7.83,2400
7.84,2432
7.85,2383
7.86,2345
7.87,2314
7.88,2355
7.89,2360
7.9,2384
7.91,2336
7.92,2336
7.93,2318
7.94,2333
7.95,2292
7.96,2271
7.97,2212
7.98,2290
7.99,2289
8.0,2289
8.01,2242
8.02,2212
8.03,2200
8.04,2190
8.05,2146
8.06,2099
8.07,2130
8.08,2142
8.09,2111
8.1,2080
8.11,2052
8.12,2039
8.13,2126
8.14,2083
8.15,2080
8.16,2002
8.17,2069
8.18,2066
8.19,2047
8.2,2046
8.21,1986
8.22,2024
8.23,2108
8.24,2046
8.25,2001
8.26,2010
8.27,2017
8.28,1996
8.29,1964
8.3,1940
8.31,1951
8.32,1999
8.33,1962
8.34,1926
8.35,1960
8.36,1980
8.37,2000
8.38,1983
8.39,1947
8.4,1911
8.41,2004
8.42,1950
8.43,1932
8.44,1896
8.45,1952
8.46,2015
8.47,1992
8.48,1962
8.49,1951
8.5,1936
8.51,1991
8.52,1976
8.53,1953
8.54,1996
8.55,2016
8.56,1992
8.57,2008
8.58,1933
8.59,1923
8.6,2019
8.61,2060
8.62,2037
8.63,2012
8.64,2048
8.65,2044
8.66,2022
8.67,2007
8.68,2001
8.69,1940
8.7,1983
8.71,2023
8.72,2020
8.73,1992
8.74,2003
8.75,1998
8.76,1981
8.77,2016
8.78,1924
8.79,2008
8.8,2024
8.81,2014
8.82,1984
8.83,2016
8.84,2031
8.85,2078
8.86,2048
8.87,2014
8.88,2018
8.89,2059
8.9,2091
8.91,2026
8.92,2007
8.93,2056
8.94,2111
8.95,2143
8.96,2068
8.97,2079
8.98,2064
8.99,2069
9.0,2057
9.01,2064
9.02,2033
9.03,2084
9.04,2066
9.05,2039
9.06,2023
9.07,1991
9.08,2030
9.09,2152
9.1,2080
9.11,2077
9.12,2096
9.13,2113
9.14,2087
9.15,2053
9.16,2041
9.17,2020
9.18,2136
9.19,2136
9.2,2111
9.21,2095
9.22,2108
9.23,2120
9.24,2080
9.25,2048
9.26,2027
9.27,2064
9.28,2066
9.29,2058
9.3,2002
9.31,2057
9.32,2112
9.33,2067
9.34,2027
9.35,2002
9.36,2046
9.37,2057
9.38,2034
9.39,2009
9.4,2031
9.41,2062
9.42,2101
9.43,2076
9.44,2037
9.45,2020
9.46,2028
9.47,2023
9.48,2007
9.49,1992
9.5,2074
9.51,2075
9.52,2066
9.53,2023
9.54,1984
9.55,1978
9.56,1983
9.57,1971
9.58,1904
9.59,1888
9.6,1912
9.61,1898
9.62,1898
9.63,1871
9.64,1841
9.65,1809
9.66,1826
9.67,1820
9.68,1811
9.69,1784
9.7,1784
9.71,1787
9.72,1785
9.73,1759
9.74,1735
9.75,1708
9.76,1712
9.77,1718
9.78,1707
9.79,1688
9.8,1674
9.81,1685
9.82,1695
9.83,1675
9.84,1653
9.85,1631
9.86,1627
9.87,1648
9.88,1640
9.89,1621
9.9,1600
9.91,1626
9.92,1663
9.93,1616
9.94,1586
9.95,1560
9.96,1556
9.97,1572
9.98,1558
9.99,1546
