0.0,1294
0.01,1268
0.02,1258
0.03,1249
0.04,1252
0.05,1259
0.06,1242
0.07,1230
0.08,1215
0.09,1269
0.1,1284
0.11,1274
0.12,1259
0.13,1256
0.14,1242
0.15,1257
0.16,1256
0.17,1236
0.18,1224
0.19,1214
0.2,1261
0.21,1277
0.22,1266
0.23,1253
0.24,1252
0.25,1241
0.26,1251
0.27,1249
0.28,1232
0.29,1220
0.3,1211
0.31,1263
0.32,1284
0.33,1269
0.34,1258
0.35,1244
0.36,1255
0.37,1261
0.38,1281
0.39,1265
0.4,1240
0.41,1296
0.42,1292
0.43,1303
0.44,1287
0.45,1280
0.46,1283
0.47,1276
0.48,1345
0.49,1343
0.5,1328
0.51,1306
0.52,1363
0.53,1385
0.54,1378
0.55,1364
0.56,1350
0.57,1350
0.58,1393
0.59,1428
0.6,1417
0.61,1436
0.62,1387
0.63,1455
0.64,1486
0.65,1484
0.66,1474
0.67,1458
0.68,1476
0.69,1611
0.7,1651
0.71,1626
0.72,1648
0.73,1670
0.74,1707
0.75,1776
0.76,1759
0.77,1734
0.78,1745
0.79,1764
0.8,1803
0.81,1792
0.82,1751
0.83,1734
0.84,1814
0.85,1833
0.86,1809
0.87,1803
0.88,1763
0.89,1767
0.9,1823
0.91,1811
0.92,1760
0.93,1824
0.94,1854
0.95,1827
0.96,1840
0.97,1781
0.98,1791
0.99,1942
1.0,1959
1.01,1929
1.02,1898
1.03,1969
1.04,2064
1.05,2006
1.06,1975
1.07,1949
1.08,1955
1.09,2064
1.1,2090
1.11,2052
1.12,2024
1.13,2072
1.14,2056
1.15,2075
1.16,2016
1.17,1977
1.18,2000
1.19,2080
1.2,2069
1.21,2064
1.22,1997
1.23,2068
1.24,2063
1.25,2058
1.26,2027
1.27,1996
1.28,1994
1.29,2135
1.3,2139
1.31,2093
1.32,2057
1.33,2133
1.34,2189
1.35,2187
1.36,2160
1.37,2134
1.38,2128
1.39,2135
1.4,2103
1.41,2065
1.42,2030
1.43,2100
1.44,2114
1.45,2093
1.46,2083
1.47,2031
1.48,2047
1.49,2095
1.5,2036
1.51,1995
1.52,1995
1.53,2014
1.54,2014
1.55,1983
1.56,1962
1.57,1956
1.58,1929
1.59,2030
1.6,1948
1.61,1887
1.62,1887
1.63,1915
1.64,1948
1.65,1903
1.66,1878
1.67,1868
1.68,1894
1.69,1972
1.7,1966
1.71,1901
1.72,1910
1.73,1966
1.74,1984
1.75,1956
1.76,1928
1.77,1908
1.78,1958
1.79,2011
1.8,1993
1.81,1959
1.82,1947
1.83,2015
1.84,2144
1.85,2080
1.86,2050
1.87,2035
1.88,2096
1.89,2104
1.9,2064
1.91,2031
1.92,2112
1.93,2120
1.94,2130
1.95,2094
1.96,2057
1.97,2064
1.98,2147
1.99,2239
2.0,2180
2.01,2175
2.02,2216
2.03,2288
2.04,2257
2.05,2221
2.06,2196
2.07,2228
2.08,2379
2.09,2369
2.1,2319
2.11,2288
2.12,2330
2.13,2338
2.14,2302
2.15,2257
2.16,2219
2.17,2245
2.18,2344
2.19,2315
2.2,2294
2.21,2246
2.22,2287
2.23,2314
2.24,2287
2.25,2249
2.26,2279
2.27,2247
2.28,2316
2.29,2289
2.3,2242
2.31,2234
2.32,2308
2.33,2391
2.34,2400
2.35,2328
2.36,2306
2.37,2308
2.38,2306
2.39,2272
2.4,2229
2.41,2240
2.42,2272
2.43,2304
2.44,2267
2.45,2234
2.46,2211
2.47,2268
2.48,2360
2.49,2339
2.5,2299
2.51,2281
2.52,2323
2.53,2384
2.54,2323
2.55,2288
2.56,2312
2.57,2296
2.58,2296
2.59,2268
2.6,2220
2.61,2188
2.62,2222
2.63,2295
2.64,2212
2.65,2200
2.66,2154
2.67,2139
2.68,2192
2.69,2221
2.7,2122
2.71,2085
2.72,2178
2.73,2258
2.74,2272
2.75,2272
2.76,2251
2.77,2324
2.78,2384
2.79,2315
2.8,2260
2.81,2256
2.82,2324
2.83,2328
2.84,2308
2.85,2287
2.86,2222
2.87,2248
2.88,2344
2.89,2335
2.9,2303
2.91,2271
2.92,2363
2.93,2290
2.94,2255
2.95,2240
2.96,2207
2.97,2235
2.98,2203
2.99,2120
3.0,2076
3.01,2134
3.02,2146
3.03,2137
3.04,2098
3.05,2063
3.06,2043
3.07,2090
3.08,2108
3.09,2064
3.1,2024
3.11,2060
3.12,2120
3.13,2125
3.14,2094
3.15,2087
3.16,2074
3.17,2272
3.18,2238
3.19,2194
3.2,2176
3.21,2271
3.22,2267
3.23,2252
3.24,2209
3.25,2191
3.26,2232
3.27,2350
3.28,2323
3.29,2285
3.3,2274
3.31,2383
3.32,2348
3.33,2318
3.34,2276
3.35,2240
3.36,2284
3.37,2431
3.38,2407
3.39,2369
3.4,2374
3.41,2450
3.42,2516
3.43,2480
3.44,2451
3.45,2384
3.46,2460
3.47,2520
3.48,2566
3.49,2512
3.5,2477
3.51,2519
3.52,2595
3.53,2558
3.54,2556
3.55,2476
3.56,2504
3.57,2576
3.58,2555
3.59,2523
3.6,2473
3.61,2552
3.62,2608
3.63,2576
3.64,2519
3.65,2467
3.66,2461
3.67,2503
3.68,2463
3.69,2420
3.7,2374
3.71,2427
3.72,2441
3.73,2427
3.74,2386
3.75,2341
3.76,2320
3.77,2348
3.78,2347
3.79,2319
3.8,2288
3.81,2280
3.82,2311
3.83,2331
3.84,2296
3.85,2260
3.86,2218
3.87,2223
3.88,2267
3.89,2239
3.9,2261
3.91,2195
3.92,2247
3.93,2274
3.94,2248
3.95,2210
3.96,2165
3.97,2216
3.98,2208
3.99,2184
4.0,2157
4.01,2156
4.02,2207
4.03,2239
4.04,2214
4.05,2193
4.06,2129
4.07,2166
4.08,2227
4.09,2176
4.1,2146
4.11,2123
4.12,2220
4.13,2242
4.14,2217
4.15,2185
4.16,2158
4.17,2193
4.18,2275
4.19,2275
4.2,2247
4.21,2272
4.22,2284
4.23,2379
4.24,2392
4.25,2360
4.26,2328
4.27,2348
4.28,2504
4.29,2560
4.3,2497
4.31,2469
4.32,2571
4.33,2595
4.34,2620
4.35,2592
4.36,2526
4.37,2533
4.38,2678
4.39,2699
4.4,2676
4.41,2639
4.42,2720
4.43,2760
4.44,2811
4.45,2755
4.46,2708
4.47,2676
4.48,2770
4.49,2850
4.5,2824
4.51,2784
4.52,2812
4.53,2856
4.54,2826
4.55,2768
4.56,2708
4.57,2710
4.58,2751
4.59,2723
4.6,2702
4.61,2672
4.62,2720
4.63,2740
4.64,2731
4.65,2693
4.66,2644
4.67,2612
4.68,2720
4.69,2732
4.7,2756
4.71,2686
4.72,2752
4.73,2835
4.74,2832
4.75,2824
4.76,2744
4.77,2751
4.78,2823
4.79,2815
4.8,2782
4.81,2751
4.82,2816
4.83,2880
4.84,2860
4.85,2822
4.86,2806
4.87,2812
4.88,2880
4.89,2840
4.9,2814
4.91,2820
4.92,2908
4.93,2969
4.94,2958
4.95,2932
4.96,2864
4.97,3008
4.98,3017
4.99,3010
5.0,2992
5.01,2992
5.02,3045
5.03,3116
5.04,3100
5.05,3056
5.06,3007
5.07,3044
5.08,3146
5.09,3176
5.1,3104
5.11,3100
5.12,3133
5.13,3200
5.14,3124
5.15,3075
5.16,3022
5.17,3043
5.18,3136
5.19,3072
5.2,3033
5.21,3035
5.22,3096
5.23,3080
5.24,3042
5.25,3004
5.26,3119
5.27,3135
5.28,3044
5.29,3112
5.3,3140
5.31,3147
5.32,3167
5.33,3103
5.34,3184
5.35,3272
5.36,3224
5.37,3198
5.38,3310
5.39,3423
5.4,3328
5.41,3271
5.42,3232
5.43,3319
5.44,3328
5.45,3235
5.46,3290
5.47,3352
5.48,3312
5.49,3252
5.5,3216
5.51,3320
5.52,3324
5.53,3278
5.54,3264
5.55,3360
5.56,3252
5.57,3172
5.58,3215
5.59,3348
5.6,3311
5.61,3295
5.62,3344
5.63,3401
5.64,3311
5.65,3278
5.66,3536
5.67,3472
5.68,3396
5.69,3486
5.7,3694
5.71,3524
5.72,3457
5.73,3457
5.74,3543
5.75,3518
5.76,3454
5.77,3520
5.78,3648
5.79,3468
5.8,3384
5.81,3493
5.82,3647
5.83,3572
5.84,3584
5.85,3647
5.86,3666
5.87,3583
5.88,3528
5.89,3682
5.9,3787
5.91,3727
5.92,3688
5.93,3713
5.94,3712
5.95,3561
5.96,3492
5.97,3643
5.98,3712
5.99,3599
6.0,3642
6.01,3663
6.02,3647
6.03,3481
6.04,3489
6.05,3712
6.06,3606
6.07,3533
6.08,3637
6.09,3563
6.1,3607
6.11,3532
6.12,3459
6.13,3432
6.14,3472
6.15,3407
6.16,3359
6.17,3391
6.18,3464
6.19,3391
6.2,3266
6.21,3300
6.22,3528
6.23,3379
6.24,3344
6.25,3388
6.26,3401
6.27,3308
6.28,3300
6.29,3584
6.3,3553
6.31,3436
6.32,3489
6.33,3460
6.34,3340
6.35,3332
6.36,3488
6.37,3418
6.38,3341
6.39,3484
6.4,3506
6.41,3488
6.42,3347
6.43,3497
6.44,3561
6.45,3519
6.46,3428
6.47,3504
6.48,3587
6.49,3512
6.5,3432
6.51,3442
6.52,3455
6.53,3368
6.54,3328
6.55,3455
6.56,3483
6.57,3375
6.58,3254
6.59,3329
6.6,3392
6.61,3280
6.62,3332
6.63,3364
6.64,3269
6.65,3208
6.66,3432
6.67,3485
6.68,3390
6.69,3455
6.7,3419
6.71,3391
6.72,3315
6.73,3264
6.74,3439
6.75,3353
6.76,3288
6.77,3400
6.78,3547
6.79,3366
6.8,3335
6.81,3567
6.82,3496
6.83,3408
6.84,3536
6.85,3571
6.86,3518
6.87,3400
6.88,3519
6.89,3387
6.9,3307
6.91,3419
6.92,3479
6.93,3455
6.94,3406
6.95,3288
6.96,3535
6.97,3431
6.98,3491
6.99,3516
7.0,3536
7.01,3472
7.02,3396
7.03,3360
7.04,3473
7.05,3623
7.06,3584
7.07,3480
7.08,3524
7.09,3520
7.1,3495
7.11,3424
7.12,3365
7.13,3380
7.14,3448
7.15,3492
7.16,3437
7.17,3366
7.18,3429
7.19,3519
7.2,3519
7.21,3432
7.22,3378
7.23,3360
7.24,3495
7.25,3634
7.26,3596
7.27,3497
7.28,3584
7.29,3601
7.3,3656
7.31,3571
7.32,3520
7.33,3462
7.34,3551
7.35,3552
7.36,3479
7.37,3392
7.38,3528
7.39,3567
7.4,3520
7.41,3520
7.42,3401
7.43,3484
7.44,3712
7.45,3611
7.46,3512
7.47,3591
7.48,3603
7.49,3565
7.5,3496
7.51,3488
7.52,3428
7.53,3499
7.54,3666
7.55,3608
7.56,3547
7.57,3537
7.58,3620
7.59,3632
7.6,3568
7.61,3584
7.62,3516
7.63,3585
7.64,3779
7.65,3699
7.66,3631
7.67,3672
7.68,3704
7.69,3784
7.7,3718
7.71,3720
7.72,3744
7.73,3732
7.74,3812
7.75,3690
7.76,3711
7.77,3744
7.78,3743
7.79,3748
7.8,3672
7.81,3656
7.82,3655
7.83,3808
7.84,3724
7.85,3653
7.86,3627
7.87,3774
7.88,3762
7.89,3776
7.9,3652
7.91,3637
7.92,3636
7.93,3676
7.94,3580
7.95,3525
7.96,3595
7.97,3616
7.98,3576
7.99,3544
8.0,3511
8.01,3519
8.02,3700
8.03,3655
8.04,3586
8.05,3539
8.06,3635
8.07,3619
8.08,3648
8.09,3614
8.1,3508
8.11,3583
8.12,3542
8.13,3520
8.14,3536
8.15,3488
8.16,3519
8.17,3529
8.18,3452
8.19,3455
8.2,3426
8.21,3456
8.22,3495
8.23,3420
8.24,3376
8.25,3444
8.26,3484
8.27,3525
8.28,3480
8.29,3444
8.3,3456
8.31,3479
8.32,3441
8.33,3392
8.34,3356
8.35,3568
8.36,3511
8.37,3564
8.38,3503
8.39,3484
8.4,3460
8.41,3504
8.42,3568
8.43,3412
8.44,3456
8.45,3540
8.46,3539
8.47,3489
8.48,3456
8.49,3444
8.5,3510
8.51,3585
8.52,3536
8.53,3535
8.54,3560
8.55,3632
8.56,3648
8.57,3542
8.58,3523
8.59,3524
8.6,3529
8.61,3519
8.62,3469
8.63,3520
8.64,3538
8.65,3524
8.66,3484
8.67,3458
8.68,3437
8.69,3448
8.7,3504
8.71,3429
8.72,3397
8.73,3387
8.74,3512
8.75,3570
8.76,3506
8.77,3520
8.78,3583
8.79,3551
8.8,3551
8.81,3471
8.82,3456
8.83,3497
8.84,3592
8.85,3604
8.86,3556
8.87,3544
8.88,3545
8.89,3572
8.9,3647
8.91,3541
8.92,3480
8.93,3636
8.94,3608
8.95,3584
8.96,3548
8.97,3527
8.98,3513
8.99,3617
9.0,3696
9.01,3631
9.02,3607
9.03,3716
9.04,3796
9.05,3689
9.06,3623
9.07,3625
9.08,3624
9.09,3788
9.1,3736
9.11,3692
9.12,3685
9.13,3768
9.14,3761
9.15,3695
9.16,3716
9.17,3681
9.18,3692
9.19,3730
9.2,3750
9.21,3616
9.22,3672
9.23,3744
9.24,3808
9.25,3701
9.26,3684
9.27,3667
9.28,3816
9.29,3725
9.3,3713
9.31,3660
9.32,3840
9.33,3872
9.34,3792
9.35,3760
9.36,3747
9.37,3748
9.38,3779
9.39,3703
9.4,3672
9.41,3738
9.42,3772
9.43,3733
9.44,3712
9.45,3708
9.46,3668
9.47,3704
9.48,3763
9.49,3708
9.5,3718
9.51,3840
9.52,3788
9.53,3744
9.54,3711
9.55,3688
9.56,3680
9.57,3840
9.58,3792
9.59,3726
9.6,3687
9.61,3792
9.62,3768
9.63,3720
9.64,3686
9.65,3666
9.66,3662
9.67,3713
9.68,3702
9.69,3657
9.7,3632
9.71,3772
9.72,3840
9.73,3737
9.74,3707
9.75,3701
9.76,3699
9.77,3755
9.78,3696
9.79,3644
9.8,3631
9.81,3792
9.82,3807
9.83,3748
9.84,3720
9.85,3710
9.86,3704
9.87,3748
9.88,3692
9.89,3644
9.9,3618
9.91,3741
9.92,3715
9.93,3669
9.94,3636
9.95,3619
9.96,3582
9.97,3662
9.98,3649
9.99,3599
