0.0,1119
0.01,1102
0.02,1109
0.03,1122
0.04,1117
0.05,1117
0.06,1111
0.07,1149
0.08,1152
0.09,1144
0.1,1128
0.11,1116
0.12,1101
0.13,1114
0.14,1119
0.15,1113
0.16,1102
0.17,1092
0.18,1126
0.19,1136
0.2,1122
0.21,1110
0.22,1096
0.23,1091
0.24,1111
0.25,1112
0.26,1106
0.27,1104
0.28,1094
0.29,1133
0.3,1141
0.31,1130
0.32,1111
0.33,1099
0.34,1100
0.35,1120
0.36,1108
0.37,1102
0.38,1094
0.39,1120
0.4,1132
0.41,1130
0.42,1114
0.43,1099
0.44,1089
0.45,1095
0.46,1108
0.47,1100
0.48,1088
0.49,1077
0.5,1108
0.51,1114
0.52,1110
0.53,1096
0.54,1080
0.55,1073
0.56,1083
0.57,1093
0.58,1082
0.59,1073
0.6,1062
0.61,1103
0.62,1110
0.63,1104
0.64,1091
0.65,1079
0.66,1097
0.67,1096
0.68,1094
0.69,1090
0.7,1080
0.71,1091
0.72,1116
0.73,1116
0.74,1113
0.75,1091
0.76,1116
0.77,1092
0.78,1103
0.79,1119
0.8,1069
0.81,1080
0.82,1136
0.83,1124
0.84,1110
0.85,1130
0.86,1109
0.87,1125
0.88,1148
0.89,1140
0.9,1122
0.91,1153
0.92,1288
0.93,1266
0.94,1251
0.95,1240
0.96,1259
0.97,1280
0.98,1343
0.99,1336
1.0,1316
1.01,1311
1.02,1364
1.03,1361
1.04,1355
1.05,1332
1.06,1322
1.07,1329
1.08,1332
1.09,1332
1.1,1296
1.11,1304
1.12,1351
1.13,1361
1.14,1344
1.15,1348
1.16,1332
1.17,1350
1.18,1379
1.19,1367
1.2,1344
1.21,1363
1.22,1398
1.23,1409
1.24,1376
1.25,1356
1.26,1348
1.27,1356
1.28,1365
1.29,1342
1.3,1324
1.31,1334
1.32,1410
1.33,1414
1.34,1389
1.35,1366
1.36,1352
1.37,1359
1.38,1376
1.39,1376
1.4,1350
1.41,1331
1.42,1417
1.43,1404
1.44,1396
1.45,1365
1.46,1353
1.47,1376
1.48,1389
1.49,1376
1.5,1364
1.51,1336
1.52,1417
1.53,1407
1.54,1388
1.55,1381
1.56,1356
1.57,1369
1.58,1383
1.59,1367
1.6,1349
1.61,1344
1.62,1372
1.63,1388
1.64,1372
1.65,1362
1.66,1334
1.67,1359
1.68,1365
1.69,1359
1.7,1347
1.71,1326
1.72,1409
1.73,1455
1.74,1423
1.75,1395
1.76,1390
1.77,1381
1.78,1409
1.79,1395
1.8,1369
1.81,1350
1.82,1447
1.83,1474
1.84,1446
1.85,1422
1.86,1407
1.87,1413
1.88,1456
1.89,1445
1.9,1425
1.91,1416
1.92,1470
1.93,1471
1.94,1459
1.95,1437
1.96,1427
1.97,1421
1.98,1456
1.99,1432
2.0,1438
2.01,1398
2.02,1467
2.03,1483
2.04,1447
2.05,1434
2.06,1418
2.07,1441
2.08,1485
2.09,1496
2.1,1472
2.11,1452
2.12,1535
2.13,1534
2.14,1550
2.15,1526
2.16,1501
2.17,1504
2.18,1520
2.19,1493
2.2,1471
2.21,1446
2.22,1511
2.23,1547
2.24,1532
2.25,1509
2.26,1520
2.27,1482
2.28,1496
2.29,1488
2.3,1472
2.31,1451
2.32,1442
2.33,1531
2.34,1521
2.35,1501
2.36,1483
2.37,1471
2.38,1458
2.39,1475
2.4,1465
2.41,1452
2.42,1440
2.43,1527
2.44,1532
2.45,1509
2.46,1485
2.47,1470
2.48,1482
2.49,1521
2.5,1507
2.51,1494
2.52,1472
2.53,1525
2.54,1530
2.55,1516
2.56,1493
2.57,1475
2.58,1477
2.59,1510
2.6,1509
2.61,1486
2.62,1536
2.63,1502
2.64,1491
2.65,1472
2.66,1448
2.67,1435
2.68,1439
2.69,1476
2.7,1470
2.71,1451
2.72,1438
2.73,1495
2.74,1482
2.75,1476
2.76,1452
2.77,1464
2.78,1424
2.79,1458
2.8,1477
2.81,1462
2.82,1435
2.83,1480
2.84,1524
2.85,1471
2.86,1448
2.87,1450
2.88,1443
2.89,1457
2.9,1451
2.91,1432
2.92,1430
2.93,1456
2.94,1485
2.95,1477
2.96,1456
2.97,1442
2.98,1463
2.99,1460
3.0,1461
3.01,1440
3.02,1417
3.03,1464
3.04,1486
3.05,1479
3.06,1463
3.07,1451
3.08,1468
3.09,1521
3.1,1557
3.11,1517
3.12,1495
3.13,1591
3.14,1597
3.15,1586
3.16,1569
3.17,1598
3.18,1575
3.19,1587
3.2,1614
3.21,1599
3.22,1583
3.23,1599
3.24,1664
3.25,1666
3.26,1644
3.27,1630
3.28,1631
3.29,1679
3.3,1668
3.31,1645
3.32,1635
3.33,1648
3.34,1702
3.35,1718
3.36,1699
3.37,1655
3.38,1650
3.39,1653
3.4,1664
3.41,1632
3.42,1605
3.43,1650
3.44,1692
3.45,1659
3.46,1641
3.47,1621
3.48,1614
3.49,1633
3.5,1616
3.51,1591
3.52,1556
3.53,1638
3.54,1639
3.55,1618
3.56,1591
3.57,1569
3.58,1616
3.59,1605
3.6,1654
3.61,1634
3.62,1614
3.63,1615
3.64,1677
3.65,1681
3.66,1659
3.67,1653
3.68,1626
3.69,1680
3.7,1640
3.71,1617
3.72,1595
3.73,1597
3.74,1705
3.75,1714
3.76,1702
3.77,1691
3.78,1711
3.79,1700
3.8,1752
3.81,1697
3.82,1663
3.83,1680
3.84,1763
3.85,1766
3.86,1751
3.87,1743
3.88,1734
3.89,1725
3.9,1737
3.91,1719
3.92,1696
3.93,1671
3.94,1735
3.95,1722
3.96,1758
3.97,1710
3.98,1696
3.99,1699
4.0,1722
4.01,1711
4.02,1711
4.03,1682
4.04,1769
4.05,1765
4.06,1742
4.07,1759
4.08,1751
4.09,1770
4.1,1838
4.11,1819
4.12,1843
4.13,1836
4.14,1802
4.15,1821
4.16,1792
4.17,1764
4.18,1762
4.19,1783
4.2,1752
4.21,1721
4.22,1700
4.23,1727
4.24,1794
4.25,1788
4.26,1760
4.27,1745
4.28,1739
4.29,1726
4.3,1720
4.31,1743
4.32,1684
4.33,1680
4.34,1783
4.35,1791
4.36,1754
4.37,1719
4.38,1704
4.39,1726
4.4,1728
4.41,1697
4.42,1690
4.43,1702
4.44,1747
4.45,1750
4.46,1729
4.47,1701
4.48,1687
4.49,1686
4.5,1750
4.51,1735
4.52,1705
4.53,1684
4.54,1740
4.55,1727
4.56,1715
4.57,1708
4.58,1704
4.59,1716
4.6,1772
4.61,1757
4.62,1731
4.63,1758
4.64,1777
4.65,1773
4.66,1747
4.67,1726
4.68,1718
4.69,1733
4.7,1754
4.71,1718
4.72,1689
4.73,1677
4.74,1798
4.75,1764
4.76,1754
4.77,1747
4.78,1716
4.79,1767
4.8,1739
4.81,1713
4.82,1687
4.83,1675
4.84,1762
4.85,1764
4.86,1765
4.87,1740
4.88,1712
4.89,1704
4.9,1708
4.91,1688
4.92,1667
4.93,1640
4.94,1760
4.95,1685
4.96,1653
4.97,1626
4.98,1633
4.99,1693
5.0,1696
5.01,1661
5.02,1631
5.03,1694
5.04,1690
5.05,1673
5.06,1640
5.07,1613
5.08,1616
5.09,1693
5.1,1698
5.11,1677
5.12,1667
5.13,1679
5.14,1695
5.15,1663
5.16,1639
5.17,1647
5.18,1634
5.19,1622
5.2,1597
5.21,1585
5.22,1666
5.23,1672
5.24,1673
5.25,1647
5.26,1619
5.27,1632
5.28,1644
5.29,1664
5.3,1602
5.31,1585
5.32,1666
5.33,1677
5.34,1634
5.35,1604
5.36,1596
5.37,1623
5.38,1627
5.39,1586
5.4,1568
5.41,1641
5.42,1644
5.43,1642
5.44,1600
5.45,1615
5.46,1619
5.47,1672
5.48,1667
5.49,1632
5.5,1674
5.51,1683
5.52,1659
5.53,1663
5.54,1608
5.55,1607
5.56,1653
5.57,1699
5.58,1670
5.59,1657
5.6,1719
5.61,1720
5.62,1710
5.63,1684
5.64,1658
5.65,1712
5.66,1686
5.67,1692
5.68,1652
5.69,1673
5.7,1727
5.71,1725
5.72,1699
5.73,1675
5.74,1700
5.75,1699
5.76,1672
5.77,1656
5.78,1674
5.79,1723
5.8,1736
5.81,1706
5.82,1722
5.83,1654
5.84,1672
5.85,1711
5.86,1684
5.87,1663
5.88,1723
5.89,1723
5.9,1707
5.91,1685
5.92,1670
5.93,1673
5.94,1791
5.95,1740
5.96,1729
5.97,1732
5.98,1756
5.99,1752
6.0,1732
6.01,1711
6.02,1711
6.03,1704
6.04,1762
6.05,1752
6.06,1741
6.07,1758
6.08,1768
6.09,1786
6.1,1743
6.11,1703
6.12,1721
6.13,1760
6.14,1717
6.15,1710
6.16,1759
6.17,1766
6.18,1758
6.19,1725
6.2,1706
6.21,1772
6.22,1750
6.23,1764
6.24,1744
6.25,1739
6.26,1801
6.27,1786
6.28,1762
6.29,1771
6.3,1728
6.31,1714
6.32,1767
6.33,1723
6.34,1728
6.35,1715
6.36,1760
6.37,1760
6.38,1767
6.39,1743
6.4,1711
6.41,1673
6.42,1663
6.43,1664
6.44,1647
6.45,1632
6.46,1655
6.47,1649
6.48,1616
6.49,1566
6.5,1567
6.51,1537
6.52,1582
6.53,1528
6.54,1513
6.55,1519
6.56,1541
6.57,1536
6.58,1486
6.59,1499
6.6,1453
6.61,1503
6.62,1442
6.63,1423
6.64,1408
6.65,1434
6.66,1437
6.67,1423
6.68,1389
6.69,1381
6.7,1367
6.71,1376
6.72,1360
6.73,1344
6.74,1332
6.75,1407
6.76,1394
6.77,1375
6.78,1396
6.79,1354
6.8,1366
6.81,1368
6.82,1359
6.83,1329
6.84,1427
6.85,1464
6.86,1415
6.87,1410
6.88,1405
6.89,1432
6.9,1492
6.91,1512
6.92,1472
6.93,1491
6.94,1572
6.95,1563
6.96,1559
6.97,1562
6.98,1589
6.99,1610
7.0,1627
7.01,1602
7.02,1592
7.03,1639
7.04,1663
7.05,1628
7.06,1611
7.07,1606
7.08,1620
7.09,1655
7.1,1595
7.11,1559
7.12,1638
7.13,1645
7.14,1635
7.15,1616
7.16,1616
7.17,1647
7.18,1644
7.19,1616
7.2,1598
7.21,1608
7.22,1681
7.23,1690
7.24,1656
7.25,1633
7.26,1664
7.27,1633
7.28,1665
7.29,1599
7.3,1616
7.31,1658
7.32,1648
7.33,1632
7.34,1609
7.35,1620
7.36,1657
7.37,1668
7.38,1640
7.39,1638
7.4,1695
7.41,1682
7.42,1664
7.43,1622
7.44,1611
7.45,1696
7.46,1716
7.47,1702
7.48,1678
7.49,1699
7.5,1700
7.51,1699
7.52,1676
7.53,1680
7.54,1655
7.55,1679
7.56,1695
7.57,1627
7.58,1627
7.59,1683
7.6,1705
7.61,1675
7.62,1644
7.63,1649
7.64,1708
7.65,1726
7.66,1702
7.67,1678
7.68,1758
7.69,1751
7.7,1751
7.71,1720
7.72,1688
7.73,1690
7.74,1706
7.75,1719
7.76,1692
7.77,1696
7.78,1776
7.79,1776
7.8,1714
7.81,1684
7.82,1704
7.83,1676
7.84,1749
7.85,1763
7.86,1746
7.87,1728
7.88,1770
7.89,1775
7.9,1762
7.91,1734
7.92,1705
7.93,1744
7.94,1755
7.95,1699
7.96,1684
7.97,1733
7.98,1728
7.99,1713
8.0,1702
8.01,1672
8.02,1691
8.03,1707
8.04,1743
8.05,1694
8.06,1704
8.07,1720
8.08,1729
8.09,1712
8.1,1689
8.11,1679
8.12,1702
8.13,1702
8.14,1698
8.15,1692
8.16,1800
8.17,1832
8.18,1800
8.19,1786
8.2,1783
8.21,1763
8.22,1828
8.23,1788
8.24,1823
8.25,1831
8.26,1823
8.27,1814
8.28,1792
8.29,1774
8.3,1780
8.31,1919
8.32,1903
8.33,1903
8.34,1944
8.35,1952
8.36,1948
8.37,1967
8.38,1913
8.39,1896
8.4,1914
8.41,2032
8.42,2046
8.43,1997
8.44,2008
8.45,2014
8.46,2008
8.47,1991
8.48,1970
8.49,1948
8.5,1988
8.51,2019
8.52,2044
8.53,1999
8.54,2040
8.55,2043
8.56,2031
8.57,2016
8.58,1980
8.59,2007
8.6,2047
8.61,2010
8.62,2004
8.63,2050
8.64,2063
8.65,2080
8.66,2065
8.67,2096
8.68,2060
8.69,2149
8.7,2079
8.71,2057
8.72,2048
8.73,2126
8.74,2111
8.75,2050
8.76,2025
8.77,2038
8.78,2129
8.79,2127
8.8,2104
8.81,2144
8.82,2152
8.83,2143
8.84,2124
8.85,2102
8.86,2092
8.87,2160
8.88,2179
8.89,2166
8.9,2176
8.91,2169
8.92,2168
8.93,2152
8.94,2127
8.95,2111
8.96,2142
8.97,2145
8.98,2136
8.99,2128
9.0,2148
9.01,2156
9.02,2180
9.03,2162
9.04,2152
9.05,2118
9.06,2179
9.07,2220
9.08,2156
9.09,2146
9.1,2184
9.11,2216
9.12,2204
9.13,2220
9.14,2136
9.15,2164
9.16,2154
9.17,2148
9.18,2136
9.19,2164
9.2,2175
9.21,2141
9.22,2116
9.23,2081
9.24,2127
9.25,2138
9.26,2129
9.27,2116
9.28,2147
9.29,2176
9.3,2132
9.31,2110
9.32,2076
9.33,2068
9.34,2164
9.35,2166
9.36,2168
9.37,2132
9.38,2146
9.39,2150
9.4,2136
9.41,2108
9.42,2083
9.43,2104
9.44,2120
9.45,2104
9.46,2096
9.47,2104
9.48,2115
9.49,2175
9.5,2112
9.51,2071
9.52,2064
9.53,2095
9.54,2091
9.55,2069
9.56,2128
9.57,2107
9.58,2144
9.59,2136
9.6,2113
9.61,2133
9.62,2103
9.63,2096
9.64,2068
9.65,2125
9.66,2153
9.67,2110
9.68,2093
9.69,2072
9.7,2036
9.71,2091
9.72,2099
9.73,2068
9.74,2060
9.75,2100
9.76,2092
9.77,2079
9.78,2079
9.79,2019
9.8,2064
9.81,2099
9.82,2082
9.83,2066
9.84,2083
9.85,2081
9.86,2052
9.87,2026
9.88,2000
9.89,2043
9.9,2063
9.91,2044
9.92,2026
9.93,2087
9.94,2064
9.95,2112
9.96,2049
9.97,2012
9.98,2040
9.99,2025
