0.0,767
0.001,769
0.002,769
0.003,774
0.004,803
0.005,794
0.006,777
0.007,761
0.008,783
0.009,770
0.01,772
0.011,797
0.012,787
0.013,772
0.014,768
0.015,796
0.016,807
0.017,814
0.018,887
0.019,871
0.02,856
0.021,862
0.022,858
0.023,850
0.024,889
0.025,917
0.026,892
0.027,878
0.028,886
0.029,902
0.03,896
0.031,934
0.032,935
0.033,914
0.034,890
0.035,913
0.036,917
0.037,908
0.038,953
0.039,959
0.04,927
0.041,909
0.042,924
0.043,915
0.044,907
0.045,956
0.046,936
0.047,916
0.048,911
0.049,919
0.05,910
0.051,903
0.052,982
0.053,957
0.054,951
0.055,948
0.056,940
0.057,919
0.058,960
0.059,977
0.06,952
0.061,923
0.062,925
0.063,930
0.064,945
0.065,958
0.066,945
0.067,922
0.068,887
0.069,891
0.07,896
0.071,887
0.072,906
0.073,901
0.074,874
0.075,859
0.076,881
0.077,864
0.078,857
0.079,903
0.08,901
0.081,877
0.082,866
0.083,882
0.084,860
0.085,869
0.086,902
0.087,878
0.088,858
0.089,843
0.09,841
0.091,845
0.092,861
0.093,871
0.094,864
0.095,860
0.096,843
0.097,843
0.098,823
0.099,863
0.1,876
0.101,841
0.102,821
0.103,825
0.104,851
0.105,845
0.106,862
0.107,863
0.108,838
0.109,827
0.11,836
0.111,832
0.112,802
0.113,826
0.114,836
0.115,822
0.116,830
0.117,862
0.118,872
0.119,876
0.12,902
0.121,898
0.122,889
0.123,899
0.124,920
0.125,905
0.126,909
0.127,951
0.128,927
0.129,903
0.13,907
0.131,921
0.132,899
0.133,912
0.134,916
0.135,906
0.136,881
0.137,873
0.138,884
0.139,875
0.14,888
0.141,914
0.142,894
0.143,876
0.144,883
0.145,881
0.146,863
0.147,880
0.148,892
0.149,881
0.15,892
0.151,892
0.152,874
0.153,877
0.154,891
0.155,906
0.156,896
0.157,859
0.158,895
0.159,896
0.16,880
0.161,891
0.162,887
0.163,864
0.164,852
0.165,859
0.166,832
0.167,813
0.168,844
0.169,816
0.17,799
0.171,804
0.172,807
0.173,789
0.174,786
0.175,827
0.176,811
0.177,792
0.178,802
0.179,799
0.18,782
0.181,806
0.182,831
0.183,808
0.184,797
0.185,805
0.186,801
0.187,769
0.188,782
0.189,795
0.19,790
0.191,793
0.192,809
0.193,801
0.194,786
0.195,855
0.196,858
0.197,847
0.198,856
0.199,854
0.2,827
0.201,816
0.202,850
0.203,842
0.204,828
0.205,837
0.206,835
0.207,832
0.208,812
0.209,841
0.21,849
0.211,843
0.212,842
0.213,837
0.214,825
0.215,808
0.216,841
0.217,831
0.218,822
0.219,840
0.22,846
0.221,844
0.222,851
0.223,866
0.224,880
0.225,873
0.226,895
0.227,892
0.228,857
0.229,865
0.23,886
0.231,895
0.232,902
0.233,936
0.234,941
0.235,893
0.236,914
0.237,936
0.238,967
0.239,970
0.24,994
0.241,983
0.242,992
0.243,1003
0.244,1029
0.245,1049
0.246,1066
0.247,1067
0.248,1047
0.249,1068
0.25,1099
0.251,1108
0.252,1122
0.253,1164
0.254,1187
0.255,1188
0.256,1179
0.257,1189
0.258,1207
0.259,1228
0.26,1291
0.261,1283
0.262,1260
0.263,1250
0.264,1272
0.265,1313
0.266,1303
0.267,1332
0.268,1322
0.269,1358
0.27,1350
0.271,1355
0.272,1394
0.273,1439
0.274,1488
0.275,1468
0.276,1464
0.277,1452
0.278,1524
0.279,1569
0.28,1593
0.281,1573
0.282,1565
0.283,1571
0.284,1612
0.285,1663
0.286,1704
0.287,1697
0.288,1695
0.289,1702
0.29,1721
0.291,1757
0.292,1816
0.293,1816
0.294,1812
0.295,1791
0.296,1822
0.297,1832
0.298,1879
0.299,1904
0.3,1871
0.301,1902
0.302,1904
0.303,1988
0.304,1983
0.305,2010
0.306,2000
0.307,2013
0.308,2027
0.309,2016
0.31,2046
0.311,2028
0.312,2017
0.313,2084
0.314,2080
0.315,2094
0.316,2104
0.317,2129
0.318,2123
0.319,2091
0.32,2136
0.321,2176
0.322,2168
0.323,2175
0.324,2192
0.325,2138
0.326,2176
0.327,2222
0.328,2205
0.329,2212
0.33,2232
0.331,2217
0.332,2203
0.333,2238
0.334,2240
0.335,2231
0.336,2225
0.337,2272
0.338,2269
0.339,2312
0.34,2307
0.341,2326
0.342,2336
0.343,2327
0.344,2315
0.345,2323
0.346,2340
0.347,2287
0.348,2324
0.349,2298
0.35,2330
0.351,2352
0.352,2311
0.353,2250
0.354,2315
0.355,2351
0.356,2414
0.357,2355
0.358,2319
0.359,2311
0.36,2367
0.361,2368
0.362,2446
0.363,2444
0.364,2386
0.365,2416
0.366,2380
0.367,2377
0.368,2328
0.369,2464
0.37,2476
0.371,2475
0.372,2487
0.373,2480
0.374,2480
0.375,2487
0.376,2536
0.377,2496
0.378,2459
0.379,2427
0.38,2400
0.381,2432
0.382,2496
0.383,2525
0.384,2441
0.385,2444
0.386,2448
0.387,2464
0.388,2472
0.389,2458
0.39,2467
0.391,2471
0.392,2455
0.393,2431
0.394,2489
0.395,2427
0.396,2454
0.397,2399
0.398,2365
0.399,2425
0.4,2494
0.401,2464
0.402,2448
0.403,2383
0.404,2445
0.405,2424
0.406,2386
0.407,2392
0.408,2411
0.409,2424
0.41,2479
0.411,2415
0.412,2382
0.413,2405
0.414,2456
0.415,2450
0.416,2418
0.417,2412
0.418,2404
0.419,2439
0.42,2413
0.421,2492
0.422,2400
0.423,2446
0.424,2436
0.425,2467
0.426,2417
0.427,2400
0.428,2457
0.429,2432
0.43,2412
0.431,2454
0.432,2448
0.433,2368
0.434,2507
0.435,2491
0.436,2466
0.437,2434
0.438,2499
0.439,2560
0.44,2487
0.441,2466
0.442,2442
0.443,2381
0.444,2399
0.445,2420
0.446,2463
0.447,2472
0.448,2447
0.449,2537
0.45,2528
0.451,2527
0.452,2472
0.453,2448
0.454,2445
0.455,2474
0.456,2435
0.457,2428
0.458,2399
0.459,2428
0.46,2443
0.461,2427
0.462,2436
0.463,2412
0.464,2528
0.465,2532
0.466,2527
0.467,2499
0.468,2488
0.469,2465
0.47,2521
0.471,2532
0.472,2487
0.473,2492
0.474,2439
0.475,2450
0.476,2429
0.477,2445
0.478,2421
0.479,2438
0.48,2464
0.481,2427
0.482,2392
0.483,2411
0.484,2376
0.485,2354
0.486,2474
0.487,2430
0.488,2423
0.489,2393
0.49,2383
0.491,2406
0.492,2369
0.493,2423
0.494,2398
0.495,2357
0.496,2370
0.497,2359
0.498,2392
0.499,2359
0.5,2347
0.501,2344
0.502,2343
0.503,2340
0.504,2398
0.505,2368
0.506,2369
0.507,2359
0.508,2325
0.509,2335
0.51,2336
0.511,2329
0.512,2298
0.513,2300
0.514,2300
0.515,2279
0.516,2320
0.517,2331
0.518,2368
0.519,2308
0.52,2291
0.521,2252
0.522,2240
0.523,2252
0.524,2251
0.525,2279
0.526,2275
0.527,2257
0.528,2240
0.529,2256
0.53,2272
0.531,2270
0.532,2257
0.533,2264
0.534,2214
0.535,2241
0.536,2299
0.537,2306
0.538,2308
0.539,2312
0.54,2479
0.541,2296
0.542,2300
0.543,2303
0.544,2320
0.545,2319
0.546,2287
0.547,2250
0.548,2280
0.549,2290
0.55,2308
0.551,2296
0.552,2272
0.553,2244
0.554,2223
0.555,2218
0.556,2240
0.557,2272
0.558,2272
0.559,2256
0.56,2208
0.561,2218
0.562,2196
0.563,2192
0.564,2179
0.565,2175
0.566,2128
0.567,2143
0.568,2146
0.569,2143
0.57,2155
0.571,2127
0.572,2106
0.573,2108
0.574,2130
0.575,2123
0.576,2138
0.577,2126
0.578,2107
0.579,2079
0.58,2072
0.581,2066
0.582,2058
0.583,2068
0.584,2037
0.585,2012
0.586,1983
0.587,1974
0.588,1994
0.589,2025
0.59,2002
0.591,1953
0.592,1933
0.593,1913
0.594,1905
0.595,1901
0.596,1907
0.597,1881
0.598,1862
0.599,1880
0.6,1877
0.601,1879
0.602,1877
0.603,1856
0.604,1822
0.605,1803
0.606,1797
0.607,1793
0.608,1793
0.609,1824
0.61,1787
0.611,1733
0.612,1728
0.613,1719
0.614,1717
0.615,1738
0.616,1707
0.617,1674
0.618,1672
0.619,1663
0.62,1636
0.621,1631
0.622,1627
0.623,1602
0.624,1588
0.625,1608
0.626,1605
0.627,1615
0.628,1622
0.629,1596
0.63,1568
0.631,1560
0.632,1560
0.633,1546
0.634,1546
0.635,1532
0.636,1518
0.637,1507
0.638,1514
0.639,1494
0.64,1488
0.641,1471
0.642,1464
0.643,1425
0.644,1428
0.645,1415
0.646,1402
0.647,1409
0.648,1400
0.649,1375
0.65,1392
0.651,1370
0.652,1348
0.653,1348
0.654,1374
0.655,1343
0.656,1309
0.657,1328
0.658,1328
0.659,1315
0.66,1310
0.661,1312
0.662,1264
0.663,1259
0.664,1276
0.665,1274
0.666,1267
0.667,1284
0.668,1240
0.669,1227
0.67,1239
0.671,1227
0.672,1217
0.673,1231
0.674,1204
0.675,1191
0.676,1200
0.677,1180
0.678,1163
0.679,1174
0.68,1161
0.681,1124
0.682,1128
0.683,1120
0.684,1115
0.685,1105
0.686,1112
0.687,1082
0.688,1048
0.689,1079
0.69,1094
0.691,1077
0.692,1070
0.693,1079
0.694,1028
0.695,1021
0.696,1047
0.697,1029
0.698,1016
0.699,1039
0.7,1000
0.701,975
0.702,999
0.703,996
0.704,982
0.705,995
0.706,978
0.707,937
0.708,951
0.709,964
0.71,947
0.711,938
0.712,954
0.713,923
0.714,904
0.715,933
0.716,912
0.717,897
0.718,915
0.719,902
0.72,864
0.721,932
0.722,927
0.723,911
0.724,903
0.725,912
0.726,887
0.727,878
0.728,898
0.729,888
0.73,873
0.731,881
0.732,877
0.733,851
0.734,869
0.735,866
0.736,850
0.737,863
0.738,857
0.739,832
0.74,832
0.741,856
0.742,847
0.743,827
0.744,841
0.745,828
0.746,808
0.747,855
0.748,864
0.749,847
0.75,847
0.751,847
0.752,814
0.753,801
0.754,839
0.755,822
0.756,800
0.757,811
0.758,803
0.759,784
0.76,795
0.761,804
0.762,793
0.763,770
0.764,782
0.765,772
0.766,751
0.767,776
0.768,772
0.769,754
0.77,745
0.771,752
0.772,736
0.773,719
0.774,747
0.775,742
0.776,725
0.777,725
0.778,725
0.779,726
0.78,718
0.781,745
0.782,730
0.783,707
0.784,713
0.785,709
0.786,698
0.787,724
0.788,729
0.789,709
0.79,688
0.791,697
0.792,694
0.793,684
0.794,714
0.795,715
0.796,694
0.797,676
0.798,684
0.799,681
0.8,671
0.801,705
0.802,689
0.803,663
0.804,670
0.805,677
0.806,660
0.807,677
0.808,686
0.809,672
0.81,662
0.811,659
0.812,665
0.813,657
0.814,691
0.815,677
0.816,658
0.817,667
0.818,688
0.819,683
0.82,702
0.821,703
0.822,680
0.823,661
0.824,678
0.825,681
0.826,681
0.827,714
0.828,714
0.829,694
0.83,682
0.831,695
0.832,694
0.833,697
0.834,729
0.835,716
0.836,701
0.837,704
0.838,698
0.839,693
0.84,725
0.841,731
0.842,721
0.843,709
0.844,709
0.845,710
0.846,712
0.847,743
0.848,752
0.849,725
0.85,710
0.851,728
0.852,731
0.853,729
0.854,760
0.855,761
0.856,735
0.857,732
0.858,739
0.859,742
0.86,778
0.861,772
0.862,755
0.863,741
0.864,753
0.865,760
0.866,759
0.867,789
0.868,778
0.869,759
0.87,771
0.871,780
0.872,787
0.873,818
0.874,863
0.875,845
0.876,840
0.877,845
0.878,850
0.879,849
0.88,900
0.881,927
0.882,891
0.883,889
0.884,896
0.885,896
0.886,961
0.887,966
0.888,937
0.889,916
0.89,939
0.891,945
0.892,937
0.893,988
0.894,979
0.895,956
0.896,940
0.897,951
0.898,948
0.899,950
0.9,975
0.901,960
0.902,945
0.903,946
0.904,953
0.905,943
0.906,976
0.907,944
0.908,931
0.909,928
0.91,933
0.911,944
0.912,966
0.913,967
0.914,949
0.915,928
0.916,936
0.917,932
0.918,934
0.919,990
0.92,971
0.921,951
0.922,940
0.923,950
0.924,948
0.925,984
0.926,990
0.927,952
0.928,935
0.929,955
0.93,945
0.931,942
0.932,1004
0.933,988
0.934,977
0.935,964
0.936,968
0.937,984
0.938,1016
0.939,1038
0.94,1015
0.941,993
0.942,1000
0.943,997
0.944,975
0.945,1080
0.946,1087
0.947,1036
0.948,1036
0.949,1051
0.95,1038
0.951,1097
0.952,1089
0.953,1064
0.954,1041
0.955,1049
0.956,1044
0.957,1039
0.958,1084
0.959,1064
0.96,1023
0.961,1026
0.962,1050
0.963,1041
0.964,1078
0.965,1069
0.966,1044
0.967,1029
0.968,1039
0.969,1028
0.97,1023
0.971,1057
0.972,1040
0.973,1039
0.974,1019
0.975,1015
0.976,1014
0.977,1025
0.978,1072
0.979,1047
0.98,1022
0.981,1015
0.982,1014
0.983,1026
0.984,1052
0.985,1075
0.986,1032
0.987,1023
0.988,1015
0.989,1033
0.99,1028
0.991,1075
0.992,1084
0.993,1038
0.994,1023
0.995,1033
0.996,1024
0.997,1016
0.998,1053
0.999,1041
