0.0,641
0.001,666
0.002,684
0.003,663
0.004,651
0.005,645
0.006,645
0.007,642
0.008,670
0.009,679
0.01,661
0.011,644
0.012,649
0.013,652
0.014,650
0.015,680
0.016,696
0.017,674
0.018,654
0.019,661
0.02,656
0.021,646
0.022,675
0.023,681
0.024,659
0.025,641
0.026,651
0.027,650
0.028,651
0.029,677
0.03,687
0.031,670
0.032,655
0.033,655
0.034,656
0.035,654
0.036,685
0.037,677
0.038,662
0.039,660
0.04,659
0.041,654
0.042,661
0.043,711
0.044,704
0.045,671
0.046,661
0.047,666
0.048,663
0.049,652
0.05,677
0.051,672
0.052,656
0.053,652
0.054,671
0.055,663
0.056,666
0.057,709
0.058,696
0.059,675
0.06,688
0.061,684
0.062,676
0.063,704
0.064,725
0.065,709
0.066,681
0.067,688
0.068,686
0.069,677
0.07,697
0.071,726
0.072,712
0.073,691
0.074,701
0.075,701
0.076,711
0.077,720
0.078,744
0.079,720
0.08,719
0.081,721
0.082,726
0.083,706
0.084,745
0.085,749
0.086,720
0.087,703
0.088,717
0.089,717
0.09,705
0.091,734
0.092,733
0.093,709
0.094,700
0.095,714
0.096,702
0.097,694
0.098,733
0.099,727
0.1,705
0.101,693
0.102,712
0.103,708
0.104,701
0.105,742
0.106,737
0.107,713
0.108,705
0.109,735
0.11,753
0.111,741
0.112,780
0.113,772
0.114,751
0.115,752
0.116,760
0.117,750
0.118,752
0.119,779
0.12,758
0.121,740
0.122,748
0.123,760
0.124,755
0.125,771
0.126,814
0.127,794
0.128,791
0.129,779
0.13,786
0.131,791
0.132,809
0.133,832
0.134,818
0.135,800
0.136,813
0.137,832
0.138,807
0.139,845
0.14,830
0.141,816
0.142,795
0.143,813
0.144,809
0.145,818
0.146,831
0.147,848
0.148,826
0.149,819
0.15,847
0.151,830
0.152,827
0.153,874
0.154,875
0.155,845
0.156,831
0.157,847
0.158,855
0.159,847
0.16,932
0.161,927
0.162,890
0.163,875
0.164,878
0.165,882
0.166,895
0.167,937
0.168,920
0.169,897
0.17,896
0.171,904
0.172,883
0.173,883
0.174,948
0.175,928
0.176,932
0.177,946
0.178,954
0.179,960
0.18,1016
0.181,1019
0.182,998
0.183,983
0.184,985
0.185,974
0.186,965
0.187,965
0.188,980
0.189,955
0.19,928
0.191,934
0.192,934
0.193,943
0.194,989
0.195,987
0.196,971
0.197,970
0.198,957
0.199,959
0.2,952
0.201,1010
0.202,1000
0.203,971
0.204,975
0.205,960
0.206,925
0.207,904
0.208,921
0.209,916
0.21,894
0.211,881
0.212,910
0.213,910
0.214,910
0.215,939
0.216,931
0.217,911
0.218,895
0.219,928
0.22,930
0.221,953
0.222,988
0.223,975
0.224,959
0.225,969
0.226,959
0.227,966
0.228,927
0.229,1000
0.23,997
0.231,981
0.232,995
0.233,1002
0.234,980
0.235,987
0.236,1002
0.237,1009
0.238,980
0.239,989
0.24,995
0.241,1037
0.242,1079
0.243,1107
0.244,1121
0.245,1131
0.246,1144
0.247,1152
0.248,1120
0.249,1129
0.25,1144
0.251,1112
0.252,1126
0.253,1133
0.254,1137
0.255,1119
0.256,1120
0.257,1148
0.258,1136
0.259,1111
0.26,1139
0.261,1138
0.262,1128
0.263,1156
0.264,1175
0.265,1216
0.266,1186
0.267,1256
0.268,1225
0.269,1240
0.27,1266
0.271,1291
0.272,1315
0.273,1349
0.274,1398
0.275,1375
0.276,1391
0.277,1378
0.278,1416
0.279,1456
0.28,1421
0.281,1435
0.282,1451
0.283,1420
0.284,1425
0.285,1446
0.286,1532
0.287,1553
0.288,1600
0.289,1606
0.29,1595
0.291,1605
0.292,1629
0.293,1682
0.294,1765
0.295,1747
0.296,1712
0.297,1745
0.298,1722
0.299,1738
0.3,1770
0.301,1839
0.302,1840
0.303,1821
0.304,1839
0.305,1896
0.306,1910
0.307,1929
0.308,2000
0.309,2044
0.31,1987
0.311,1989
0.312,2030
0.313,2136
0.314,2084
0.315,2080
0.316,2061
0.317,2048
0.318,2044
0.319,2071
0.32,2079
0.321,2111
0.322,2154
0.323,2154
0.324,2176
0.325,2122
0.326,2127
0.327,2159
0.328,2132
0.329,2184
0.33,2280
0.331,2205
0.332,2179
0.333,2192
0.334,2242
0.335,2300
0.336,2260
0.337,2239
0.338,2234
0.339,2257
0.34,2258
0.341,2242
0.342,2271
0.343,2296
0.344,2275
0.345,2257
0.346,2317
0.347,2328
0.348,2332
0.349,2320
0.35,2310
0.351,2304
0.352,2330
0.353,2343
0.354,2370
0.355,2371
0.356,2332
0.357,2296
0.358,2265
0.359,2287
0.36,2324
0.361,2304
0.362,2304
0.363,2304
0.364,2306
0.365,2303
0.366,2295
0.367,2396
0.368,2368
0.369,2322
0.37,2277
0.371,2272
0.372,2282
0.373,2262
0.374,2296
0.375,2358
0.376,2357
0.377,2296
0.378,2286
0.379,2291
0.38,2244
0.381,2312
0.382,2340
0.383,2284
0.384,2275
0.385,2240
0.386,2223
0.387,2231
0.388,2308
0.389,2261
0.39,2268
0.391,2219
0.392,2188
0.393,2229
0.394,2268
0.395,2253
0.396,2208
0.397,2173
0.398,2160
0.399,2216
0.4,2171
0.401,2138
0.402,2176
0.403,2088
0.404,2128
0.405,2083
0.406,2107
0.407,2108
0.408,2100
0.409,2130
0.41,2134
0.411,2096
0.412,2078
0.413,2057
0.414,2143
0.415,2112
0.416,2128
0.417,2059
0.418,2059
0.419,2068
0.42,2050
0.421,2048
0.422,2056
0.423,2070
0.424,2035
0.425,2003
0.426,1957
0.427,1967
0.428,1997
0.429,2012
0.43,1976
0.431,1921
0.432,1920
0.433,1951
0.434,1961
0.435,1946
0.436,1917
0.437,1888
0.438,1825
0.439,1809
0.44,1887
0.441,1904
0.442,1900
0.443,1858
0.444,1839
0.445,1802
0.446,1788
0.447,1802
0.448,1812
0.449,1797
0.45,1809
0.451,1822
0.452,1794
0.453,1815
0.454,1853
0.455,1809
0.456,1803
0.457,1772
0.458,1741
0.459,1736
0.46,1744
0.461,1711
0.462,1666
0.463,1711
0.464,1704
0.465,1695
0.466,1708
0.467,1665
0.468,1702
0.469,1669
0.47,1675
0.471,1658
0.472,1632
0.473,1623
0.474,1624
0.475,1633
0.476,1633
0.477,1649
0.478,1639
0.479,1616
0.48,1613
0.481,1640
0.482,1626
0.483,1596
0.484,1628
0.485,1631
0.486,1600
0.487,1574
0.488,1578
0.489,1588
0.49,1593
0.491,1634
0.492,1559
0.493,1566
0.494,1556
0.495,1572
0.496,1547
0.497,1517
0.498,1521
0.499,1493
0.5,1480
0.501,1482
0.502,1472
0.503,1487
0.504,1486
0.505,1490
0.506,1422
0.507,1396
0.508,1407
0.509,1391
0.51,1382
0.511,1386
0.512,1349
0.513,1296
0.514,1322
0.515,1328
0.516,1276
0.517,1295
0.518,1256
0.519,1224
0.52,1236
0.521,1195
0.522,1183
0.523,1181
0.524,1138
0.525,1142
0.526,1158
0.527,1127
0.528,1120
0.529,1112
0.53,1069
0.531,1103
0.532,1088
0.533,1040
0.534,1045
0.535,1017
0.536,1014
0.537,1052
0.538,1055
0.539,1023
0.54,1020
0.541,1017
0.542,1041
0.543,1057
0.544,1022
0.545,996
0.546,1016
0.547,996
0.548,997
0.549,1021
0.55,1001
0.551,983
0.552,982
0.553,987
0.554,996
0.555,999
0.556,1053
0.557,1033
0.558,1006
0.559,1008
0.56,1013
0.561,1025
0.562,1059
0.563,1064
0.564,1031
0.565,1007
0.566,1012
0.567,1017
0.568,1015
0.569,1063
0.57,1071
0.571,1048
0.572,1017
0.573,1041
0.574,1063
0.575,1077
0.576,1127
0.577,1120
0.578,1107
0.579,1088
0.58,1100
0.581,1136
0.582,1139
0.583,1123
0.584,1120
0.585,1136
0.586,1161
0.587,1240
0.588,1262
0.589,1244
0.59,1223
0.591,1248
0.592,1248
0.593,1331
0.594,1320
0.595,1310
0.596,1299
0.597,1318
0.598,1333
0.599,1381
0.6,1365
0.601,1362
0.602,1370
0.603,1399
0.604,1431
0.605,1452
0.606,1434
0.607,1415
0.608,1416
0.609,1421
0.61,1458
0.611,1441
0.612,1439
0.613,1416
0.614,1416
0.615,1455
0.616,1482
0.617,1475
0.618,1468
0.619,1457
0.62,1465
0.621,1476
0.622,1509
0.623,1479
0.624,1474
0.625,1453
0.626,1470
0.627,1504
0.628,1563
0.629,1567
0.63,1539
0.631,1526
0.632,1534
0.633,1581
0.634,1575
0.635,1558
0.636,1544
0.637,1556
0.638,1572
0.639,1623
0.64,1606
0.641,1590
0.642,1615
0.643,1575
0.644,1577
0.645,1618
0.646,1602
0.647,1584
0.648,1570
0.649,1569
0.65,1572
0.651,1650
0.652,1649
0.653,1616
0.654,1632
0.655,1592
0.656,1615
0.657,1656
0.658,1640
0.659,1648
0.66,1596
0.661,1603
0.662,1616
0.663,1656
0.664,1636
0.665,1604
0.666,1599
0.667,1588
0.668,1605
0.669,1615
0.67,1596
0.671,1558
0.672,1543
0.673,1569
0.674,1587
0.675,1559
0.676,1525
0.677,1504
0.678,1496
0.679,1520
0.68,1584
0.681,1579
0.682,1540
0.683,1520
0.684,1517
0.685,1522
0.686,1586
0.687,1568
0.688,1528
0.689,1536
0.69,1510
0.691,1504
0.692,1536
0.693,1500
0.694,1474
0.695,1481
0.696,1460
0.697,1460
0.698,1504
0.699,1465
0.7,1449
0.701,1426
0.702,1424
0.703,1417
0.704,1426
0.705,1440
0.706,1424
0.707,1389
0.708,1374
0.709,1359
0.71,1360
0.711,1358
0.712,1425
0.713,1428
0.714,1406
0.715,1386
0.716,1375
0.717,1373
0.718,1382
0.719,1406
0.72,1391
0.721,1371
0.722,1357
0.723,1347
0.724,1342
0.725,1354
0.726,1377
0.727,1341
0.728,1311
0.729,1316
0.73,1303
0.731,1296
0.732,1324
0.733,1271
0.734,1248
0.735,1255
0.736,1246
0.737,1279
0.738,1285
0.739,1271
0.74,1243
0.741,1215
0.742,1223
0.743,1233
0.744,1297
0.745,1265
0.746,1236
0.747,1240
0.748,1231
0.749,1223
0.75,1289
0.751,1256
0.752,1222
0.753,1213
0.754,1216
0.755,1204
0.756,1247
0.757,1199
0.758,1164
0.759,1177
0.76,1190
0.761,1208
0.762,1206
0.763,1171
0.764,1144
0.765,1140
0.766,1131
0.767,1141
0.768,1168
0.769,1144
0.77,1119
0.771,1096
0.772,1083
0.773,1083
0.774,1079
0.775,1100
0.776,1097
0.777,1080
0.778,1046
0.779,1048
0.78,1042
0.781,1035
0.782,1067
0.783,1065
0.784,1027
0.785,1006
0.786,1024
0.787,1033
0.788,1028
0.789,1055
0.79,1044
0.791,1008
0.792,1005
0.793,1019
0.794,1026
0.795,1047
0.796,1051
0.797,1039
0.798,1003
0.799,1006
0.8,1002
0.801,998
0.802,1035
0.803,1048
0.804,1010
0.805,993
0.806,996
0.807,992
0.808,982
0.809,1056
0.81,1035
0.811,1008
0.812,1002
0.813,1011
0.814,1016
0.815,1048
0.816,1039
0.817,1012
0.818,983
0.819,981
0.82,980
0.821,969
0.822,1017
0.823,1004
0.824,963
0.825,945
0.826,971
0.827,969
0.828,1007
0.829,987
0.83,957
0.831,928
0.832,927
0.833,928
0.834,920
0.835,950
0.836,959
0.837,928
0.838,904
0.839,928
0.84,920
0.841,916
0.842,1007
0.843,968
0.844,930
0.845,926
0.846,925
0.847,924
0.848,988
0.849,1007
0.85,961
0.851,942
0.852,957
0.853,960
0.854,945
0.855,1008
0.856,966
0.857,937
0.858,947
0.859,943
0.86,956
0.861,978
0.862,964
0.863,941
0.864,917
0.865,930
0.866,931
0.867,927
0.868,959
0.869,944
0.87,904
0.871,905
0.872,914
0.873,911
0.874,928
0.875,950
0.876,919
0.877,893
0.878,889
0.879,890
0.88,883
0.881,904
0.882,900
0.883,871
0.884,845
0.885,845
0.886,846
0.887,845
0.888,883
0.889,858
0.89,837
0.891,819
0.892,819
0.893,823
0.894,824
0.895,856
0.896,821
0.897,795
0.898,798
0.899,801
0.9,800
0.901,847
0.902,842
0.903,815
0.904,796
0.905,813
0.906,816
0.907,832
0.908,872
0.909,839
0.91,815
0.911,832
0.912,837
0.913,826
0.914,859
0.915,850
0.916,824
0.917,806
0.918,809
0.919,813
0.92,847
0.921,864
0.922,834
0.923,812
0.924,825
0.925,835
0.926,834
0.927,864
0.928,842
0.929,821
0.93,813
0.931,824
0.932,818
0.933,841
0.934,861
0.935,831
0.936,810
0.937,816
0.938,813
0.939,823
0.94,882
0.941,868
0.942,844
0.943,844
0.944,854
0.945,864
0.946,871
0.947,913
0.948,894
0.949,869
0.95,892
0.951,902
0.952,886
0.953,951
0.954,911
0.955,874
0.956,877
0.957,880
0.958,879
0.959,911
0.96,904
0.961,872
0.962,863
0.963,879
0.964,870
0.965,903
0.966,918
0.967,887
0.968,869
0.969,895
0.97,902
0.971,871
0.972,936
0.973,943
0.974,912
0.975,888
0.976,894
0.977,887
0.978,880
0.979,957
0.98,939
0.981,910
0.982,906
0.983,909
0.984,906
0.985,916
0.986,928
0.987,893
0.988,870
0.989,884
0.99,880
0.991,868
0.992,907
0.993,896
0.994,861
0.995,863
0.996,865
0.997,858
0.998,898
0.999,899
