0.0,1279
0.01,1271
0.02,1265
0.03,1283
0.04,1295
0.05,1291
0.06,1287
0.07,1282
0.08,1283
0.09,1326
0.1,1341
0.11,1325
0.12,1307
0.13,1291
0.14,1279
0.15,1271
0.16,1285
0.17,1299
0.18,1299
0.19,1296
0.2,1291
0.21,1279
0.22,1330
0.23,1331
0.24,1331
0.25,1316
0.26,1297
0.27,1283
0.28,1271
0.29,1271
0.3,1288
0.31,1298
0.32,1292
0.33,1279
0.34,1274
0.35,1294
0.36,1321
0.37,1329
0.38,1317
0.39,1301
0.4,1287
0.41,1280
0.42,1275
0.43,1283
0.44,1301
0.45,1293
0.46,1289
0.47,1311
0.48,1305
0.49,1366
0.5,1327
0.51,1363
0.52,1311
0.53,1335
0.54,1325
0.55,1319
0.56,1294
0.57,1317
0.58,1321
0.59,1311
0.6,1310
0.61,1335
0.62,1375
0.63,1400
0.64,1410
0.65,1363
0.66,1345
0.67,1332
0.68,1327
0.69,1333
0.7,1355
0.71,1355
0.72,1351
0.73,1345
0.74,1338
0.75,1393
0.76,1383
0.77,1381
0.78,1408
0.79,1345
0.8,1327
0.81,1315
0.82,1327
0.83,1344
0.84,1335
0.85,1329
0.86,1324
0.87,1323
0.88,1354
0.89,1352
0.9,1336
0.91,1309
0.92,1291
0.93,1291
0.94,1318
0.95,1331
0.96,1308
0.97,1312
0.98,1348
0.99,1352
1.0,1337
1.01,1322
1.02,1320
1.03,1325
1.04,1352
1.05,1360
1.06,1365
1.07,1352
1.08,1446
1.09,1498
1.1,1497
1.11,1459
1.12,1441
1.13,1451
1.14,1464
1.15,1462
1.16,1449
1.17,1440
1.18,1508
1.19,1499
1.2,1481
1.21,1457
1.22,1492
1.23,1453
1.24,1515
1.25,1550
1.26,1539
1.27,1528
1.28,1597
1.29,1607
1.3,1585
1.31,1568
1.32,1552
1.33,1565
1.34,1595
1.35,1592
1.36,1569
1.37,1552
1.38,1632
1.39,1626
1.4,1608
1.41,1569
1.42,1557
1.43,1573
1.44,1592
1.45,1579
1.46,1562
1.47,1563
1.48,1671
1.49,1678
1.5,1650
1.51,1640
1.52,1624
1.53,1631
1.54,1634
1.55,1617
1.56,1600
1.57,1614
1.58,1668
1.59,1681
1.6,1647
1.61,1616
1.62,1615
1.63,1623
1.64,1614
1.65,1600
1.66,1622
1.67,1636
1.68,1658
1.69,1640
1.7,1631
1.71,1608
1.72,1598
1.73,1599
1.74,1585
1.75,1567
1.76,1568
1.77,1573
1.78,1583
1.79,1584
1.8,1546
1.81,1546
1.82,1541
1.83,1568
1.84,1569
1.85,1552
1.86,1533
1.87,1659
1.88,1604
1.89,1580
1.9,1568
1.91,1550
1.92,1559
1.93,1560
1.94,1540
1.95,1524
1.96,1592
1.97,1652
1.98,1664
1.99,1612
2.0,1591
2.01,1591
2.02,1607
2.03,1603
2.04,1605
2.05,1575
2.06,1637
2.07,1637
2.08,1625
2.09,1600
2.1,1579
2.11,1622
2.12,1597
2.13,1588
2.14,1591
2.15,1548
2.16,1656
2.17,1631
2.18,1594
2.19,1570
2.2,1570
2.21,1576
2.22,1616
2.23,1574
2.24,1531
2.25,1563
2.26,1597
2.27,1593
2.28,1567
2.29,1548
2.3,1557
2.31,1577
2.32,1580
2.33,1565
2.34,1548
2.35,1545
2.36,1602
2.37,1585
2.38,1559
2.39,1577
2.4,1536
2.41,1538
2.42,1543
2.43,1525
2.44,1504
2.45,1487
2.46,1566
2.47,1561
2.48,1538
2.49,1522
2.5,1517
2.51,1516
2.52,1524
2.53,1514
2.54,1496
2.55,1482
2.56,1525
2.57,1552
2.58,1531
2.59,1536
2.6,1499
2.61,1521
2.62,1521
2.63,1507
2.64,1486
2.65,1470
2.66,1483
2.67,1497
2.68,1492
2.69,1473
2.7,1455
2.71,1468
2.72,1473
2.73,1460
2.74,1433
2.75,1410
2.76,1457
2.77,1508
2.78,1490
2.79,1486
2.8,1483
2.81,1497
2.82,1512
2.83,1497
2.84,1502
2.85,1448
2.86,1558
2.87,1589
2.88,1565
2.89,1554
2.9,1559
2.91,1560
2.92,1570
2.93,1580
2.94,1560
2.95,1541
2.96,1575
2.97,1680
2.98,1678
2.99,1676
3.0,1640
3.01,1660
3.02,1680
3.03,1705
3.04,1695
3.05,1640
3.06,1737
3.07,1756
3.08,1751
3.09,1752
3.1,1694
3.11,1694
3.12,1695
3.13,1676
3.14,1648
3.15,1627
3.16,1688
3.17,1730
3.18,1726
3.19,1720
3.2,1730
3.21,1759
3.22,1758
3.23,1739
3.24,1718
3.25,1689
3.26,1738
3.27,1756
3.28,1747
3.29,1751
3.3,1755
3.31,1792
3.32,1816
3.33,1760
3.34,1740
3.35,1718
3.36,1792
3.37,1799
3.38,1810
3.39,1825
3.4,1830
3.41,1840
3.42,1826
3.43,1812
3.44,1780
3.45,1760
3.46,1758
3.47,1866
3.48,1892
3.49,1884
3.5,1883
3.51,1890
3.52,1911
3.53,1885
3.54,1879
3.55,1850
3.56,1859
3.57,1941
3.58,1927
3.59,1919
3.6,1916
3.61,1917
3.62,1927
3.63,1914
3.64,1896
3.65,1866
3.66,1865
3.67,2025
3.68,1974
3.69,1962
3.7,1963
3.71,1992
3.72,1973
3.73,1952
3.74,1926
3.75,1909
3.76,1940
3.77,1986
3.78,1991
3.79,2000
3.8,2006
3.81,2015
3.82,2064
3.83,1992
3.84,1957
3.85,1968
3.86,1984
3.87,2008
3.88,1968
3.89,1987
3.9,1952
3.91,1964
3.92,1964
3.93,1952
3.94,1911
3.95,1906
3.96,1981
3.97,2051
3.98,2038
3.99,2023
4.0,2021
4.01,2026
4.02,2018
4.03,2000
4.04,1959
4.05,1938
4.06,1967
4.07,2016
4.08,2000
4.09,1973
4.1,1958
4.11,1959
4.12,1946
4.13,1928
4.14,1894
4.15,1876
4.16,1872
4.17,1927
4.18,1905
4.19,1883
4.2,1892
4.21,1904
4.22,1872
4.23,1868
4.24,1874
4.25,1775
4.26,1830
4.27,1828
4.28,1855
4.29,1834
4.3,1831
4.31,1835
4.32,1840
4.33,1808
4.34,1782
4.35,1756
4.36,1884
4.37,1845
4.38,1828
4.39,1803
4.4,1790
4.41,1800
4.42,1775
4.43,1744
4.44,1716
4.45,1725
4.46,1796
4.47,1794
4.48,1783
4.49,1759
4.5,1736
4.51,1734
4.52,1764
4.53,1738
4.54,1727
4.55,1756
4.56,1792
4.57,1772
4.58,1771
4.59,1744
4.6,1741
4.61,1751
4.62,1723
4.63,1702
4.64,1728
4.65,1753
4.66,1733
4.67,1760
4.68,1715
4.69,1699
4.7,1716
4.71,1703
4.72,1690
4.73,1678
4.74,1719
4.75,1739
4.76,1763
4.77,1706
4.78,1731
4.79,1747
4.8,1753
4.81,1742
4.82,1719
4.83,1693
4.84,1761
4.85,1777
4.86,1753
4.87,1757
4.88,1753
4.89,1791
4.9,1788
4.91,1759
4.92,1781
4.93,1706
4.94,1823
4.95,1864
4.96,1850
4.97,1833
4.98,1840
4.99,1819
5.0,1864
5.01,1795
5.02,1767
5.03,1742
5.04,1799
5.05,1820
5.06,1820
5.07,1772
5.08,1762
5.09,1761
5.1,1780
5.11,1808
5.12,1784
5.13,1760
5.14,1770
5.15,1789
5.16,1772
5.17,1742
5.18,1744
5.19,1742
5.2,1736
5.21,1736
5.22,1715
5.23,1691
5.24,1718
5.25,1751
5.26,1714
5.27,1688
5.28,1663
5.29,1674
5.3,1693
5.31,1715
5.32,1696
5.33,1709
5.34,1686
5.35,1737
5.36,1727
5.37,1701
5.38,1694
5.39,1728
5.4,1701
5.41,1694
5.42,1696
5.43,1649
5.44,1712
5.45,1729
5.46,1712
5.47,1701
5.48,1724
5.49,1689
5.5,1682
5.51,1680
5.52,1632
5.53,1707
5.54,1686
5.55,1672
5.56,1642
5.57,1646
5.58,1656
5.59,1663
5.6,1644
5.61,1615
5.62,1610
5.63,1648
5.64,1648
5.65,1635
5.66,1604
5.67,1680
5.68,1670
5.69,1697
5.7,1651
5.71,1625
5.72,1712
5.73,1711
5.74,1680
5.75,1650
5.76,1649
5.77,1667
5.78,1649
5.79,1627
5.8,1605
5.81,1728
5.82,1667
5.83,1653
5.84,1628
5.85,1616
5.86,1633
5.87,1659
5.88,1642
5.89,1643
5.9,1704
5.91,1716
5.92,1702
5.93,1689
5.94,1709
5.95,1713
5.96,1730
5.97,1713
5.98,1718
5.99,1760
6.0,1808
6.01,1807
6.02,1778
6.03,1775
6.04,1733
6.05,1728
6.06,1746
6.07,1721
6.08,1701
6.09,1696
6.1,1764
6.11,1772
6.12,1758
6.13,1732
6.14,1708
6.15,1712
6.16,1751
6.17,1743
6.18,1740
6.19,1700
6.2,1751
6.21,1759
6.22,1736
6.23,1724
6.24,1696
6.25,1698
6.26,1788
6.27,1752
6.28,1738
6.29,1719
6.3,1759
6.31,1776
6.32,1783
6.33,1766
6.34,1748
6.35,1729
6.36,1750
6.37,1768
6.38,1735
6.39,1724
6.4,1740
6.41,1822
6.42,1797
6.43,1824
6.44,1784
6.45,1762
6.46,1792
6.47,1808
6.48,1807
6.49,1800
6.5,1800
6.51,1803
6.52,1798
6.53,1768
6.54,1746
6.55,1733
6.56,1790
6.57,1786
6.58,1739
6.59,1739
6.6,1776
6.61,1792
6.62,1801
6.63,1771
6.64,1744
6.65,1733
6.66,1763
6.67,1771
6.68,1786
6.69,1772
6.7,1824
6.71,1813
6.72,1839
6.73,1808
6.74,1791
6.75,1800
6.76,1815
6.77,1840
6.78,1881
6.79,1856
6.8,1831
6.81,1909
6.82,1919
6.83,1919
6.84,1868
6.85,1858
6.86,1839
6.87,1881
6.88,1894
6.89,1885
6.9,1884
6.91,1901
6.92,1914
6.93,1923
6.94,1914
6.95,1900
6.96,1868
6.97,1872
6.98,1894
6.99,1901
7.0,1909
7.01,1902
7.02,1912
7.03,1920
7.04,1932
7.05,1908
7.06,1888
7.07,1868
7.08,1891
7.09,1907
7.1,1963
7.11,1910
7.12,1912
7.13,1916
7.14,1936
7.15,1914
7.16,1906
7.17,1919
7.18,1882
7.19,1905
7.2,1913
7.21,1918
7.22,1910
7.23,1919
7.24,1918
7.25,1912
7.26,1898
7.27,1878
7.28,1887
7.29,1885
7.3,1899
7.31,1903
7.32,1944
7.33,1898
7.34,1998
7.35,1952
7.36,1916
7.37,1916
7.38,1878
7.39,1914
7.4,1932
7.41,1956
7.42,1982
7.43,2004
7.44,2020
7.45,2048
7.46,1984
7.47,1953
7.48,1936
7.49,1937
7.5,2016
7.51,2022
7.52,2024
7.53,2017
7.54,2034
7.55,2018
7.56,2032
7.57,1963
7.58,1940
7.59,1934
7.6,1965
7.61,1966
7.62,1955
7.63,1957
7.64,1971
7.65,1962
7.66,1930
7.67,1898
7.68,1871
7.69,1882
7.7,1920
7.71,1881
7.72,1847
7.73,1812
7.74,1868
7.75,1909
7.76,1909
7.77,1905
7.78,1907
7.79,1916
7.8,1910
7.81,1904
7.82,1870
7.83,1856
7.84,1890
7.85,1967
7.86,1896
7.87,1882
7.88,1890
7.89,1927
7.9,1900
7.91,1897
7.92,1903
7.93,1919
7.94,2048
7.95,2074
7.96,2115
7.97,2116
7.98,2160
7.99,2210
8.0,2196
8.01,2185
8.02,2213
8.03,2221
8.04,2340
8.05,2384
8.06,2418
8.07,2430
8.08,2472
8.09,2576
8.1,2523
8.11,2486
8.12,2507
8.13,2536
8.14,2688
8.15,2703
8.16,2690
8.17,2709
8.18,2725
8.19,2784
8.2,2814
8.21,2752
8.22,2736
8.23,2738
8.24,2855
8.25,2867
8.26,2835
8.27,2841
8.28,2873
8.29,2897
8.3,2858
8.31,2831
8.32,2833
8.33,2834
8.34,2992
8.35,2924
8.36,2902
8.37,2899
8.38,2921
8.39,2928
8.4,2928
8.41,2880
8.42,2848
8.43,2833
8.44,3008
8.45,2936
8.46,2925
8.47,2938
8.48,2951
8.49,2991
8.5,2912
8.51,2882
8.52,2875
8.53,2869
8.54,2954
8.55,2924
8.56,2933
8.57,2911
8.58,2898
8.59,2976
8.6,2898
8.61,2863
8.62,2844
8.63,2826
8.64,2879
8.65,2928
8.66,2829
8.67,2823
8.68,2830
8.69,2842
8.7,2886
8.71,2767
8.72,2763
8.73,2713
8.74,2780
8.75,2772
8.76,2739
8.77,2736
8.78,2730
8.79,2749
8.8,2719
8.81,2679
8.82,2644
8.83,2617
8.84,2612
8.85,2708
8.86,2689
8.87,2668
8.88,2647
8.89,2635
8.9,2628
8.91,2604
8.92,2569
8.93,2559
8.94,2570
8.95,2548
8.96,2551
8.97,2478
8.98,2453
8.99,2442
9.0,2422
9.01,2390
9.02,2350
9.03,2321
9.04,2257
9.05,2286
9.06,2255
9.07,2224
9.08,2192
9.09,2167
9.1,2147
9.11,2116
9.12,2096
9.13,2054
9.14,2019
9.15,1990
9.16,2011
9.17,1993
9.18,1964
9.19,1936
9.2,1912
9.21,1884
9.22,1881
9.23,1872
9.24,1852
9.25,1839
9.26,1804
9.27,1818
9.28,1811
9.29,1782
9.3,1762
9.31,1715
9.32,1725
9.33,1720
9.34,1700
9.35,1681
9.36,1679
9.37,1739
9.38,1703
9.39,1678
9.4,1663
9.41,1626
9.42,1624
9.43,1648
9.44,1643
9.45,1643
9.46,1615
9.47,1713
9.48,1702
9.49,1679
9.5,1652
9.51,1629
9.52,1630
9.53,1645
9.54,1640
9.55,1645
9.56,1609
9.57,1659
9.58,1675
9.59,1641
9.6,1613
9.61,1631
9.62,1594
9.63,1606
9.64,1628
9.65,1644
9.66,1616
9.67,1638
9.68,1663
9.69,1625
9.7,1607
9.71,1578
9.72,1577
9.73,1609
9.74,1622
9.75,1600
9.76,1625
9.77,1605
9.78,1640
9.79,1623
9.8,1591
9.81,1564
9.82,1583
9.83,1572
9.84,1588
9.85,1615
9.86,1574
9.87,1575
9.88,1698
9.89,1656
9.9,1636
9.91,1610
9.92,1598
9.93,1600
9.94,1596
9.95,1615
9.96,1558
9.97,1583
9.98,1595
9.99,1612
