0.0,655
0.001,655
0.002,652
0.003,654
0.004,676
0.005,694
0.006,680
0.007,658
0.008,661
0.009,668
0.01,664
0.011,683
0.012,701
0.013,696
0.014,678
0.015,681
0.016,687
0.017,692
0.018,720
0.019,705
0.02,704
0.021,692
0.022,711
0.023,714
0.024,731
0.025,755
0.026,736
0.027,707
0.028,736
0.029,724
0.03,728
0.031,740
0.032,754
0.033,729
0.034,712
0.035,725
0.036,711
0.037,720
0.038,751
0.039,740
0.04,716
0.041,713
0.042,724
0.043,720
0.044,719
0.045,753
0.046,748
0.047,719
0.048,735
0.049,738
0.05,725
0.051,756
0.052,773
0.053,749
0.054,736
0.055,758
0.056,762
0.057,740
0.058,778
0.059,776
0.06,759
0.061,751
0.062,763
0.063,772
0.064,756
0.065,791
0.066,776
0.067,767
0.068,776
0.069,776
0.07,766
0.071,798
0.072,818
0.073,792
0.074,761
0.075,785
0.076,782
0.077,768
0.078,829
0.079,832
0.08,805
0.081,797
0.082,818
0.083,801
0.084,786
0.085,835
0.086,821
0.087,799
0.088,810
0.089,815
0.09,807
0.091,815
0.092,840
0.093,814
0.094,789
0.095,800
0.096,796
0.097,779
0.098,800
0.099,815
0.1,779
0.101,777
0.102,794
0.103,792
0.104,796
0.105,824
0.106,807
0.107,787
0.108,804
0.109,795
0.11,784
0.111,810
0.112,831
0.113,801
0.114,792
0.115,804
0.116,798
0.117,783
0.118,821
0.119,819
0.12,800
0.121,803
0.122,814
0.123,804
0.124,812
0.125,837
0.126,816
0.127,804
0.128,838
0.129,828
0.13,803
0.131,851
0.132,873
0.133,858
0.134,844
0.135,870
0.136,853
0.137,827
0.138,896
0.139,881
0.14,856
0.141,895
0.142,863
0.143,891
0.144,924
0.145,901
0.146,914
0.147,911
0.148,878
0.149,900
0.15,898
0.151,882
0.152,891
0.153,888
0.154,857
0.155,893
0.156,887
0.157,866
0.158,890
0.159,864
0.16,845
0.161,872
0.162,860
0.163,864
0.164,860
0.165,832
0.166,848
0.167,851
0.168,839
0.169,849
0.17,835
0.171,806
0.172,836
0.173,837
0.174,828
0.175,838
0.176,841
0.177,815
0.178,832
0.179,844
0.18,848
0.181,851
0.182,841
0.183,820
0.184,862
0.185,861
0.186,858
0.187,877
0.188,847
0.189,841
0.19,860
0.191,853
0.192,848
0.193,880
0.194,840
0.195,842
0.196,865
0.197,849
0.198,854
0.199,861
0.2,831
0.201,804
0.202,838
0.203,838
0.204,847
0.205,864
0.206,846
0.207,801
0.208,829
0.209,842
0.21,855
0.211,844
0.212,859
0.213,831
0.214,834
0.215,856
0.216,871
0.217,843
0.218,869
0.219,836
0.22,813
0.221,848
0.222,845
0.223,839
0.224,856
0.225,833
0.226,808
0.227,847
0.228,833
0.229,824
0.23,842
0.231,836
0.232,799
0.233,821
0.234,837
0.235,832
0.236,832
0.237,832
0.238,804
0.239,810
0.24,830
0.241,821
0.242,820
0.243,858
0.244,836
0.245,815
0.246,850
0.247,858
0.248,847
0.249,863
0.25,879
0.251,834
0.252,849
0.253,862
0.254,858
0.255,853
0.256,883
0.257,864
0.258,841
0.259,906
0.26,913
0.261,905
0.262,935
0.263,928
0.264,874
0.265,935
0.266,938
0.267,928
0.268,939
0.269,939
0.27,927
0.271,927
0.272,932
0.273,913
0.274,899
0.275,931
0.276,904
0.277,876
0.278,926
0.279,943
0.28,922
0.281,939
0.282,929
0.283,901
0.284,918
0.285,925
0.286,935
0.287,930
0.288,929
0.289,904
0.29,909
0.291,936
0.292,921
0.293,920
0.294,912
0.295,888
0.296,875
0.297,913
0.298,900
0.299,879
0.3,904
0.301,883
0.302,872
0.303,887
0.304,911
0.305,875
0.306,876
0.307,899
0.308,867
0.309,897
0.31,904
0.311,883
0.312,879
0.313,882
0.314,866
0.315,872
0.316,878
0.317,859
0.318,838
0.319,857
0.32,836
0.321,824
0.322,873
0.323,864
0.324,847
0.325,864
0.326,853
0.327,844
0.328,875
0.329,884
0.33,860
0.331,854
0.332,893
0.333,863
0.334,855
0.335,895
0.336,895
0.337,890
0.338,877
0.339,881
0.34,868
0.341,910
0.342,924
0.343,913
0.344,892
0.345,907
0.346,882
0.347,874
0.348,927
0.349,914
0.35,892
0.351,919
0.352,904
0.353,867
0.354,928
0.355,927
0.356,914
0.357,914
0.358,928
0.359,904
0.36,940
0.361,956
0.362,932
0.363,910
0.364,935
0.365,915
0.366,898
0.367,976
0.368,955
0.369,928
0.37,936
0.371,932
0.372,903
0.373,926
0.374,923
0.375,907
0.376,910
0.377,913
0.378,896
0.379,912
0.38,931
0.381,911
0.382,895
0.383,910
0.384,895
0.385,889
0.386,933
0.387,923
0.388,892
0.389,912
0.39,888
0.391,864
0.392,921
0.393,910
0.394,889
0.395,889
0.396,919
0.397,872
0.398,895
0.399,905
0.4,884
0.401,873
0.402,890
0.403,896
0.404,859
0.405,900
0.406,891
0.407,867
0.408,886
0.409,887
0.41,863
0.411,912
0.412,895
0.413,884
0.414,895
0.415,869
0.416,845
0.417,920
0.418,921
0.419,900
0.42,893
0.421,902
0.422,884
0.423,911
0.424,914
0.425,894
0.426,892
0.427,882
0.428,863
0.429,843
0.43,872
0.431,854
0.432,829
0.433,837
0.434,873
0.435,858
0.436,880
0.437,885
0.438,860
0.439,864
0.44,868
0.441,870
0.442,867
0.443,900
0.444,870
0.445,856
0.446,877
0.447,856
0.448,863
0.449,940
0.45,914
0.451,888
0.452,898
0.453,885
0.454,865
0.455,952
0.456,956
0.457,928
0.458,926
0.459,928
0.46,908
0.461,943
0.462,945
0.463,920
0.464,904
0.465,928
0.466,914
0.467,877
0.468,915
0.469,894
0.47,868
0.471,881
0.472,873
0.473,858
0.474,890
0.475,881
0.476,862
0.477,886
0.478,877
0.479,857
0.48,907
0.481,939
0.482,906
0.483,904
0.484,912
0.485,895
0.486,922
0.487,934
0.488,920
0.489,904
0.49,927
0.491,916
0.492,901
0.493,957
0.494,944
0.495,921
0.496,924
0.497,928
0.498,914
0.499,920
0.5,942
0.501,912
0.502,900
0.503,907
0.504,908
0.505,877
0.506,917
0.507,904
0.508,890
0.509,907
0.51,891
0.511,861
0.512,919
0.513,922
0.514,916
0.515,906
0.516,924
0.517,879
0.518,912
0.519,933
0.52,928
0.521,912
0.522,935
0.523,908
0.524,882
0.525,922
0.526,908
0.527,885
0.528,897
0.529,890
0.53,863
0.531,894
0.532,899
0.533,877
0.534,916
0.535,891
0.536,863
0.537,884
0.538,884
0.539,866
0.54,854
0.541,876
0.542,853
0.543,828
0.544,896
0.545,887
0.546,858
0.547,868
0.548,865
0.549,832
0.55,882
0.551,878
0.552,863
0.553,865
0.554,868
0.555,847
0.556,875
0.557,878
0.558,860
0.559,853
0.56,872
0.561,856
0.562,854
0.563,875
0.564,875
0.565,851
0.566,869
0.567,855
0.568,831
0.569,852
0.57,865
0.571,872
0.572,855
0.573,866
0.574,847
0.575,864
0.576,896
0.577,869
0.578,877
0.579,881
0.58,863
0.581,865
0.582,907
0.583,906
0.584,898
0.585,922
0.586,900
0.587,876
0.588,912
0.589,896
0.59,875
0.591,890
0.592,878
0.593,851
0.594,896
0.595,899
0.596,871
0.597,877
0.598,895
0.599,854
0.6,880
0.601,878
0.602,904
0.603,918
0.604,945
0.605,928
0.606,908
0.607,941
0.608,952
0.609,955
0.61,1018
0.611,1014
0.612,992
0.613,1002
0.614,1008
0.615,989
0.616,986
0.617,971
0.618,936
0.619,968
0.62,984
0.621,977
0.622,995
0.623,999
0.624,960
0.625,951
0.626,983
0.627,962
0.628,960
0.629,984
0.63,931
0.631,920
0.632,959
0.633,939
0.634,933
0.635,960
0.636,950
0.637,924
0.638,979
0.639,982
0.64,970
0.641,971
0.642,982
0.643,980
0.644,955
0.645,984
0.646,973
0.647,970
0.648,982
0.649,995
0.65,966
0.651,960
0.652,987
0.653,976
0.654,967
0.655,971
0.656,956
0.657,936
0.658,944
0.659,961
0.66,952
0.661,948
0.662,967
0.663,938
0.664,914
0.665,922
0.666,938
0.667,933
0.668,941
0.669,957
0.67,926
0.671,922
0.672,960
0.673,966
0.674,957
0.675,996
0.676,963
0.677,959
0.678,982
0.679,1004
0.68,986
0.681,988
0.682,988
0.683,984
0.684,950
0.685,981
0.686,1003
0.687,983
0.688,983
0.689,1000
0.69,954
0.691,954
0.692,973
0.693,957
0.694,948
0.695,959
0.696,932
0.697,909
0.698,940
0.699,949
0.7,931
0.701,922
0.702,948
0.703,910
0.704,896
0.705,924
0.706,926
0.707,927
0.708,935
0.709,936
0.71,914
0.711,932
0.712,949
0.713,927
0.714,902
0.715,922
0.716,908
0.717,870
0.718,896
0.719,914
0.72,884
0.721,894
0.722,919
0.723,886
0.724,905
0.725,919
0.726,913
0.727,905
0.728,927
0.729,918
0.73,900
0.731,926
0.732,922
0.733,911
0.734,912
0.735,929
0.736,901
0.737,895
0.738,939
0.739,948
0.74,928
0.741,927
0.742,905
0.743,910
0.744,944
0.745,930
0.746,919
0.747,938
0.748,933
0.749,927
0.75,931
0.751,959
0.752,944
0.753,923
0.754,937
0.755,928
0.756,887
0.757,937
0.758,913
0.759,885
0.76,907
0.761,943
0.762,919
0.763,936
0.764,957
0.765,958
0.766,944
0.767,961
0.768,940
0.769,910
0.77,949
0.771,956
0.772,948
0.773,934
0.774,943
0.775,912
0.776,940
0.777,946
0.778,941
0.779,915
0.78,932
0.781,904
0.782,875
0.783,899
0.784,902
0.785,871
0.786,872
0.787,886
0.788,859
0.789,850
0.79,875
0.791,877
0.792,836
0.793,856
0.794,859
0.795,833
0.796,856
0.797,873
0.798,866
0.799,846
0.8,876
0.801,858
0.802,828
0.803,892
0.804,895
0.805,871
0.806,885
0.807,868
0.808,844
0.809,916
0.81,892
0.811,870
0.812,878
0.813,877
0.814,875
0.815,890
0.816,933
0.817,914
0.818,896
0.819,911
0.82,904
0.821,881
0.822,911
0.823,910
0.824,891
0.825,896
0.826,911
0.827,876
0.828,856
0.829,889
0.83,900
0.831,880
0.832,907
0.833,892
0.834,895
0.835,888
0.836,928
0.837,914
0.838,894
0.839,912
0.84,910
0.841,878
0.842,918
0.843,907
0.844,881
0.845,877
0.846,872
0.847,851
0.848,858
0.849,871
0.85,852
0.851,850
0.852,856
0.853,816
0.854,797
0.855,831
0.856,830
0.857,815
0.858,830
0.859,823
0.86,804
0.861,821
0.862,823
0.863,804
0.864,815
0.865,819
0.866,816
0.867,845
0.868,872
0.869,869
0.87,854
0.871,858
0.872,843
0.873,863
0.874,888
0.875,844
0.876,834
0.877,841
0.878,827
0.879,832
0.88,838
0.881,816
0.882,802
0.883,854
0.884,830
0.885,834
0.886,861
0.887,841
0.888,828
0.889,847
0.89,840
0.891,831
0.892,858
0.893,879
0.894,858
0.895,862
0.896,873
0.897,855
0.898,916
0.899,908
0.9,888
0.901,898
0.902,889
0.903,875
0.904,933
0.905,938
0.906,907
0.907,928
0.908,917
0.909,887
0.91,920
0.911,906
0.912,887
0.913,912
0.914,897
0.915,869
0.916,902
0.917,893
0.918,873
0.919,879
0.92,885
0.921,867
0.922,881
0.923,897
0.924,896
0.925,881
0.926,906
0.927,895
0.928,882
0.929,915
0.93,904
0.931,887
0.932,895
0.933,887
0.934,854
0.935,935
0.936,932
0.937,908
0.938,901
0.939,948
0.94,917
0.941,903
0.942,888
0.943,931
0.944,953
0.945,946
0.946,928
0.947,924
0.948,932
0.949,954
0.95,934
0.951,918
0.952,931
0.953,945
0.954,939
0.955,921
0.956,904
0.957,915
0.958,923
0.959,908
0.96,895
0.961,911
0.962,924
0.963,917
0.964,903
0.965,903
0.966,907
0.967,894
0.968,892
0.969,880
0.97,866
0.971,889
0.972,903
0.973,886
0.974,876
0.975,853
0.976,862
0.977,853
0.978,846
0.979,826
0.98,832
0.981,856
0.982,847
0.983,837
0.984,814
0.985,847
0.986,818
0.987,803
0.988,810
0.989,823
0.99,801
0.991,802
0.992,808
0.993,785
0.994,788
0.995,809
0.996,787
0.997,772
0.998,790
0.999,775
