0.0,697
0.001,702
0.002,702
0.003,744
0.004,723
0.005,701
0.006,690
0.007,692
0.008,698
0.009,700
0.01,726
0.011,708
0.012,687
0.013,692
0.014,687
0.015,692
0.016,715
0.017,719
0.018,700
0.019,683
0.02,687
0.021,696
0.022,709
0.023,747
0.024,732
0.025,698
0.026,712
0.027,710
0.028,720
0.029,772
0.03,767
0.031,727
0.032,714
0.033,730
0.034,732
0.035,733
0.036,779
0.037,753
0.038,728
0.039,725
0.04,734
0.041,737
0.042,767
0.043,778
0.044,752
0.045,720
0.046,735
0.047,733
0.048,744
0.049,768
0.05,753
0.051,732
0.052,728
0.053,768
0.054,768
0.055,776
0.056,816
0.057,782
0.058,761
0.059,780
0.06,799
0.061,790
0.062,819
0.063,808
0.064,775
0.065,769
0.066,778
0.067,794
0.068,802
0.069,815
0.07,784
0.071,765
0.072,770
0.073,776
0.074,778
0.075,808
0.076,792
0.077,761
0.078,755
0.079,783
0.08,769
0.081,803
0.082,831
0.083,786
0.084,780
0.085,791
0.086,792
0.087,797
0.088,831
0.089,807
0.09,793
0.091,800
0.092,813
0.093,801
0.094,841
0.095,848
0.096,840
0.097,802
0.098,824
0.099,820
0.1,807
0.101,883
0.102,852
0.103,817
0.104,827
0.105,829
0.106,820
0.107,845
0.108,863
0.109,828
0.11,800
0.111,831
0.112,821
0.113,836
0.114,858
0.115,835
0.116,808
0.117,826
0.118,823
0.119,823
0.12,834
0.121,842
0.122,821
0.123,823
0.124,838
0.125,836
0.126,852
0.127,838
0.128,832
0.129,806
0.13,822
0.131,815
0.132,806
0.133,840
0.134,843
0.135,803
0.136,802
0.137,802
0.138,785
0.139,822
0.14,839
0.141,811
0.142,827
0.143,837
0.144,830
0.145,836
0.146,853
0.147,838
0.148,821
0.149,834
0.15,847
0.151,832
0.152,854
0.153,860
0.154,835
0.155,826
0.156,855
0.157,837
0.158,829
0.159,862
0.16,832
0.161,820
0.162,824
0.163,836
0.164,821
0.165,850
0.166,895
0.167,874
0.168,864
0.169,876
0.17,865
0.171,850
0.172,896
0.173,877
0.174,857
0.175,879
0.176,888
0.177,868
0.178,881
0.179,880
0.18,865
0.181,859
0.182,871
0.183,851
0.184,841
0.185,900
0.186,896
0.187,884
0.188,891
0.189,886
0.19,851
0.191,896
0.192,893
0.193,874
0.194,873
0.195,888
0.196,869
0.197,892
0.198,932
0.199,909
0.2,897
0.201,916
0.202,914
0.203,910
0.204,952
0.205,940
0.206,942
0.207,914
0.208,937
0.209,918
0.21,902
0.211,944
0.212,905
0.213,884
0.214,924
0.215,924
0.216,916
0.217,922
0.218,943
0.219,900
0.22,897
0.221,932
0.222,927
0.223,928
0.224,965
0.225,939
0.226,915
0.227,927
0.228,927
0.229,902
0.23,946
0.231,964
0.232,927
0.233,911
0.234,936
0.235,911
0.236,894
0.237,921
0.238,901
0.239,899
0.24,898
0.241,904
0.242,900
0.243,939
0.244,914
0.245,886
0.246,879
0.247,890
0.248,891
0.249,892
0.25,913
0.251,893
0.252,866
0.253,886
0.254,868
0.255,868
0.256,896
0.257,898
0.258,888
0.259,876
0.26,897
0.261,891
0.262,908
0.263,959
0.264,934
0.265,911
0.266,940
0.267,912
0.268,887
0.269,926
0.27,898
0.271,874
0.272,875
0.273,884
0.274,867
0.275,882
0.276,916
0.277,879
0.278,858
0.279,888
0.28,877
0.281,863
0.282,899
0.283,878
0.284,872
0.285,866
0.286,888
0.287,860
0.288,888
0.289,927
0.29,902
0.291,899
0.292,927
0.293,916
0.294,896
0.295,942
0.296,927
0.297,903
0.298,910
0.299,918
0.3,919
0.301,931
0.302,939
0.303,908
0.304,898
0.305,943
0.306,909
0.307,888
0.308,914
0.309,906
0.31,890
0.311,893
0.312,905
0.313,893
0.314,877
0.315,901
0.316,900
0.317,881
0.318,890
0.319,873
0.32,852
0.321,864
0.322,881
0.323,866
0.324,855
0.325,872
0.326,858
0.327,844
0.328,903
0.329,894
0.33,886
0.331,912
0.332,897
0.333,871
0.334,904
0.335,916
0.336,888
0.337,876
0.338,914
0.339,890
0.34,880
0.341,909
0.342,916
0.343,879
0.344,883
0.345,908
0.346,876
0.347,882
0.348,897
0.349,877
0.35,878
0.351,889
0.352,877
0.353,860
0.354,892
0.355,891
0.356,863
0.357,880
0.358,858
0.359,842
0.36,851
0.361,894
0.362,882
0.363,860
0.364,896
0.365,877
0.366,863
0.367,896
0.368,895
0.369,869
0.37,906
0.371,891
0.372,871
0.373,886
0.374,888
0.375,893
0.376,874
0.377,899
0.378,903
0.379,866
0.38,890
0.381,903
0.382,869
0.383,881
0.384,892
0.385,862
0.386,860
0.387,866
0.388,855
0.389,846
0.39,858
0.391,847
0.392,823
0.393,824
0.394,844
0.395,832
0.396,826
0.397,840
0.398,827
0.399,799
0.4,826
0.401,831
0.402,816
0.403,814
0.404,811
0.405,789
0.406,777
0.407,804
0.408,798
0.409,793
0.41,812
0.411,793
0.412,770
0.413,768
0.414,794
0.415,784
0.416,776
0.417,787
0.418,773
0.419,754
0.42,774
0.421,782
0.422,777
0.423,788
0.424,791
0.425,771
0.426,753
0.427,782
0.428,774
0.429,755
0.43,765
0.431,756
0.432,739
0.433,740
0.434,768
0.435,761
0.436,751
0.437,767
0.438,751
0.439,735
0.44,751
0.441,769
0.442,753
0.443,756
0.444,759
0.445,739
0.446,719
0.447,757
0.448,772
0.449,766
0.45,775
0.451,776
0.452,775
0.453,790
0.454,802
0.455,778
0.456,763
0.457,770
0.458,768
0.459,755
0.46,774
0.461,778
0.462,758
0.463,747
0.464,746
0.465,743
0.466,732
0.467,763
0.468,752
0.469,735
0.47,739
0.471,741
0.472,753
0.473,750
0.474,766
0.475,743
0.476,722
0.477,728
0.478,728
0.479,725
0.48,744
0.481,748
0.482,723
0.483,704
0.484,710
0.485,711
0.486,706
0.487,759
0.488,743
0.489,705
0.49,701
0.491,708
0.492,734
0.493,737
0.494,750
0.495,735
0.496,710
0.497,724
0.498,733
0.499,743
0.5,782
0.501,775
0.502,740
0.503,741
0.504,746
0.505,752
0.506,800
0.507,786
0.508,766
0.509,754
0.51,775
0.511,779
0.512,786
0.513,808
0.514,801
0.515,782
0.516,783
0.517,807
0.518,808
0.519,842
0.52,840
0.521,818
0.522,799
0.523,798
0.524,816
0.525,832
0.526,855
0.527,859
0.528,819
0.529,815
0.53,825
0.531,834
0.532,863
0.533,872
0.534,847
0.535,840
0.536,837
0.537,852
0.538,862
0.539,881
0.54,887
0.541,849
0.542,841
0.543,855
0.544,888
0.545,890
0.546,928
0.547,882
0.548,874
0.549,876
0.55,875
0.551,895
0.552,915
0.553,905
0.554,885
0.555,879
0.556,887
0.557,899
0.558,916
0.559,988
0.56,988
0.561,946
0.562,955
0.563,960
0.564,969
0.565,988
0.566,979
0.567,969
0.568,942
0.569,977
0.57,995
0.571,997
0.572,1015
0.573,988
0.574,968
0.575,986
0.576,1003
0.577,999
0.578,1040
0.579,1028
0.58,991
0.581,981
0.582,991
0.583,997
0.584,1010
0.585,1056
0.586,1022
0.587,999
0.588,1016
0.589,1009
0.59,1013
0.591,1072
0.592,1081
0.593,1057
0.594,1035
0.595,1031
0.596,1035
0.597,1037
0.598,1062
0.599,1039
0.6,1017
0.601,998
0.602,998
0.603,1003
0.604,1012
0.605,1025
0.606,1002
0.607,980
0.608,965
0.609,970
0.61,975
0.611,999
0.612,993
0.613,999
0.614,974
0.615,943
0.616,960
0.617,958
0.618,978
0.619,977
0.62,946
0.621,931
0.622,946
0.623,952
0.624,974
0.625,975
0.626,954
0.627,933
0.628,930
0.629,941
0.63,947
0.631,975
0.632,957
0.633,933
0.634,921
0.635,925
0.636,935
0.637,976
0.638,956
0.639,931
0.64,911
0.641,912
0.642,935
0.643,941
0.644,960
0.645,937
0.646,928
0.647,923
0.648,925
0.649,931
0.65,967
0.651,957
0.652,933
0.653,910
0.654,909
0.655,932
0.656,944
0.657,974
0.658,936
0.659,914
0.66,912
0.661,909
0.662,917
0.663,944
0.664,936
0.665,916
0.666,895
0.667,896
0.668,903
0.669,908
0.67,932
0.671,922
0.672,897
0.673,884
0.674,888
0.675,895
0.676,897
0.677,928
0.678,922
0.679,894
0.68,868
0.681,871
0.682,875
0.683,903
0.684,898
0.685,876
0.686,853
0.687,846
0.688,853
0.689,855
0.69,877
0.691,869
0.692,843
0.693,824
0.694,823
0.695,828
0.696,833
0.697,860
0.698,843
0.699,819
0.7,806
0.701,808
0.702,813
0.703,829
0.704,837
0.705,816
0.706,793
0.707,788
0.708,792
0.709,795
0.71,812
0.711,817
0.712,791
0.713,770
0.714,770
0.715,778
0.716,780
0.717,804
0.718,795
0.719,770
0.72,759
0.721,758
0.722,763
0.723,770
0.724,795
0.725,775
0.726,752
0.727,747
0.728,750
0.729,754
0.73,777
0.731,778
0.732,756
0.733,733
0.734,733
0.735,738
0.736,741
0.737,763
0.738,763
0.739,740
0.74,723
0.741,724
0.742,731
0.743,734
0.744,763
0.745,748
0.746,729
0.747,721
0.748,722
0.749,726
0.75,745
0.751,755
0.752,746
0.753,708
0.754,707
0.755,712
0.756,714
0.757,741
0.758,750
0.759,719
0.76,704
0.761,722
0.762,720
0.763,726
0.764,775
0.765,757
0.766,722
0.767,724
0.768,737
0.769,737
0.77,771
0.771,770
0.772,746
0.773,729
0.774,735
0.775,744
0.776,748
0.777,771
0.778,753
0.779,751
0.78,731
0.781,756
0.782,748
0.783,788
0.784,788
0.785,756
0.786,737
0.787,744
0.788,750
0.789,781
0.79,808
0.791,781
0.792,748
0.793,757
0.794,767
0.795,783
0.796,796
0.797,802
0.798,768
0.799,769
0.8,765
0.801,761
0.802,788
0.803,798
0.804,774
0.805,754
0.806,773
0.807,766
0.808,778
0.809,804
0.81,783
0.811,757
0.812,780
0.813,769
0.814,770
0.815,791
0.816,806
0.817,787
0.818,761
0.819,782
0.82,787
0.821,764
0.822,808
0.823,798
0.824,777
0.825,763
0.826,770
0.827,784
0.828,787
0.829,811
0.83,792
0.831,760
0.832,767
0.833,771
0.834,778
0.835,785
0.836,794
0.837,767
0.838,748
0.839,756
0.84,756
0.841,760
0.842,802
0.843,775
0.844,751
0.845,768
0.846,782
0.847,764
0.848,807
0.849,798
0.85,769
0.851,772
0.852,798
0.853,783
0.854,783
0.855,813
0.856,793
0.857,776
0.858,788
0.859,780
0.86,786
0.861,803
0.862,818
0.863,788
0.864,776
0.865,783
0.866,792
0.867,792
0.868,830
0.869,791
0.87,766
0.871,774
0.872,792
0.873,800
0.874,812
0.875,822
0.876,808
0.877,787
0.878,806
0.879,810
0.88,792
0.881,848
0.882,812
0.883,788
0.884,799
0.885,793
0.886,785
0.887,821
0.888,848
0.889,820
0.89,798
0.891,824
0.892,807
0.893,798
0.894,834
0.895,816
0.896,792
0.897,795
0.898,804
0.899,796
0.9,812
0.901,841
0.902,796
0.903,799
0.904,806
0.905,808
0.906,800
0.907,847
0.908,821
0.909,794
0.91,810
0.911,820
0.912,816
0.913,863
0.914,896
0.915,846
0.916,830
0.917,884
0.918,846
0.919,851
0.92,901
0.921,872
0.922,845
0.923,860
0.924,867
0.925,858
0.926,895
0.927,896
0.928,865
0.929,848
0.93,877
0.931,882
0.932,860
0.933,888
0.934,877
0.935,851
0.936,866
0.937,867
0.938,848
0.939,863
0.94,878
0.941,861
0.942,831
0.943,864
0.944,858
0.945,840
0.946,882
0.947,888
0.948,866
0.949,871
0.95,881
0.951,868
0.952,880
0.953,939
0.954,922
0.955,905
0.956,910
0.957,904
0.958,886
0.959,905
0.96,911
0.961,892
0.962,871
0.963,889
0.964,879
0.965,856
0.966,881
0.967,872
0.968,841
0.969,876
0.97,840
0.971,831
0.972,840
0.973,859
0.974,830
0.975,818
0.976,846
0.977,845
0.978,820
0.979,855
0.98,841
0.981,829
0.982,821
0.983,830
0.984,824
0.985,831
0.986,835
0.987,860
0.988,834
0.989,821
0.99,813
0.991,824
0.992,819
0.993,812
0.994,799
0.995,831
0.996,831
0.997,838
0.998,822
0.999,805
