0.0,652
0.001,660
0.002,663
0.003,638
0.004,629
0.005,638
0.006,635
0.007,626
0.008,614
0.009,639
0.01,656
0.011,645
0.012,633
0.013,628
0.014,624
0.015,629
0.016,623
0.017,615
0.018,607
0.019,619
0.02,641
0.021,637
0.022,626
0.023,615
0.024,617
0.025,622
0.026,614
0.027,610
0.028,596
0.029,612
0.03,635
0.031,628
0.032,618
0.033,610
0.034,617
0.035,618
0.036,612
0.037,601
0.038,591
0.039,607
0.04,626
0.041,610
0.042,600
0.043,612
0.044,620
0.045,601
0.046,622
0.047,616
0.048,607
0.049,621
0.05,609
0.051,590
0.052,625
0.053,620
0.054,616
0.055,621
0.056,616
0.057,600
0.058,644
0.059,638
0.06,624
0.061,631
0.062,649
0.063,639
0.064,634
0.065,659
0.066,648
0.067,653
0.068,664
0.069,648
0.07,619
0.071,652
0.072,655
0.073,643
0.074,637
0.075,654
0.076,624
0.077,626
0.078,651
0.079,639
0.08,639
0.081,650
0.082,631
0.083,625
0.084,665
0.085,656
0.086,662
0.087,663
0.088,671
0.089,643
0.09,662
0.091,674
0.092,660
0.093,663
0.094,675
0.095,653
0.096,652
0.097,677
0.098,663
0.099,658
0.1,674
0.101,675
0.102,645
0.103,680
0.104,693
0.105,682
0.106,688
0.107,690
0.108,672
0.109,692
0.11,704
0.111,693
0.112,688
0.113,694
0.114,679
0.115,692
0.116,734
0.117,718
0.118,706
0.119,732
0.12,721
0.121,698
0.122,732
0.123,743
0.124,731
0.125,723
0.126,751
0.127,716
0.128,712
0.129,732
0.13,733
0.131,725
0.132,729
0.133,709
0.134,686
0.135,720
0.136,713
0.137,706
0.138,718
0.139,719
0.14,696
0.141,714
0.142,703
0.143,687
0.144,690
0.145,709
0.146,680
0.147,683
0.148,719
0.149,700
0.15,702
0.151,735
0.152,696
0.153,680
0.154,713
0.155,708
0.156,696
0.157,713
0.158,714
0.159,690
0.16,701
0.161,717
0.162,722
0.163,701
0.164,720
0.165,694
0.166,691
0.167,720
0.168,714
0.169,703
0.17,723
0.171,702
0.172,681
0.173,718
0.174,727
0.175,715
0.176,740
0.177,735
0.178,713
0.179,723
0.18,763
0.181,743
0.182,740
0.183,772
0.184,750
0.185,727
0.186,763
0.187,757
0.188,748
0.189,774
0.19,760
0.191,735
0.192,754
0.193,768
0.194,755
0.195,752
0.196,790
0.197,768
0.198,758
0.199,799
0.2,791
0.201,777
0.202,794
0.203,775
0.204,748
0.205,779
0.206,781
0.207,764
0.208,776
0.209,771
0.21,742
0.211,769
0.212,770
0.213,763
0.214,767
0.215,784
0.216,756
0.217,756
0.218,773
0.219,762
0.22,759
0.221,796
0.222,761
0.223,735
0.224,773
0.225,767
0.226,760
0.227,764
0.228,773
0.229,760
0.23,771
0.231,799
0.232,788
0.233,771
0.234,781
0.235,754
0.236,753
0.237,798
0.238,775
0.239,769
0.24,785
0.241,768
0.242,745
0.243,793
0.244,782
0.245,763
0.246,769
0.247,777
0.248,752
0.249,758
0.25,787
0.251,765
0.252,771
0.253,780
0.254,757
0.255,751
0.256,780
0.257,766
0.258,761
0.259,779
0.26,754
0.261,751
0.262,780
0.263,780
0.264,760
0.265,772
0.266,768
0.267,739
0.268,781
0.269,776
0.27,754
0.271,764
0.272,754
0.273,743
0.274,751
0.275,768
0.276,754
0.277,757
0.278,771
0.279,754
0.28,738
0.281,768
0.282,752
0.283,738
0.284,758
0.285,749
0.286,734
0.287,759
0.288,756
0.289,736
0.29,742
0.291,776
0.292,748
0.293,768
0.294,808
0.295,775
0.296,747
0.297,760
0.298,765
0.299,765
0.3,786
0.301,779
0.302,759
0.303,770
0.304,767
0.305,751
0.306,792
0.307,797
0.308,765
0.309,761
0.31,778
0.311,770
0.312,806
0.313,803
0.314,779
0.315,767
0.316,795
0.317,778
0.318,787
0.319,820
0.32,815
0.321,775
0.322,792
0.323,804
0.324,775
0.325,819
0.326,845
0.327,833
0.328,811
0.329,816
0.33,811
0.331,832
0.332,883
0.333,862
0.334,862
0.335,851
0.336,860
0.337,845
0.338,909
0.339,903
0.34,875
0.341,887
0.342,882
0.343,882
0.344,911
0.345,911
0.346,878
0.347,872
0.348,903
0.349,906
0.35,940
0.351,942
0.352,915
0.353,896
0.354,911
0.355,911
0.356,916
0.357,979
0.358,972
0.359,940
0.36,944
0.361,948
0.362,939
0.363,992
0.364,1017
0.365,982
0.366,963
0.367,961
0.368,964
0.369,960
0.37,996
0.371,974
0.372,950
0.373,944
0.374,972
0.375,969
0.376,992
0.377,987
0.378,976
0.379,943
0.38,963
0.381,980
0.382,939
0.383,974
0.384,954
0.385,931
0.386,940
0.387,944
0.388,924
0.389,978
0.39,987
0.391,961
0.392,960
0.393,955
0.394,944
0.395,959
0.396,1019
0.397,1008
0.398,957
0.399,962
0.4,953
0.401,960
0.402,980
0.403,964
0.404,929
0.405,944
0.406,972
0.407,962
0.408,985
0.409,982
0.41,952
0.411,947
0.412,952
0.413,955
0.414,931
0.415,964
0.416,927
0.417,909
0.418,917
0.419,899
0.42,897
0.421,929
0.422,928
0.423,890
0.424,892
0.425,884
0.426,877
0.427,900
0.428,915
0.429,888
0.43,866
0.431,903
0.432,887
0.433,871
0.434,906
0.435,887
0.436,861
0.437,855
0.438,862
0.439,849
0.44,853
0.441,860
0.442,837
0.443,823
0.444,846
0.445,821
0.446,819
0.447,846
0.448,840
0.449,801
0.45,796
0.451,810
0.452,781
0.453,810
0.454,812
0.455,795
0.456,767
0.457,770
0.458,771
0.459,784
0.46,801
0.461,780
0.462,752
0.463,768
0.464,774
0.465,765
0.466,800
0.467,790
0.468,769
0.469,761
0.47,789
0.471,785
0.472,806
0.473,815
0.474,791
0.475,777
0.476,789
0.477,799
0.478,795
0.479,831
0.48,832
0.481,792
0.482,804
0.483,803
0.484,778
0.485,808
0.486,848
0.487,821
0.488,799
0.489,808
0.49,808
0.491,799
0.492,841
0.493,824
0.494,792
0.495,798
0.496,793
0.497,775
0.498,804
0.499,803
0.5,777
0.501,772
0.502,779
0.503,757
0.504,745
0.505,780
0.506,760
0.507,741
0.508,749
0.509,740
0.51,722
0.511,745
0.512,747
0.513,730
0.514,731
0.515,751
0.516,736
0.517,777
0.518,797
0.519,796
0.52,761
0.521,784
0.522,762
0.523,751
0.524,784
0.525,777
0.526,773
0.527,799
0.528,777
0.529,752
0.53,774
0.531,794
0.532,790
0.533,800
0.534,804
0.535,776
0.536,772
0.537,802
0.538,810
0.539,802
0.54,834
0.541,820
0.542,804
0.543,826
0.544,836
0.545,835
0.546,843
0.547,841
0.548,816
0.549,834
0.55,852
0.551,831
0.552,841
0.553,849
0.554,839
0.555,815
0.556,863
0.557,864
0.558,868
0.559,898
0.56,877
0.561,858
0.562,898
0.563,905
0.564,905
0.565,919
0.566,908
0.567,880
0.568,884
0.569,905
0.57,911
0.571,923
0.572,926
0.573,896
0.574,919
0.575,926
0.576,917
0.577,915
0.578,945
0.579,908
0.58,888
0.581,928
0.582,933
0.583,936
0.584,968
0.585,957
0.586,901
0.587,943
0.588,942
0.589,947
0.59,944
0.591,948
0.592,918
0.593,919
0.594,939
0.595,914
0.596,904
0.597,919
0.598,904
0.599,871
0.6,904
0.601,900
0.602,873
0.603,883
0.604,892
0.605,862
0.606,882
0.607,881
0.608,868
0.609,863
0.61,884
0.611,855
0.612,864
0.613,876
0.614,866
0.615,853
0.616,870
0.617,871
0.618,824
0.619,881
0.62,879
0.621,853
0.622,870
0.623,856
0.624,822
0.625,834
0.626,847
0.627,820
0.628,819
0.629,816
0.63,793
0.631,771
0.632,806
0.633,779
0.634,752
0.635,763
0.636,753
0.637,732
0.638,746
0.639,752
0.64,738
0.641,741
0.642,747
0.643,736
0.644,748
0.645,784
0.646,762
0.647,743
0.648,760
0.649,749
0.65,737
0.651,763
0.652,757
0.653,727
0.654,728
0.655,735
0.656,730
0.657,753
0.658,756
0.659,729
0.66,715
0.661,725
0.662,718
0.663,717
0.664,751
0.665,731
0.666,706
0.667,714
0.668,709
0.669,706
0.67,725
0.671,733
0.672,712
0.673,704
0.674,720
0.675,713
0.676,706
0.677,789
0.678,776
0.679,751
0.68,748
0.681,751
0.682,749
0.683,777
0.684,781
0.685,762
0.686,741
0.687,736
0.688,731
0.689,722
0.69,747
0.691,737
0.692,710
0.693,704
0.694,710
0.695,701
0.696,711
0.697,714
0.698,693
0.699,681
0.7,692
0.701,689
0.702,688
0.703,716
0.704,700
0.705,676
0.706,707
0.707,700
0.708,695
0.709,749
0.71,780
0.711,755
0.712,742
0.713,764
0.714,756
0.715,759
0.716,821
0.717,800
0.718,778
0.719,780
0.72,789
0.721,776
0.722,803
0.723,815
0.724,774
0.725,769
0.726,772
0.727,765
0.728,781
0.729,799
0.73,773
0.731,751
0.732,775
0.733,773
0.734,761
0.735,805
0.736,789
0.737,773
0.738,762
0.739,767
0.74,751
0.741,784
0.742,771
0.743,745
0.744,740
0.745,738
0.746,735
0.747,736
0.748,770
0.749,740
0.75,718
0.751,751
0.752,747
0.753,722
0.754,759
0.755,756
0.756,731
0.757,725
0.758,729
0.759,716
0.76,730
0.761,749
0.762,721
0.763,703
0.764,746
0.765,739
0.766,723
0.767,762
0.768,756
0.769,734
0.77,742
0.771,748
0.772,737
0.773,767
0.774,780
0.775,756
0.776,739
0.777,758
0.778,744
0.779,727
0.78,815
0.781,803
0.782,775
0.783,787
0.784,795
0.785,774
0.786,822
0.787,824
0.788,794
0.789,808
0.79,804
0.791,785
0.792,794
0.793,820
0.794,797
0.795,784
0.796,806
0.797,789
0.798,774
0.799,805
0.8,807
0.801,776
0.802,795
0.803,796
0.804,784
0.805,815
0.806,846
0.807,822
0.808,804
0.809,826
0.81,806
0.811,791
0.812,854
0.813,847
0.814,819
0.815,832
0.816,822
0.817,819
0.818,844
0.819,837
0.82,812
0.821,822
0.822,838
0.823,819
0.824,844
0.825,855
0.826,851
0.827,820
0.828,846
0.829,827
0.83,814
0.831,838
0.832,822
0.833,798
0.834,818
0.835,805
0.836,783
0.837,801
0.838,806
0.839,785
0.84,782
0.841,806
0.842,778
0.843,765
0.844,812
0.845,801
0.846,785
0.847,793
0.848,794
0.849,769
0.85,795
0.851,805
0.852,783
0.853,785
0.854,798
0.855,778
0.856,780
0.857,801
0.858,799
0.859,770
0.86,787
0.861,777
0.862,752
0.863,779
0.864,784
0.865,757
0.866,764
0.867,762
0.868,749
0.869,746
0.87,767
0.871,747
0.872,736
0.873,746
0.874,733
0.875,718
0.876,777
0.877,753
0.878,735
0.879,746
0.88,738
0.881,733
0.882,747
0.883,745
0.884,741
0.885,713
0.886,748
0.887,732
0.888,728
0.889,755
0.89,739
0.891,731
0.892,753
0.893,741
0.894,720
0.895,752
0.896,752
0.897,730
0.898,745
0.899,734
0.9,710
0.901,735
0.902,746
0.903,731
0.904,744
0.905,766
0.906,736
0.907,760
0.908,784
0.909,768
0.91,753
0.911,783
0.912,771
0.913,757
0.914,807
0.915,820
0.916,788
0.917,799
0.918,798
0.919,770
0.92,808
0.921,821
0.922,783
0.923,792
0.924,824
0.925,784
0.926,770
0.927,801
0.928,804
0.929,800
0.93,792
0.931,771
0.932,746
0.933,773
0.934,764
0.935,751
0.936,773
0.937,772
0.938,740
0.939,785
0.94,805
0.941,789
0.942,780
0.943,801
0.944,778
0.945,762
0.946,822
0.947,805
0.948,800
0.949,805
0.95,799
0.951,772
0.952,798
0.953,802
0.954,784
0.955,791
0.956,797
0.957,772
0.958,776
0.959,808
0.96,790
0.961,775
0.962,791
0.963,787
0.964,745
0.965,790
0.966,774
0.967,766
0.968,781
0.969,776
0.97,746
0.971,798
0.972,809
0.973,794
0.974,791
0.975,796
0.976,769
0.977,760
0.978,825
0.979,789
0.98,795
0.981,785
0.982,777
0.983,753
0.984,800
0.985,784
0.986,787
0.987,797
0.988,792
0.989,764
0.99,777
0.991,787
0.992,772
0.993,767
0.994,777
0.995,753
0.996,729
0.997,780
0.998,778
0.999,784
