0.0,559
0.001,536
0.002,546
0.003,538
0.004,525
0.005,560
0.006,548
0.007,531
0.008,536
0.009,533
0.01,523
0.011,559
0.012,543
0.013,545
0.014,556
0.015,546
0.016,571
0.017,584
0.018,566
0.019,568
0.02,564
0.021,554
0.022,599
0.023,585
0.024,576
0.025,597
0.026,583
0.027,590
0.028,628
0.029,605
0.03,583
0.031,602
0.032,612
0.033,597
0.034,652
0.035,667
0.036,647
0.037,639
0.038,667
0.039,650
0.04,638
0.041,705
0.042,696
0.043,677
0.044,676
0.045,693
0.046,681
0.047,686
0.048,706
0.049,686
0.05,669
0.051,684
0.052,710
0.053,692
0.054,704
0.055,720
0.056,693
0.057,681
0.058,711
0.059,703
0.06,695
0.061,736
0.062,727
0.063,710
0.064,720
0.065,735
0.066,706
0.067,709
0.068,758
0.069,735
0.07,716
0.071,734
0.072,730
0.073,713
0.074,756
0.075,764
0.076,740
0.077,728
0.078,753
0.079,732
0.08,714
0.081,749
0.082,737
0.083,718
0.084,719
0.085,732
0.086,710
0.087,701
0.088,731
0.089,734
0.09,701
0.091,717
0.092,722
0.093,704
0.094,737
0.095,760
0.096,737
0.097,725
0.098,760
0.099,731
0.1,714
0.101,759
0.102,761
0.103,740
0.104,735
0.105,750
0.106,744
0.107,725
0.108,779
0.109,759
0.11,739
0.111,763
0.112,763
0.113,744
0.114,756
0.115,768
0.116,744
0.117,730
0.118,748
0.119,738
0.12,716
0.121,765
0.122,765
0.123,749
0.124,767
0.125,772
0.126,748
0.127,743
0.128,783
0.129,770
0.13,753
0.131,791
0.132,760
0.133,741
0.134,768
0.135,770
0.136,748
0.137,736
0.138,761
0.139,731
0.14,708
0.141,752
0.142,735
0.143,715
0.144,716
0.145,728
0.146,705
0.147,714
0.148,757
0.149,732
0.15,711
0.151,739
0.152,724
0.153,707
0.154,718
0.155,744
0.156,714
0.157,713
0.158,735
0.159,717
0.16,698
0.161,747
0.162,734
0.163,720
0.164,731
0.165,718
0.166,704
0.167,722
0.168,745
0.169,726
0.17,714
0.171,734
0.172,710
0.173,699
0.174,749
0.175,746
0.176,740
0.177,768
0.178,752
0.179,722
0.18,756
0.181,749
0.182,720
0.183,743
0.184,752
0.185,728
0.186,739
0.187,761
0.188,737
0.189,759
0.19,754
0.191,729
0.192,746
0.193,766
0.194,756
0.195,751
0.196,770
0.197,739
0.198,730
0.199,781
0.2,784
0.201,770
0.202,787
0.203,762
0.204,741
0.205,800
0.206,811
0.207,777
0.208,794
0.209,782
0.21,761
0.211,791
0.212,777
0.213,762
0.214,777
0.215,776
0.216,753
0.217,764
0.218,766
0.219,744
0.22,760
0.221,763
0.222,738
0.223,740
0.224,756
0.225,741
0.226,729
0.227,749
0.228,726
0.229,706
0.23,749
0.231,744
0.232,720
0.233,734
0.234,716
0.235,689
0.236,740
0.237,722
0.238,699
0.239,706
0.24,714
0.241,686
0.242,709
0.243,727
0.244,696
0.245,690
0.246,724
0.247,690
0.248,697
0.249,708
0.25,693
0.251,692
0.252,706
0.253,683
0.254,719
0.255,733
0.256,715
0.257,712
0.258,723
0.259,712
0.26,724
0.261,768
0.262,747
0.263,728
0.264,759
0.265,743
0.266,728
0.267,776
0.268,763
0.269,735
0.27,739
0.271,755
0.272,742
0.273,747
0.274,764
0.275,743
0.276,725
0.277,740
0.278,725
0.279,754
0.28,759
0.281,736
0.282,727
0.283,757
0.284,750
0.285,743
0.286,767
0.287,775
0.288,744
0.289,748
0.29,756
0.291,752
0.292,757
0.293,808
0.294,790
0.295,769
0.296,772
0.297,777
0.298,764
0.299,799
0.3,799
0.301,791
0.302,758
0.303,784
0.304,778
0.305,772
0.306,793
0.307,797
0.308,771
0.309,774
0.31,775
0.311,769
0.312,791
0.313,786
0.314,779
0.315,751
0.316,768
0.317,747
0.318,750
0.319,792
0.32,762
0.321,745
0.322,767
0.323,768
0.324,777
0.325,809
0.326,810
0.327,800
0.328,775
0.329,779
0.33,775
0.331,836
0.332,847
0.333,824
0.334,807
0.335,811
0.336,803
0.337,836
0.338,833
0.339,817
0.34,823
0.341,813
0.342,809
0.343,836
0.344,844
0.345,832
0.346,809
0.347,821
0.348,852
0.349,831
0.35,878
0.351,852
0.352,836
0.353,842
0.354,838
0.355,836
0.356,913
0.357,907
0.358,884
0.359,896
0.36,886
0.361,895
0.362,959
0.363,938
0.364,901
0.365,893
0.366,921
0.367,914
0.368,938
0.369,932
0.37,920
0.371,900
0.372,916
0.373,892
0.374,917
0.375,915
0.376,912
0.377,878
0.378,898
0.379,881
0.38,870
0.381,918
0.382,911
0.383,887
0.384,885
0.385,888
0.386,887
0.387,927
0.388,946
0.389,923
0.39,904
0.391,906
0.392,920
0.393,904
0.394,960
0.395,962
0.396,938
0.397,916
0.398,933
0.399,917
0.4,901
0.401,935
0.402,927
0.403,901
0.404,890
0.405,897
0.406,890
0.407,900
0.408,917
0.409,899
0.41,868
0.411,877
0.412,895
0.413,886
0.414,910
0.415,904
0.416,875
0.417,861
0.418,871
0.419,872
0.42,864
0.421,924
0.422,935
0.423,897
0.424,904
0.425,887
0.426,875
0.427,894
0.428,940
0.429,921
0.43,916
0.431,916
0.432,921
0.433,901
0.434,935
0.435,928
0.436,911
0.437,884
0.438,908
0.439,895
0.44,876
0.441,912
0.442,898
0.443,870
0.444,903
0.445,905
0.446,911
0.447,942
0.448,942
0.449,918
0.45,895
0.451,905
0.452,886
0.453,884
0.454,943
0.455,929
0.456,912
0.457,900
0.458,914
0.459,887
0.46,915
0.461,945
0.462,918
0.463,890
0.464,892
0.465,887
0.466,880
0.467,910
0.468,905
0.469,890
0.47,861
0.471,878
0.472,880
0.473,841
0.474,860
0.475,847
0.476,819
0.477,810
0.478,835
0.479,815
0.48,789
0.481,832
0.482,824
0.483,811
0.484,817
0.485,822
0.486,805
0.487,823
0.488,854
0.489,832
0.49,809
0.491,813
0.492,832
0.493,795
0.494,863
0.495,839
0.496,812
0.497,802
0.498,831
0.499,810
0.5,790
0.501,833
0.502,816
0.503,799
0.504,791
0.505,808
0.506,786
0.507,812
0.508,813
0.509,781
0.51,765
0.511,788
0.512,773
0.513,752
0.514,803
0.515,811
0.516,784
0.517,775
0.518,791
0.519,760
0.52,761
0.521,792
0.522,783
0.523,753
0.524,769
0.525,768
0.526,767
0.527,807
0.528,808
0.529,786
0.53,764
0.531,783
0.532,763
0.533,756
0.534,788
0.535,767
0.536,749
0.537,756
0.538,758
0.539,751
0.54,759
0.541,774
0.542,745
0.543,724
0.544,751
0.545,746
0.546,743
0.547,770
0.548,782
0.549,746
0.55,751
0.551,748
0.552,735
0.553,729
0.554,750
0.555,728
0.556,722
0.557,736
0.558,725
0.559,712
0.56,720
0.561,736
0.562,731
0.563,716
0.564,725
0.565,728
0.566,698
0.567,721
0.568,726
0.569,714
0.57,720
0.571,730
0.572,710
0.573,702
0.574,733
0.575,720
0.576,706
0.577,715
0.578,713
0.579,690
0.58,701
0.581,720
0.582,720
0.583,710
0.584,720
0.585,703
0.586,695
0.587,713
0.588,699
0.589,685
0.59,687
0.591,703
0.592,682
0.593,677
0.594,702
0.595,708
0.596,708
0.597,721
0.598,709
0.599,695
0.6,707
0.601,721
0.602,712
0.603,711
0.604,735
0.605,752
0.606,744
0.607,764
0.608,766
0.609,757
0.61,776
0.611,823
0.612,792
0.613,807
0.614,829
0.615,815
0.616,822
0.617,856
0.618,844
0.619,816
0.62,850
0.621,858
0.622,846
0.623,852
0.624,859
0.625,847
0.626,849
0.627,882
0.628,912
0.629,955
0.63,960
0.631,940
0.632,913
0.633,924
0.634,952
0.635,961
0.636,965
0.637,979
0.638,987
0.639,979
0.64,1000
0.641,1019
0.642,1001
0.643,1002
0.644,1000
0.645,955
0.646,942
0.647,955
0.648,949
0.649,939
0.65,970
0.651,950
0.652,945
0.653,960
0.654,973
0.655,964
0.656,961
0.657,997
0.658,956
0.659,947
0.66,951
0.661,974
0.662,962
0.663,970
0.664,988
0.665,971
0.666,946
0.667,984
0.668,980
0.669,986
0.67,993
0.671,1004
0.672,980
0.673,981
0.674,1011
0.675,1002
0.676,1001
0.677,1007
0.678,1003
0.679,953
0.68,966
0.681,1006
0.682,1014
0.683,1013
0.684,1005
0.685,973
0.686,1003
0.687,995
0.688,990
0.689,987
0.69,1010
0.691,987
0.692,962
0.693,982
0.694,984
0.695,976
0.696,975
0.697,984
0.698,959
0.699,938
0.7,978
0.701,971
0.702,960
0.703,967
0.704,970
0.705,975
0.706,976
0.707,984
0.708,983
0.709,998
0.71,1020
0.711,1022
0.712,974
0.713,987
0.714,983
0.715,976
0.716,990
0.717,1000
0.718,973
0.719,976
0.72,988
0.721,990
0.722,983
0.723,1008
0.724,986
0.725,964
0.726,978
0.727,976
0.728,969
0.729,971
0.73,975
0.731,950
0.732,936
0.733,950
0.734,955
0.735,952
0.736,960
0.737,955
0.738,928
0.739,932
0.74,957
0.741,948
0.742,943
0.743,947
0.744,946
0.745,914
0.746,922
0.747,940
0.748,930
0.749,930
0.75,946
0.751,915
0.752,904
0.753,940
0.754,952
0.755,929
0.756,948
0.757,932
0.758,906
0.759,932
0.76,946
0.761,935
0.762,930
0.763,933
0.764,911
0.765,886
0.766,943
0.767,921
0.768,906
0.769,907
0.77,919
0.771,898
0.772,884
0.773,912
0.774,908
0.775,903
0.776,929
0.777,927
0.778,896
0.779,893
0.78,916
0.781,911
0.782,905
0.783,927
0.784,907
0.785,884
0.786,906
0.787,912
0.788,904
0.789,909
0.79,941
0.791,904
0.792,865
0.793,900
0.794,915
0.795,914
0.796,909
0.797,904
0.798,877
0.799,883
0.8,911
0.801,890
0.802,882
0.803,902
0.804,896
0.805,875
0.806,883
0.807,888
0.808,878
0.809,885
0.81,901
0.811,884
0.812,864
0.813,898
0.814,898
0.815,896
0.816,902
0.817,912
0.818,876
0.819,893
0.82,932
0.821,935
0.822,909
0.823,935
0.824,928
0.825,896
0.826,926
0.827,937
0.828,924
0.829,921
0.83,935
0.831,914
0.832,884
0.833,927
0.834,920
0.835,920
0.836,926
0.837,931
0.838,901
0.839,908
0.84,923
0.841,917
0.842,900
0.843,917
0.844,902
0.845,879
0.846,896
0.847,902
0.848,897
0.849,900
0.85,894
0.851,862
0.852,865
0.853,889
0.854,896
0.855,904
0.856,924
0.857,899
0.858,872
0.859,915
0.86,915
0.861,904
0.862,902
0.863,926
0.864,902
0.865,891
0.866,905
0.867,890
0.868,895
0.869,891
0.87,911
0.871,875
0.872,877
0.873,894
0.874,879
0.875,878
0.876,897
0.877,896
0.878,858
0.879,877
0.88,887
0.881,877
0.882,871
0.883,868
0.884,872
0.885,860
0.886,879
0.887,887
0.888,863
0.889,895
0.89,880
0.891,860
0.892,865
0.893,869
0.894,858
0.895,867
0.896,890
0.897,855
0.898,839
0.899,876
0.9,880
0.901,867
0.902,888
0.903,885
0.904,860
0.905,859
0.906,876
0.907,860
0.908,864
0.909,884
0.91,864
0.911,843
0.912,858
0.913,869
0.914,859
0.915,858
0.916,881
0.917,831
0.918,814
0.919,851
0.92,849
0.921,833
0.922,856
0.923,850
0.924,834
0.925,850
0.926,874
0.927,860
0.928,860
0.929,867
0.93,837
0.931,816
0.932,863
0.933,856
0.934,852
0.935,847
0.936,842
0.937,861
0.938,863
0.939,827
0.94,810
0.941,844
0.942,847
0.943,863
0.944,839
0.945,840
0.946,848
0.947,879
0.948,856
0.949,825
0.95,811
0.951,861
0.952,855
0.953,852
0.954,852
0.955,825
0.956,837
0.957,860
0.958,845
0.959,834
0.96,806
0.961,834
0.962,865
0.963,831
0.964,821
0.965,831
0.966,835
0.967,847
0.968,821
0.969,803
0.97,827
0.971,827
0.972,843
0.973,833
0.974,823
0.975,825
0.976,842
0.977,836
0.978,818
0.979,819
0.98,803
0.981,823
0.982,826
0.983,816
0.984,794
0.985,802
0.986,793
0.987,768
0.988,793
0.989,804
0.99,793
0.991,782
0.992,788
0.993,767
0.994,746
0.995,774
0.996,766
0.997,754
0.998,768
0.999,762
