0.0,689
0.001,679
0.002,713
0.003,708
0.004,690
0.005,700
0.006,694
0.007,692
0.008,690
0.009,718
0.01,707
0.011,696
0.012,700
0.013,703
0.014,704
0.015,706
0.016,732
0.017,724
0.018,720
0.019,732
0.02,740
0.021,756
0.022,757
0.023,784
0.024,761
0.025,742
0.026,767
0.027,759
0.028,758
0.029,784
0.03,827
0.031,800
0.032,784
0.033,811
0.034,805
0.035,796
0.036,838
0.037,842
0.038,809
0.039,798
0.04,806
0.041,797
0.042,789
0.043,832
0.044,832
0.045,804
0.046,797
0.047,814
0.048,806
0.049,801
0.05,842
0.051,820
0.052,800
0.053,798
0.054,801
0.055,800
0.056,795
0.057,823
0.058,809
0.059,786
0.06,799
0.061,799
0.062,778
0.063,794
0.064,824
0.065,804
0.066,774
0.067,792
0.068,785
0.069,778
0.07,804
0.071,810
0.072,786
0.073,767
0.074,791
0.075,774
0.076,766
0.077,790
0.078,800
0.079,789
0.08,756
0.081,790
0.082,800
0.083,787
0.084,828
0.085,824
0.086,797
0.087,789
0.088,804
0.089,809
0.09,795
0.091,825
0.092,816
0.093,816
0.094,788
0.095,800
0.096,796
0.097,781
0.098,816
0.099,805
0.1,781
0.101,774
0.102,782
0.103,776
0.104,771
0.105,820
0.106,819
0.107,782
0.108,788
0.109,810
0.11,811
0.111,838
0.112,854
0.113,840
0.114,826
0.115,827
0.116,845
0.117,827
0.118,852
0.119,870
0.12,838
0.121,821
0.122,843
0.123,831
0.124,820
0.125,902
0.126,902
0.127,878
0.128,872
0.129,877
0.13,884
0.131,871
0.132,923
0.133,936
0.134,904
0.135,889
0.136,927
0.137,916
0.138,903
0.139,940
0.14,929
0.141,920
0.142,921
0.143,923
0.144,914
0.145,899
0.146,931
0.147,922
0.148,890
0.149,891
0.15,911
0.151,900
0.152,904
0.153,927
0.154,908
0.155,886
0.156,898
0.157,905
0.158,903
0.159,909
0.16,966
0.161,941
0.162,932
0.163,948
0.164,936
0.165,913
0.166,936
0.167,965
0.168,932
0.169,911
0.17,918
0.171,919
0.172,902
0.173,977
0.174,984
0.175,964
0.176,946
0.177,986
0.178,988
0.179,989
0.18,985
0.181,993
0.182,966
0.183,946
0.184,957
0.185,949
0.186,939
0.187,965
0.188,968
0.189,943
0.19,931
0.191,970
0.192,930
0.193,902
0.194,948
0.195,949
0.196,929
0.197,922
0.198,939
0.199,913
0.2,888
0.201,922
0.202,909
0.203,898
0.204,895
0.205,904
0.206,898
0.207,891
0.208,922
0.209,925
0.21,911
0.211,928
0.212,970
0.213,943
0.214,938
0.215,952
0.216,952
0.217,937
0.218,945
0.219,964
0.22,962
0.221,988
0.222,992
0.223,964
0.224,960
0.225,977
0.226,962
0.227,952
0.228,1008
0.229,1055
0.23,1033
0.231,1024
0.232,1032
0.233,1023
0.234,994
0.235,1072
0.236,1087
0.237,1072
0.238,1043
0.239,1056
0.24,1072
0.241,1049
0.242,1060
0.243,1071
0.244,1057
0.245,1049
0.246,1078
0.247,1064
0.248,1045
0.249,1089
0.25,1096
0.251,1130
0.252,1120
0.253,1125
0.254,1105
0.255,1096
0.256,1138
0.257,1119
0.258,1090
0.259,1094
0.26,1100
0.261,1115
0.262,1152
0.263,1185
0.264,1215
0.265,1233
0.266,1248
0.267,1232
0.268,1225
0.269,1247
0.27,1217
0.271,1223
0.272,1190
0.273,1183
0.274,1159
0.275,1151
0.276,1216
0.277,1223
0.278,1209
0.279,1199
0.28,1194
0.281,1159
0.282,1143
0.283,1200
0.284,1193
0.285,1201
0.286,1232
0.287,1202
0.288,1194
0.289,1192
0.29,1220
0.291,1203
0.292,1193
0.293,1208
0.294,1214
0.295,1192
0.296,1160
0.297,1237
0.298,1223
0.299,1233
0.3,1221
0.301,1225
0.302,1213
0.303,1216
0.304,1289
0.305,1284
0.306,1245
0.307,1227
0.308,1239
0.309,1198
0.31,1172
0.311,1199
0.312,1226
0.313,1239
0.314,1271
0.315,1261
0.316,1242
0.317,1221
0.318,1260
0.319,1228
0.32,1320
0.321,1352
0.322,1378
0.323,1361
0.324,1397
0.325,1396
0.326,1408
0.327,1408
0.328,1403
0.329,1406
0.33,1394
0.331,1426
0.332,1419
0.333,1419
0.334,1368
0.335,1366
0.336,1353
0.337,1365
0.338,1386
0.339,1384
0.34,1364
0.341,1318
0.342,1366
0.343,1408
0.344,1366
0.345,1394
0.346,1390
0.347,1355
0.348,1317
0.349,1317
0.35,1302
0.351,1324
0.352,1344
0.353,1381
0.354,1366
0.355,1347
0.356,1349
0.357,1324
0.358,1286
0.359,1299
0.36,1295
0.361,1306
0.362,1359
0.363,1373
0.364,1375
0.365,1390
0.366,1453
0.367,1443
0.368,1428
0.369,1432
0.37,1484
0.371,1488
0.372,1576
0.373,1636
0.374,1640
0.375,1631
0.376,1646
0.377,1630
0.378,1637
0.379,1611
0.38,1641
0.381,1663
0.382,1598
0.383,1600
0.384,1608
0.385,1652
0.386,1629
0.387,1617
0.388,1608
0.389,1588
0.39,1580
0.391,1585
0.392,1568
0.393,1576
0.394,1551
0.395,1550
0.396,1505
0.397,1548
0.398,1560
0.399,1590
0.4,1632
0.401,1623
0.402,1611
0.403,1607
0.404,1584
0.405,1661
0.406,1694
0.407,1776
0.408,1735
0.409,1679
0.41,1644
0.411,1659
0.412,1632
0.413,1642
0.414,1692
0.415,1655
0.416,1716
0.417,1688
0.418,1688
0.419,1722
0.42,1713
0.421,1701
0.422,1664
0.423,1612
0.424,1582
0.425,1576
0.426,1556
0.427,1518
0.428,1535
0.429,1527
0.43,1503
0.431,1479
0.432,1450
0.433,1434
0.434,1509
0.435,1662
0.436,1688
0.437,1769
0.438,1785
0.439,1764
0.44,1757
0.441,1703
0.442,1737
0.443,1820
0.444,1791
0.445,1855
0.446,1866
0.447,1822
0.448,1811
0.449,1853
0.45,1832
0.451,1824
0.452,1856
0.453,1830
0.454,1808
0.455,1857
0.456,1840
0.457,1804
0.458,1773
0.459,1772
0.46,1738
0.461,1676
0.462,1672
0.463,1642
0.464,1606
0.465,1578
0.466,1586
0.467,1560
0.468,1567
0.469,1582
0.47,1632
0.471,1605
0.472,1643
0.473,1617
0.474,1590
0.475,1584
0.476,1627
0.477,1631
0.478,1593
0.479,1589
0.48,1594
0.481,1568
0.482,1563
0.483,1568
0.484,1544
0.485,1470
0.486,1487
0.487,1446
0.488,1429
0.489,1445
0.49,1430
0.491,1413
0.492,1460
0.493,1535
0.494,1586
0.495,1609
0.496,1741
0.497,1719
0.498,1688
0.499,1663
0.5,1727
0.501,1708
0.502,1656
0.503,1686
0.504,1664
0.505,1600
0.506,1570
0.507,1553
0.508,1551
0.509,1513
0.51,1596
0.511,1534
0.512,1489
0.513,1460
0.514,1466
0.515,1440
0.516,1415
0.517,1455
0.518,1432
0.519,1397
0.52,1402
0.521,1402
0.522,1379
0.523,1338
0.524,1363
0.525,1341
0.526,1323
0.527,1323
0.528,1319
0.529,1286
0.53,1280
0.531,1296
0.532,1267
0.533,1279
0.534,1264
0.535,1244
0.536,1207
0.537,1217
0.538,1237
0.539,1230
0.54,1248
0.541,1223
0.542,1189
0.543,1166
0.544,1190
0.545,1188
0.546,1169
0.547,1168
0.548,1166
0.549,1152
0.55,1103
0.551,1144
0.552,1141
0.553,1156
0.554,1128
0.555,1140
0.556,1119
0.557,1094
0.558,1111
0.559,1107
0.56,1099
0.561,1093
0.562,1119
0.563,1097
0.564,1073
0.565,1088
0.566,1092
0.567,1076
0.568,1088
0.569,1104
0.57,1079
0.571,1043
0.572,1072
0.573,1063
0.574,1071
0.575,1077
0.576,1072
0.577,1035
0.578,1031
0.579,1065
0.58,1073
0.581,1071
0.582,1076
0.583,1077
0.584,1039
0.585,1031
0.586,1067
0.587,1048
0.588,1024
0.589,1032
0.59,1033
0.591,1000
0.592,1015
0.593,1019
0.594,1003
0.595,997
0.596,1015
0.597,1026
0.598,998
0.599,1011
0.6,1055
0.601,1025
0.602,1016
0.603,1033
0.604,1015
0.605,986
0.606,1012
0.607,1025
0.608,1023
0.609,1023
0.61,1034
0.611,1013
0.612,980
0.613,1025
0.614,1029
0.615,1014
0.616,1007
0.617,1030
0.618,1017
0.619,981
0.62,1020
0.621,1049
0.622,1015
0.623,1039
0.624,1039
0.625,999
0.626,972
0.627,999
0.628,1008
0.629,990
0.63,997
0.631,1010
0.632,981
0.633,951
0.634,984
0.635,999
0.636,986
0.637,1008
0.638,1032
0.639,1012
0.64,1001
0.641,1014
0.642,1023
0.643,1008
0.644,1023
0.645,1035
0.646,984
0.647,992
0.648,1014
0.649,1026
0.65,1019
0.651,1050
0.652,1029
0.653,999
0.654,1044
0.655,1056
0.656,1033
0.657,1023
0.658,1038
0.659,1024
0.66,994
0.661,1011
0.662,1028
0.663,1032
0.664,1030
0.665,1039
0.666,1016
0.667,992
0.668,997
0.669,1037
0.67,1032
0.671,1050
0.672,1024
0.673,996
0.674,1019
0.675,1033
0.676,1036
0.677,1047
0.678,1052
0.679,1028
0.68,1019
0.681,1063
0.682,1053
0.683,1058
0.684,1088
0.685,1089
0.686,1043
0.687,1050
0.688,1078
0.689,1073
0.69,1096
0.691,1119
0.692,1130
0.693,1120
0.694,1140
0.695,1140
0.696,1135
0.697,1129
0.698,1152
0.699,1153
0.7,1123
0.701,1126
0.702,1164
0.703,1144
0.704,1159
0.705,1167
0.706,1125
0.707,1117
0.708,1145
0.709,1132
0.71,1132
0.711,1168
0.712,1156
0.713,1107
0.714,1136
0.715,1141
0.716,1151
0.717,1133
0.718,1154
0.719,1132
0.72,1113
0.721,1151
0.722,1151
0.723,1146
0.724,1141
0.725,1154
0.726,1138
0.727,1114
0.728,1117
0.729,1136
0.73,1124
0.731,1117
0.732,1139
0.733,1117
0.734,1089
0.735,1098
0.736,1112
0.737,1109
0.738,1106
0.739,1152
0.74,1088
0.741,1096
0.742,1082
0.743,1080
0.744,1106
0.745,1064
0.746,1042
0.747,1055
0.748,1073
0.749,1070
0.75,1090
0.751,1090
0.752,1057
0.753,1040
0.754,1056
0.755,1048
0.756,1050
0.757,1042
0.758,1065
0.759,1043
0.76,1003
0.761,1033
0.762,1034
0.763,1026
0.764,1031
0.765,1064
0.766,1015
0.767,996
0.768,1020
0.769,1018
0.77,1016
0.771,1058
0.772,1026
0.773,991
0.774,1031
0.775,1040
0.776,1042
0.777,1046
0.778,1039
0.779,1018
0.78,1000
0.781,1022
0.782,1031
0.783,1023
0.784,1050
0.785,1052
0.786,1015
0.787,1038
0.788,1061
0.789,1051
0.79,1048
0.791,1064
0.792,1064
0.793,1034
0.794,1034
0.795,1034
0.796,1028
0.797,1026
0.798,1055
0.799,1034
0.8,1000
0.801,1006
0.802,1028
0.803,1018
0.804,1013
0.805,1048
0.806,1029
0.807,993
0.808,1046
0.809,1029
0.81,1032
0.811,1038
0.812,1017
0.813,975
0.814,1038
0.815,1042
0.816,1030
0.817,1025
0.818,1042
0.819,1015
0.82,974
0.821,1039
0.822,1030
0.823,1028
0.824,1027
0.825,1023
0.826,1008
0.827,975
0.828,1004
0.829,994
0.83,1002
0.831,989
0.832,997
0.833,967
0.834,961
0.835,981
0.836,971
0.837,960
0.838,983
0.839,966
0.84,936
0.841,954
0.842,944
0.843,932
0.844,932
0.845,936
0.846,904
0.847,890
0.848,930
0.849,922
0.85,901
0.851,926
0.852,913
0.853,878
0.854,883
0.855,918
0.856,909
0.857,919
0.858,923
0.859,913
0.86,904
0.861,931
0.862,930
0.863,933
0.864,910
0.865,930
0.866,914
0.867,900
0.868,929
0.869,927
0.87,914
0.871,914
0.872,950
0.873,921
0.874,908
0.875,928
0.876,910
0.877,897
0.878,906
0.879,910
0.88,879
0.881,890
0.882,906
0.883,896
0.884,872
0.885,891
0.886,879
0.887,843
0.888,886
0.889,906
0.89,892
0.891,883
0.892,906
0.893,891
0.894,872
0.895,901
0.896,912
0.897,888
0.898,876
0.899,904
0.9,889
0.901,870
0.902,919
0.903,916
0.904,888
0.905,889
0.906,924
0.907,904
0.908,881
0.909,913
0.91,930
0.911,909
0.912,917
0.913,925
0.914,900
0.915,901
0.916,936
0.917,943
0.918,911
0.919,927
0.92,937
0.921,901
0.922,926
0.923,931
0.924,917
0.925,905
0.926,919
0.927,909
0.928,885
0.929,900
0.93,904
0.931,896
0.932,876
0.933,912
0.934,886
0.935,854
0.936,898
0.937,906
0.938,878
0.939,881
0.94,898
0.941,879
0.942,922
0.943,931
0.944,904
0.945,912
0.946,920
0.947,897
0.948,910
0.949,960
0.95,930
0.951,935
0.952,920
0.953,902
0.954,949
0.955,937
0.956,917
0.957,932
0.958,911
0.959,891
0.96,944
0.961,920
0.962,907
0.963,917
0.964,892
0.965,908
0.966,917
0.967,897
0.968,892
0.969,899
0.97,892
0.971,882
0.972,912
0.973,872
0.974,892
0.975,903
0.976,879
0.977,911
0.978,909
0.979,898
0.98,913
0.981,905
0.982,871
0.983,950
0.984,933
0.985,912
0.986,938
0.987,924
0.988,917
0.989,948
0.99,918
0.991,916
0.992,916
0.993,896
0.994,900
0.995,922
0.996,907
0.997,891
0.998,918
0.999,917
