0.0,952
0.001,971
0.002,999
0.003,1003
0.004,991
0.005,985
0.006,987
0.007,1028
0.008,991
0.009,978
0.01,980
0.011,1004
0.012,1026
0.013,1015
0.014,1006
0.015,1023
0.016,1025
0.017,1046
0.018,1032
0.019,1028
0.02,1031
0.021,1050
0.022,1076
0.023,1046
0.024,1032
0.025,1027
0.026,1139
0.027,1256
0.028,1257
0.029,1231
0.03,1240
0.031,1274
0.032,1285
0.033,1275
0.034,1245
0.035,1245
0.036,1302
0.037,1318
0.038,1290
0.039,1274
0.04,1294
0.041,1349
0.042,1359
0.043,1339
0.044,1323
0.045,1320
0.046,1353
0.047,1336
0.048,1320
0.049,1304
0.05,1317
0.051,1346
0.052,1352
0.053,1343
0.054,1322
0.055,1313
0.056,1321
0.057,1302
0.058,1284
0.059,1270
0.06,1300
0.061,1303
0.062,1278
0.063,1272
0.064,1254
0.065,1267
0.066,1278
0.067,1260
0.068,1242
0.069,1250
0.07,1264
0.071,1252
0.072,1242
0.073,1261
0.074,1225
0.075,1272
0.076,1247
0.077,1228
0.078,1243
0.079,1270
0.08,1292
0.081,1295
0.082,1257
0.083,1248
0.084,1316
0.085,1361
0.086,1348
0.087,1326
0.088,1339
0.089,1367
0.09,1386
0.091,1366
0.092,1356
0.093,1346
0.094,1386
0.095,1400
0.096,1379
0.097,1366
0.098,1407
0.099,1404
0.1,1458
0.101,1437
0.102,1440
0.103,1404
0.104,1445
0.105,1481
0.106,1471
0.107,1472
0.108,1452
0.109,1500
0.11,1468
0.111,1450
0.112,1435
0.113,1464
0.114,1439
0.115,1415
0.116,1398
0.117,1426
0.118,1453
0.119,1450
0.12,1436
0.121,1426
0.122,1420
0.123,1532
0.124,1546
0.125,1528
0.126,1513
0.127,1547
0.128,1565
0.129,1544
0.13,1526
0.131,1517
0.132,1535
0.133,1563
0.134,1543
0.135,1533
0.136,1524
0.137,1539
0.138,1536
0.139,1511
0.14,1497
0.141,1501
0.142,1536
0.143,1544
0.144,1486
0.145,1471
0.146,1494
0.147,1510
0.148,1500
0.149,1480
0.15,1462
0.151,1465
0.152,1481
0.153,1464
0.154,1452
0.155,1441
0.156,1473
0.157,1503
0.158,1489
0.159,1475
0.16,1463
0.161,1453
0.162,1480
0.163,1476
0.164,1463
0.165,1444
0.166,1471
0.167,1502
0.168,1485
0.169,1479
0.17,1471
0.171,1460
0.172,1480
0.173,1470
0.174,1456
0.175,1447
0.176,1471
0.177,1478
0.178,1464
0.179,1465
0.18,1440
0.181,1436
0.182,1449
0.183,1433
0.184,1423
0.185,1431
0.186,1442
0.187,1440
0.188,1428
0.189,1417
0.19,1410
0.191,1410
0.192,1415
0.193,1412
0.194,1400
0.195,1404
0.196,1420
0.197,1438
0.198,1422
0.199,1412
0.2,1407
0.201,1398
0.202,1401
0.203,1383
0.204,1374
0.205,1363
0.206,1389
0.207,1410
0.208,1407
0.209,1426
0.21,1389
0.211,1390
0.212,1400
0.213,1384
0.214,1379
0.215,1432
0.216,1402
0.217,1407
0.218,1386
0.219,1376
0.22,1402
0.221,1402
0.222,1386
0.223,1372
0.224,1427
0.225,1405
0.226,1403
0.227,1392
0.228,1376
0.229,1373
0.23,1451
0.231,1439
0.232,1421
0.233,1415
0.234,1434
0.235,1440
0.236,1439
0.237,1419
0.238,1410
0.239,1405
0.24,1455
0.241,1426
0.242,1412
0.243,1424
0.244,1434
0.245,1535
0.246,1519
0.247,1503
0.248,1492
0.249,1502
0.25,1536
0.251,1487
0.252,1462
0.253,1482
0.254,1527
0.255,1544
0.256,1512
0.257,1484
0.258,1490
0.259,1548
0.26,1571
0.261,1568
0.262,1519
0.263,1556
0.264,1554
0.265,1529
0.266,1509
0.267,1532
0.268,1601
0.269,1673
0.27,1644
0.271,1633
0.272,1628
0.273,1646
0.274,1659
0.275,1629
0.276,1607
0.277,1593
0.278,1624
0.279,1642
0.28,1616
0.281,1591
0.282,1583
0.283,1585
0.284,1592
0.285,1568
0.286,1568
0.287,1506
0.288,1520
0.289,1489
0.29,1467
0.291,1464
0.292,1473
0.293,1449
0.294,1428
0.295,1411
0.296,1407
0.297,1440
0.298,1417
0.299,1392
0.3,1383
0.301,1400
0.302,1441
0.303,1419
0.304,1401
0.305,1384
0.306,1422
0.307,1442
0.308,1416
0.309,1396
0.31,1408
0.311,1436
0.312,1455
0.313,1435
0.314,1412
0.315,1416
0.316,1568
0.317,1523
0.318,1501
0.319,1492
0.32,1516
0.321,1574
0.322,1552
0.323,1526
0.324,1497
0.325,1556
0.326,1611
0.327,1584
0.328,1556
0.329,1584
0.33,1592
0.331,1603
0.332,1577
0.333,1550
0.334,1568
0.335,1599
0.336,1574
0.337,1540
0.338,1516
0.339,1532
0.34,1648
0.341,1631
0.342,1574
0.343,1548
0.344,1564
0.345,1611
0.346,1628
0.347,1590
0.348,1575
0.349,1604
0.35,1594
0.351,1574
0.352,1549
0.353,1554
0.354,1620
0.355,1624
0.356,1584
0.357,1576
0.358,1609
0.359,1623
0.36,1603
0.361,1592
0.362,1576
0.363,1636
0.364,1711
0.365,1696
0.366,1655
0.367,1647
0.368,1671
0.369,1734
0.37,1711
0.371,1685
0.372,1660
0.373,1734
0.374,1728
0.375,1696
0.376,1654
0.377,1650
0.378,1695
0.379,1728
0.38,1682
0.381,1668
0.382,1676
0.383,1748
0.384,1727
0.385,1724
0.386,1683
0.387,1723
0.388,1756
0.389,1724
0.39,1691
0.391,1672
0.392,1727
0.393,1728
0.394,1690
0.395,1676
0.396,1684
0.397,1762
0.398,1752
0.399,1713
0.4,1697
0.401,1752
0.402,1793
0.403,1791
0.404,1756
0.405,1757
0.406,1806
0.407,1793
0.408,1767
0.409,1750
0.41,1736
0.411,1844
0.412,1967
0.413,1934
0.414,1912
0.415,1942
0.416,2000
0.417,1969
0.418,1983
0.419,1912
0.42,1968
0.421,2072
0.422,2048
0.423,2018
0.424,2008
0.425,2113
0.426,2099
0.427,2067
0.428,2035
0.429,2048
0.43,2065
0.431,2040
0.432,2012
0.433,1998
0.434,2034
0.435,2079
0.436,2047
0.437,1987
0.438,1960
0.439,2024
0.44,2056
0.441,2014
0.442,1988
0.443,1982
0.444,1991
0.445,2027
0.446,2002
0.447,1982
0.448,1943
0.449,2008
0.45,2038
0.451,2008
0.452,1979
0.453,2000
0.454,2046
0.455,2047
0.456,1985
0.457,1955
0.458,1987
0.459,2037
0.46,2024
0.461,1993
0.462,1971
0.463,1988
0.464,2021
0.465,2048
0.466,1946
0.467,1927
0.468,2019
0.469,2003
0.47,1974
0.471,1949
0.472,1967
0.473,2102
0.474,2092
0.475,2067
0.476,2046
0.477,2095
0.478,2136
0.479,2134
0.48,2050
0.481,2051
0.482,2146
0.483,2199
0.484,2226
0.485,2264
0.486,2283
0.487,2290
0.488,2292
0.489,2278
0.49,2303
0.491,2261
0.492,2254
0.493,2208
0.494,2172
0.495,2136
0.496,2156
0.497,2217
0.498,2212
0.499,2216
0.5,2208
0.501,2227
0.502,2216
0.503,2189
0.504,2191
0.505,2191
0.506,2288
0.507,2252
0.508,2218
0.509,2200
0.51,2203
0.511,2233
0.512,2209
0.513,2184
0.514,2154
0.515,2182
0.516,2271
0.517,2200
0.518,2190
0.519,2168
0.52,2216
0.521,2223
0.522,2185
0.523,2167
0.524,2144
0.525,2164
0.526,2119
0.527,2076
0.528,2057
0.529,2117
0.53,2085
0.531,2056
0.532,2038
0.533,2028
0.534,2027
0.535,2003
0.536,1968
0.537,1952
0.538,1960
0.539,2048
0.54,1991
0.541,1967
0.542,1952
0.543,1940
0.544,2020
0.545,1980
0.546,1960
0.547,2042
0.548,2007
0.549,1989
0.55,1972
0.551,1956
0.552,1955
0.553,2044
0.554,1972
0.555,1937
0.556,1917
0.557,1932
0.558,1934
0.559,1948
0.56,1871
0.561,1870
0.562,1875
0.563,1891
0.564,1908
0.565,1846
0.566,1880
0.567,1896
0.568,1919
0.569,1868
0.57,1837
0.571,1816
0.572,1810
0.573,1808
0.574,1796
0.575,1788
0.576,1779
0.577,1804
0.578,1800
0.579,1783
0.58,1772
0.581,1772
0.582,1750
0.583,1735
0.584,1711
0.585,1686
0.586,1658
0.587,1680
0.588,1685
0.589,1670
0.59,1703
0.591,1693
0.592,1636
0.593,1624
0.594,1609
0.595,1610
0.596,1606
0.597,1610
0.598,1628
0.599,1632
0.6,1595
0.601,1649
0.602,1572
0.603,1565
0.604,1571
0.605,1549
0.606,1575
0.607,1575
0.608,1563
0.609,1560
0.61,1559
0.611,1543
0.612,1538
0.613,1519
0.614,1527
0.615,1524
0.616,1536
0.617,1533
0.618,1532
0.619,1516
0.62,1506
0.621,1512
0.622,1500
0.623,1478
0.624,1472
0.625,1515
0.626,1547
0.627,1531
0.628,1520
0.629,1535
0.63,1538
0.631,1581
0.632,1568
0.633,1547
0.634,1536
0.635,1558
0.636,1578
0.637,1600
0.638,1559
0.639,1552
0.64,1556
0.641,1651
0.642,1645
0.643,1634
0.644,1621
0.645,1639
0.646,1635
0.647,1608
0.648,1608
0.649,1611
0.65,1614
0.651,1616
0.652,1632
0.653,1583
0.654,1608
0.655,1664
0.656,1628
0.657,1630
0.658,1648
0.659,1605
0.66,1697
0.661,1684
0.662,1667
0.663,1656
0.664,1695
0.665,1696
0.666,1681
0.667,1663
0.668,1658
0.669,1788
0.67,1872
0.671,1821
0.672,1843
0.673,1865
0.674,1838
0.675,1820
0.676,1809
0.677,1809
0.678,1825
0.679,1800
0.68,1783
0.681,1776
0.682,1798
0.683,1894
0.684,1877
0.685,1871
0.686,1863
0.687,1852
0.688,1943
0.689,1943
0.69,1930
0.691,1916
0.692,1944
0.693,1950
0.694,1892
0.695,1881
0.696,1868
0.697,1868
0.698,1851
0.699,1829
0.7,1813
0.701,1825
0.702,1829
0.703,1826
0.704,1804
0.705,1784
0.706,1775
0.707,1825
0.708,1915
0.709,1858
0.71,1850
0.711,1888
0.712,1877
0.713,1931
0.714,1909
0.715,1894
0.716,1880
0.717,1907
0.718,1842
0.719,1839
0.72,1805
0.721,1833
0.722,1826
0.723,1833
0.724,1798
0.725,1772
0.726,1796
0.727,1800
0.728,1780
0.729,1764
0.73,1791
0.731,1840
0.732,1824
0.733,1812
0.734,1800
0.735,1795
0.736,1855
0.737,1804
0.738,1786
0.739,1824
0.74,1830
0.741,1807
0.742,1793
0.743,1808
0.744,1842
0.745,1935
0.746,1902
0.747,1884
0.748,1952
0.749,1910
0.75,1890
0.751,1875
0.752,1858
0.753,1846
0.754,1937
0.755,1951
0.756,1919
0.757,1935
0.758,1951
0.759,2026
0.76,1997
0.761,1985
0.762,1970
0.763,1986
0.764,1950
0.765,1926
0.766,1908
0.767,1936
0.768,1948
0.769,1928
0.77,1911
0.771,1906
0.772,1912
0.773,1919
0.774,1896
0.775,1877
0.776,1916
0.777,1913
0.778,1968
0.779,1908
0.78,1894
0.781,1924
0.782,1955
0.783,1989
0.784,1966
0.785,1951
0.786,2039
0.787,1964
0.788,1942
0.789,1930
0.79,1928
0.791,1908
0.792,1984
0.793,1924
0.794,1905
0.795,1928
0.796,1920
0.797,1901
0.798,1882
0.799,1866
0.8,1856
0.801,1846
0.802,1832
0.803,1815
0.804,1840
0.805,1809
0.806,1828
0.807,1862
0.808,1855
0.809,1832
0.81,1855
0.811,1803
0.812,1774
0.813,1755
0.814,1740
0.815,1776
0.816,1790
0.817,1790
0.818,1779
0.819,1772
0.82,1778
0.821,1783
0.822,1765
0.823,1752
0.824,1740
0.825,1770
0.826,1770
0.827,1754
0.828,1746
0.829,1747
0.83,1737
0.831,1744
0.832,1785
0.833,1774
0.834,1750
0.835,1771
0.836,1769
0.837,1755
0.838,1746
0.839,1736
0.84,1792
0.841,1740
0.842,1731
0.843,1724
0.844,1755
0.845,1788
0.846,1774
0.847,1764
0.848,1792
0.849,1737
0.85,1731
0.851,1713
0.852,1706
0.853,1699
0.854,1759
0.855,1756
0.856,1740
0.857,1724
0.858,1719
0.859,1729
0.86,1727
0.861,1707
0.862,1700
0.863,1729
0.864,1734
0.865,1720
0.866,1715
0.867,1710
0.868,1709
0.869,1759
0.87,1716
0.871,1708
0.872,1720
0.873,1727
0.874,1719
0.875,1711
0.876,1708
0.877,1703
0.878,1694
0.879,1778
0.88,1784
0.881,1770
0.882,1764
0.883,1781
0.884,1788
0.885,1778
0.886,1766
0.887,1759
0.888,1868
0.889,1891
0.89,1864
0.891,1868
0.892,1890
0.893,1935
0.894,1872
0.895,1860
0.896,1853
0.897,1855
0.898,1864
0.899,1848
0.9,1839
0.901,1855
0.902,1863
0.903,1938
0.904,1918
0.905,1902
0.906,1911
0.907,1936
0.908,1912
0.909,1896
0.91,1904
0.911,1929
0.912,2039
0.913,2012
0.914,2008
0.915,1992
0.916,1981
0.917,1965
0.918,1942
0.919,1929
0.92,1948
0.921,2032
0.922,2020
0.923,2007
0.924,1996
0.925,1982
0.926,2015
0.927,2091
0.928,2084
0.929,2036
0.93,2100
0.931,2056
0.932,2047
0.933,2027
0.934,2013
0.935,2015
0.936,2080
0.937,2088
0.938,2065
0.939,2066
0.94,2072
0.941,2073
0.942,2041
0.943,2028
0.944,2048
0.945,2007
0.946,2021
0.947,2002
0.948,1988
0.949,1995
0.95,2012
0.951,2072
0.952,2089
0.953,2032
0.954,2024
0.955,2021
0.956,2027
0.957,2045
0.958,1984
0.959,1996
0.96,2029
0.961,2112
0.962,2087
0.963,2075
0.964,2067
0.965,2056
0.966,2059
0.967,2034
0.968,2028
0.969,2004
0.97,2026
0.971,2024
0.972,2047
0.973,1992
0.974,1988
0.975,1968
0.976,1958
0.977,1933
0.978,1913
0.979,1905
0.98,1927
0.981,1967
0.982,1896
0.983,1883
0.984,1875
0.985,1888
0.986,1871
0.987,1840
0.988,1832
0.989,1872
0.99,1860
0.991,1876
0.992,1855
0.993,1848
0.994,1842
0.995,1846
0.996,1884
0.997,1862
0.998,1851
0.999,1904
