0.0,975
0.001,971
0.002,960
0.003,955
0.004,980
0.005,988
0.006,986
0.007,980
0.008,975
0.009,967
0.01,974
0.011,979
0.012,970
0.013,961
0.014,953
0.015,980
0.016,987
0.017,985
0.018,976
0.019,967
0.02,960
0.021,964
0.022,964
0.023,960
0.024,952
0.025,945
0.026,968
0.027,979
0.028,978
0.029,970
0.03,966
0.031,964
0.032,968
0.033,971
0.034,961
0.035,948
0.036,946
0.037,976
0.038,987
0.039,987
0.04,979
0.041,972
0.042,961
0.043,974
0.044,987
0.045,984
0.046,955
0.047,955
0.048,983
0.049,1000
0.05,993
0.051,1009
0.052,977
0.053,976
0.054,1007
0.055,988
0.056,978
0.057,984
0.058,995
0.059,1016
0.06,1022
0.061,1011
0.062,1024
0.063,999
0.064,1023
0.065,1056
0.066,1042
0.067,1038
0.068,1040
0.069,1055
0.07,1093
0.071,1109
0.072,1082
0.073,1072
0.074,1092
0.075,1164
0.076,1176
0.077,1160
0.078,1145
0.079,1159
0.08,1245
0.081,1300
0.082,1278
0.083,1269
0.084,1260
0.085,1320
0.086,1334
0.087,1315
0.088,1299
0.089,1296
0.09,1333
0.091,1408
0.092,1431
0.093,1392
0.094,1350
0.095,1363
0.096,1408
0.097,1440
0.098,1393
0.099,1384
0.1,1395
0.101,1455
0.102,1457
0.103,1440
0.104,1425
0.105,1435
0.106,1519
0.107,1561
0.108,1536
0.109,1511
0.11,1545
0.111,1567
0.112,1557
0.113,1538
0.114,1534
0.115,1501
0.116,1544
0.117,1578
0.118,1568
0.119,1534
0.12,1528
0.121,1543
0.122,1583
0.123,1564
0.124,1538
0.125,1533
0.126,1536
0.127,1592
0.128,1587
0.129,1576
0.13,1568
0.131,1572
0.132,1624
0.133,1659
0.134,1613
0.135,1593
0.136,1591
0.137,1664
0.138,1648
0.139,1621
0.14,1617
0.141,1632
0.142,1696
0.143,1689
0.144,1642
0.145,1616
0.146,1600
0.147,1627
0.148,1656
0.149,1651
0.15,1608
0.151,1596
0.152,1630
0.153,1703
0.154,1672
0.155,1615
0.156,1598
0.157,1609
0.158,1741
0.159,1781
0.16,1726
0.161,1692
0.162,1703
0.163,1754
0.164,1751
0.165,1736
0.166,1695
0.167,1697
0.168,1760
0.169,1756
0.17,1726
0.171,1712
0.172,1709
0.173,1746
0.174,1748
0.175,1717
0.176,1699
0.177,1735
0.178,1756
0.179,1748
0.18,1726
0.181,1720
0.182,1691
0.183,1718
0.184,1773
0.185,1752
0.186,1724
0.187,1702
0.188,1720
0.189,1787
0.19,1754
0.191,1711
0.192,1743
0.193,1700
0.194,1767
0.195,1754
0.196,1751
0.197,1696
0.198,1691
0.199,1759
0.2,1755
0.201,1759
0.202,1696
0.203,1713
0.204,1813
0.205,1800
0.206,1728
0.207,1700
0.208,1712
0.209,1774
0.21,1794
0.211,1756
0.212,1726
0.213,1732
0.214,1771
0.215,1770
0.216,1739
0.217,1708
0.218,1687
0.219,1726
0.22,1734
0.221,1711
0.222,1679
0.223,1653
0.224,1703
0.225,1704
0.226,1700
0.227,1671
0.228,1649
0.229,1633
0.23,1687
0.231,1759
0.232,1748
0.233,1683
0.234,1701
0.235,1696
0.236,1724
0.237,1720
0.238,1664
0.239,1632
0.24,1659
0.241,1718
0.242,1709
0.243,1693
0.244,1670
0.245,1675
0.246,1698
0.247,1708
0.248,1688
0.249,1665
0.25,1642
0.251,1671
0.252,1731
0.253,1736
0.254,1703
0.255,1705
0.256,1701
0.257,1716
0.258,1728
0.259,1658
0.26,1647
0.261,1651
0.262,1695
0.263,1708
0.264,1648
0.265,1623
0.266,1628
0.267,1680
0.268,1674
0.269,1661
0.27,1659
0.271,1627
0.272,1689
0.273,1738
0.274,1742
0.275,1707
0.276,1705
0.277,1737
0.278,1767
0.279,1753
0.28,1742
0.281,1739
0.282,1778
0.283,1845
0.284,1873
0.285,1839
0.286,1810
0.287,1806
0.288,1876
0.289,1920
0.29,1902
0.291,1892
0.292,1905
0.293,1973
0.294,1968
0.295,1942
0.296,1914
0.297,1942
0.298,2022
0.299,2112
0.3,2087
0.301,2124
0.302,2064
0.303,2207
0.304,2368
0.305,2360
0.306,2287
0.307,2267
0.308,2327
0.309,2341
0.31,2304
0.311,2307
0.312,2269
0.313,2347
0.314,2471
0.315,2463
0.316,2447
0.317,2423
0.318,2464
0.319,2491
0.32,2484
0.321,2474
0.322,2448
0.323,2439
0.324,2512
0.325,2555
0.326,2568
0.327,2527
0.328,2480
0.329,2519
0.33,2592
0.331,2507
0.332,2492
0.333,2474
0.334,2530
0.335,2561
0.336,2571
0.337,2525
0.338,2492
0.339,2544
0.34,2540
0.341,2559
0.342,2525
0.343,2504
0.344,2521
0.345,2643
0.346,2572
0.347,2587
0.348,2524
0.349,2512
0.35,2528
0.351,2550
0.352,2532
0.353,2506
0.354,2479
0.355,2508
0.356,2531
0.357,2521
0.358,2507
0.359,2490
0.36,2464
0.361,2506
0.362,2525
0.363,2536
0.364,2471
0.365,2464
0.366,2544
0.367,2648
0.368,2638
0.369,2632
0.37,2606
0.371,2599
0.372,2669
0.373,2647
0.374,2628
0.375,2672
0.376,2600
0.377,2633
0.378,2672
0.379,2654
0.38,2634
0.381,2629
0.382,2616
0.383,2700
0.384,2620
0.385,2627
0.386,2567
0.387,2604
0.388,2667
0.389,2660
0.39,2641
0.391,2623
0.392,2592
0.393,2605
0.394,2615
0.395,2596
0.396,2572
0.397,2554
0.398,2624
0.399,2613
0.4,2600
0.401,2599
0.402,2553
0.403,2552
0.404,2567
0.405,2551
0.406,2536
0.407,2512
0.408,2514
0.409,2580
0.41,2585
0.411,2570
0.412,2555
0.413,2536
0.414,2561
0.415,2610
0.416,2656
0.417,2568
0.418,2567
0.419,2644
0.42,2591
0.421,2567
0.422,2547
0.423,2559
0.424,2509
0.425,2590
0.426,2516
0.427,2487
0.428,2469
0.429,2504
0.43,2524
0.431,2533
0.432,2503
0.433,2498
0.434,2446
0.435,2512
0.436,2545
0.437,2526
0.438,2533
0.439,2493
0.44,2549
0.441,2607
0.442,2564
0.443,2543
0.444,2511
0.445,2543
0.446,2583
0.447,2607
0.448,2595
0.449,2575
0.45,2537
0.451,2561
0.452,2537
0.453,2528
0.454,2560
0.455,2527
0.456,2535
0.457,2528
0.458,2465
0.459,2420
0.46,2412
0.461,2418
0.462,2406
0.463,2375
0.464,2343
0.465,2321
0.466,2335
0.467,2346
0.468,2317
0.469,2311
0.47,2260
0.471,2304
0.472,2295
0.473,2273
0.474,2255
0.475,2205
0.476,2202
0.477,2240
0.478,2228
0.479,2220
0.48,2152
0.481,2154
0.482,2228
0.483,2223
0.484,2192
0.485,2165
0.486,2151
0.487,2203
0.488,2159
0.489,2144
0.49,2075
0.491,2048
0.492,2065
0.493,2073
0.494,2048
0.495,2015
0.496,1992
0.497,1994
0.498,1994
0.499,1974
0.5,1934
0.501,1900
0.502,1880
0.503,1930
0.504,1931
0.505,1896
0.506,1868
0.507,1853
0.508,1886
0.509,1884
0.51,1820
0.511,1788
0.512,1756
0.513,1745
0.514,1740
0.515,1715
0.516,1682
0.517,1660
0.518,1655
0.519,1655
0.52,1656
0.521,1630
0.522,1609
0.523,1598
0.524,1587
0.525,1595
0.526,1579
0.527,1556
0.528,1522
0.529,1521
0.53,1526
0.531,1525
0.532,1524
0.533,1511
0.534,1494
0.535,1495
0.536,1496
0.537,1490
0.538,1476
0.539,1461
0.54,1489
0.541,1478
0.542,1465
0.543,1454
0.544,1447
0.545,1446
0.546,1431
0.547,1426
0.548,1412
0.549,1397
0.55,1392
0.551,1408
0.552,1408
0.553,1394
0.554,1385
0.555,1378
0.556,1378
0.557,1364
0.558,1352
0.559,1344
0.56,1343
0.561,1341
0.562,1391
0.563,1376
0.564,1388
0.565,1375
0.566,1381
0.567,1366
0.568,1364
0.569,1387
0.57,1350
0.571,1332
0.572,1334
0.573,1359
0.574,1400
0.575,1368
0.576,1386
0.577,1351
0.578,1369
0.579,1386
0.58,1419
0.581,1398
0.582,1386
0.583,1438
0.584,1433
0.585,1452
0.586,1416
0.587,1399
0.588,1396
0.589,1494
0.59,1590
0.591,1584
0.592,1556
0.593,1568
0.594,1588
0.595,1596
0.596,1584
0.597,1562
0.598,1559
0.599,1600
0.6,1680
0.601,1640
0.602,1623
0.603,1620
0.604,1655
0.605,1729
0.606,1771
0.607,1750
0.608,1736
0.609,1790
0.61,1748
0.611,1733
0.612,1734
0.613,1712
0.614,1742
0.615,1762
0.616,1778
0.617,1761
0.618,1752
0.619,1767
0.62,1737
0.621,1759
0.622,1712
0.623,1704
0.624,1697
0.625,1721
0.626,1754
0.627,1760
0.628,1744
0.629,1738
0.63,1730
0.631,1735
0.632,1727
0.633,1757
0.634,1756
0.635,1739
0.636,1755
0.637,1771
0.638,1723
0.639,1718
0.64,1709
0.641,1720
0.642,1736
0.643,1715
0.644,1707
0.645,1698
0.646,1728
0.647,1749
0.648,1808
0.649,1773
0.65,1772
0.651,1766
0.652,1809
0.653,1820
0.654,1820
0.655,1797
0.656,1814
0.657,1844
0.658,1910
0.659,1860
0.66,1842
0.661,1840
0.662,1856
0.663,1854
0.664,1848
0.665,1832
0.666,1827
0.667,1863
0.668,1946
0.669,1963
0.67,1939
0.671,1935
0.672,1912
0.673,1908
0.674,1886
0.675,1871
0.676,1880
0.677,1904
0.678,1947
0.679,1935
0.68,1923
0.681,1916
0.682,1907
0.683,1993
0.684,2024
0.685,2026
0.686,1993
0.687,2035
0.688,2024
0.689,2007
0.69,2017
0.691,1996
0.692,1989
0.693,2029
0.694,2143
0.695,2079
0.696,2063
0.697,2088
0.698,2079
0.699,2067
0.7,2064
0.701,2023
0.702,2013
0.703,2012
0.704,2066
0.705,2025
0.706,2015
0.707,2040
0.708,2047
0.709,2048
0.71,2003
0.711,1989
0.712,1983
0.713,1977
0.714,2005
0.715,1992
0.716,1985
0.717,1969
0.718,1993
0.719,2039
0.72,1975
0.721,1961
0.722,1954
0.723,1959
0.724,1932
0.725,1917
0.726,1900
0.727,1888
0.728,1874
0.729,1903
0.73,1922
0.731,1914
0.732,1903
0.733,1912
0.734,1909
0.735,1907
0.736,1893
0.737,1888
0.738,1908
0.739,1887
0.74,1920
0.741,1866
0.742,1920
0.743,1896
0.744,1876
0.745,1844
0.746,1850
0.747,1838
0.748,1832
0.749,1829
0.75,1854
0.751,1847
0.752,1827
0.753,1828
0.754,1831
0.755,1827
0.756,1834
0.757,1838
0.758,1824
0.759,1820
0.76,1856
0.761,1864
0.762,1837
0.763,1856
0.764,1864
0.765,1884
0.766,1855
0.767,1804
0.768,1792
0.769,1824
0.77,1799
0.771,1810
0.772,1808
0.773,1840
0.774,1792
0.775,1800
0.776,1784
0.777,1779
0.778,1762
0.779,1753
0.78,1744
0.781,1823
0.782,1783
0.783,1780
0.784,1791
0.785,1758
0.786,1750
0.787,1752
0.788,1747
0.789,1735
0.79,1736
0.791,1748
0.792,1787
0.793,1763
0.794,1767
0.795,1748
0.796,1776
0.797,1741
0.798,1829
0.799,1794
0.8,1790
0.801,1794
0.802,1839
0.803,1822
0.804,1811
0.805,1799
0.806,1794
0.807,1795
0.808,1822
0.809,1810
0.81,1813
0.811,1804
0.812,1855
0.813,1887
0.814,1903
0.815,1920
0.816,1919
0.817,1887
0.818,1991
0.819,2001
0.82,1958
0.821,1928
0.822,1964
0.823,1993
0.824,2037
0.825,2039
0.826,2016
0.827,2016
0.828,2080
0.829,2139
0.83,2115
0.831,2104
0.832,2106
0.833,2132
0.834,2145
0.835,2133
0.836,2121
0.837,2138
0.838,2168
0.839,2216
0.84,2236
0.841,2240
0.842,2216
0.843,2268
0.844,2273
0.845,2301
0.846,2279
0.847,2268
0.848,2271
0.849,2320
0.85,2404
0.851,2372
0.852,2360
0.853,2353
0.854,2377
0.855,2384
0.856,2343
0.857,2323
0.858,2311
0.859,2300
0.86,2307
0.861,2304
0.862,2264
0.863,2253
0.864,2292
0.865,2316
0.866,2368
0.867,2351
0.868,2335
0.869,2328
0.87,2316
0.871,2311
0.872,2292
0.873,2280
0.874,2265
0.875,2289
0.876,2321
0.877,2321
0.878,2304
0.879,2284
0.88,2290
0.881,2299
0.882,2249
0.883,2227
0.884,2232
0.885,2228
0.886,2238
0.887,2223
0.888,2207
0.889,2198
0.89,2213
0.891,2186
0.892,2303
0.893,2276
0.894,2259
0.895,2255
0.896,2281
0.897,2282
0.898,2262
0.899,2248
0.9,2247
0.901,2304
0.902,2369
0.903,2304
0.904,2288
0.905,2274
0.906,2300
0.907,2328
0.908,2329
0.909,2312
0.91,2305
0.911,2304
0.912,2298
0.913,2279
0.914,2265
0.915,2250
0.916,2305
0.917,2308
0.918,2357
0.919,2336
0.92,2327
0.921,2380
0.922,2432
0.923,2415
0.924,2400
0.925,2387
0.926,2420
0.927,2430
0.928,2480
0.929,2495
0.93,2427
0.931,2448
0.932,2397
0.933,2429
0.934,2402
0.935,2385
0.936,2380
0.937,2408
0.938,2404
0.939,2384
0.94,2369
0.941,2365
0.942,2347
0.943,2439
0.944,2434
0.945,2464
0.946,2400
0.947,2425
0.948,2399
0.949,2375
0.95,2363
0.951,2367
0.952,2342
0.953,2395
0.954,2415
0.955,2394
0.956,2375
0.957,2385
0.958,2377
0.959,2367
0.96,2392
0.961,2323
0.962,2315
0.963,2319
0.964,2332
0.965,2306
0.966,2294
0.967,2278
0.968,2315
0.969,2364
0.97,2349
0.971,2333
0.972,2351
0.973,2308
0.974,2366
0.975,2296
0.976,2286
0.977,2271
0.978,2276
0.979,2308
0.98,2360
0.981,2339
0.982,2323
0.983,2340
0.984,2335
0.985,2271
0.986,2255
0.987,2288
0.988,2228
0.989,2248
0.99,2247
0.991,2247
0.992,2226
0.993,2215
0.994,2208
0.995,2190
0.996,2170
0.997,2147
0.998,2155
0.999,2176
