0.0,914
0.001,900
0.002,895
0.003,914
0.004,935
0.005,934
0.006,945
0.007,912
0.008,913
0.009,927
0.01,928
0.011,924
0.012,901
0.013,920
0.014,936
0.015,948
0.016,939
0.017,944
0.018,917
0.019,960
0.02,953
0.021,946
0.022,944
0.023,944
0.024,950
0.025,988
0.026,989
0.027,999
0.028,975
0.029,968
0.03,1039
0.031,1038
0.032,1026
0.033,1012
0.034,1001
0.035,1024
0.036,1059
0.037,1056
0.038,1044
0.039,1030
0.04,1028
0.041,1038
0.042,1036
0.043,1028
0.044,1016
0.045,1012
0.046,1034
0.047,1044
0.048,1029
0.049,1019
0.05,1010
0.051,1003
0.052,1012
0.053,1005
0.054,996
0.055,981
0.056,984
0.057,1029
0.058,1037
0.059,998
0.06,989
0.061,977
0.062,975
0.063,1006
0.064,992
0.065,969
0.066,963
0.067,982
0.068,996
0.069,1010
0.07,1007
0.071,996
0.072,973
0.073,983
0.074,1002
0.075,993
0.076,984
0.077,978
0.078,999
0.079,1028
0.08,1018
0.081,1003
0.082,991
0.083,981
0.084,1005
0.085,1020
0.086,1013
0.087,1001
0.088,998
0.089,1028
0.09,1061
0.091,1060
0.092,1045
0.093,1037
0.094,1049
0.095,1100
0.096,1136
0.097,1106
0.098,1082
0.099,1119
0.1,1136
0.101,1119
0.102,1102
0.103,1094
0.104,1085
0.105,1119
0.106,1130
0.107,1124
0.108,1112
0.109,1098
0.11,1124
0.111,1184
0.112,1168
0.113,1143
0.114,1132
0.115,1146
0.116,1172
0.117,1168
0.118,1153
0.119,1139
0.12,1167
0.121,1228
0.122,1286
0.123,1279
0.124,1251
0.125,1247
0.126,1304
0.127,1329
0.128,1312
0.129,1297
0.13,1319
0.131,1384
0.132,1492
0.133,1481
0.134,1459
0.135,1448
0.136,1473
0.137,1525
0.138,1511
0.139,1491
0.14,1472
0.141,1482
0.142,1514
0.143,1502
0.144,1482
0.145,1468
0.146,1464
0.147,1510
0.148,1546
0.149,1514
0.15,1508
0.151,1512
0.152,1528
0.153,1563
0.154,1541
0.155,1541
0.156,1507
0.157,1551
0.158,1644
0.159,1623
0.16,1599
0.161,1582
0.162,1598
0.163,1629
0.164,1631
0.165,1605
0.166,1568
0.167,1556
0.168,1585
0.169,1592
0.17,1567
0.171,1552
0.172,1557
0.173,1587
0.174,1566
0.175,1548
0.176,1524
0.177,1523
0.178,1530
0.179,1549
0.18,1531
0.181,1516
0.182,1512
0.183,1568
0.184,1643
0.185,1654
0.186,1609
0.187,1632
0.188,1631
0.189,1612
0.19,1592
0.191,1570
0.192,1547
0.193,1576
0.194,1616
0.195,1610
0.196,1582
0.197,1559
0.198,1559
0.199,1608
0.2,1638
0.201,1617
0.202,1595
0.203,1632
0.204,1611
0.205,1629
0.206,1604
0.207,1624
0.208,1570
0.209,1625
0.21,1679
0.211,1644
0.212,1648
0.213,1602
0.214,1619
0.215,1691
0.216,1676
0.217,1656
0.218,1638
0.219,1631
0.22,1679
0.221,1652
0.222,1632
0.223,1600
0.224,1627
0.225,1673
0.226,1772
0.227,1708
0.228,1675
0.229,1663
0.23,1672
0.231,1676
0.232,1654
0.233,1639
0.234,1606
0.235,1636
0.236,1733
0.237,1704
0.238,1673
0.239,1650
0.24,1690
0.241,1748
0.242,1721
0.243,1695
0.244,1670
0.245,1699
0.246,1695
0.247,1688
0.248,1663
0.249,1633
0.25,1613
0.251,1640
0.252,1652
0.253,1631
0.254,1628
0.255,1590
0.256,1600
0.257,1648
0.258,1640
0.259,1594
0.26,1572
0.261,1600
0.262,1671
0.263,1679
0.264,1680
0.265,1625
0.266,1648
0.267,1700
0.268,1742
0.269,1668
0.27,1638
0.271,1625
0.272,1754
0.273,1827
0.274,1791
0.275,1733
0.276,1727
0.277,1741
0.278,1813
0.279,1797
0.28,1763
0.281,1738
0.282,1775
0.283,1795
0.284,1788
0.285,1749
0.286,1734
0.287,1748
0.288,1868
0.289,1875
0.29,1859
0.291,1808
0.292,1824
0.293,1900
0.294,1937
0.295,1866
0.296,1836
0.297,1847
0.298,1915
0.299,1924
0.3,1904
0.301,1887
0.302,1862
0.303,1916
0.304,1997
0.305,1983
0.306,1948
0.307,1937
0.308,1967
0.309,2018
0.31,2025
0.311,1967
0.312,1940
0.313,1983
0.314,2152
0.315,2152
0.316,2128
0.317,2109
0.318,2105
0.319,2176
0.32,2227
0.321,2170
0.322,2204
0.323,2175
0.324,2186
0.325,2177
0.326,2160
0.327,2176
0.328,2122
0.329,2160
0.33,2240
0.331,2200
0.332,2183
0.333,2172
0.334,2268
0.335,2304
0.336,2286
0.337,2266
0.338,2249
0.339,2302
0.34,2428
0.341,2424
0.342,2380
0.343,2352
0.344,2380
0.345,2423
0.346,2462
0.347,2415
0.348,2411
0.349,2391
0.35,2438
0.351,2439
0.352,2424
0.353,2403
0.354,2389
0.355,2419
0.356,2518
0.357,2496
0.358,2508
0.359,2491
0.36,2480
0.361,2537
0.362,2555
0.363,2560
0.364,2568
0.365,2512
0.366,2627
0.367,2668
0.368,2660
0.369,2656
0.37,2607
0.371,2644
0.372,2688
0.373,2666
0.374,2655
0.375,2663
0.376,2665
0.377,2691
0.378,2682
0.379,2676
0.38,2657
0.381,2680
0.382,2809
0.383,2791
0.384,2779
0.385,2766
0.386,2815
0.387,2880
0.388,2902
0.389,2871
0.39,2837
0.391,2828
0.392,2892
0.393,2903
0.394,2895
0.395,2871
0.396,2898
0.397,2928
0.398,2948
0.399,2991
0.4,2990
0.401,2944
0.402,2948
0.403,2969
0.404,2976
0.405,2964
0.406,2963
0.407,3017
0.408,3064
0.409,3075
0.41,3084
0.411,3094
0.412,3063
0.413,3144
0.414,3167
0.415,3256
0.416,3164
0.417,3169
0.418,3217
0.419,3231
0.42,3254
0.421,3276
0.422,3271
0.423,3328
0.424,3276
0.425,3288
0.426,3309
0.427,3321
0.428,3360
0.429,3455
0.43,3487
0.431,3503
0.432,3506
0.433,3489
0.434,3550
0.435,3568
0.436,3563
0.437,3598
0.438,3570
0.439,3624
0.44,3656
0.441,3661
0.442,3760
0.443,3641
0.444,3642
0.445,3715
0.446,3735
0.447,3727
0.448,3716
0.449,3734
0.45,3828
0.451,3847
0.452,3799
0.453,3806
0.454,3755
0.455,3872
0.456,3872
0.457,3856
0.458,3848
0.459,3848
0.46,3894
0.461,3935
0.462,3904
0.463,3935
0.464,3904
0.465,3922
0.466,3936
0.467,3968
0.468,3904
0.469,3933
0.47,3934
0.471,3912
0.472,3936
0.473,3930
0.474,3937
0.475,3932
0.476,3936
0.477,3939
0.478,3936
0.479,3936
0.48,3936
0.481,3938
0.482,3932
0.483,3936
0.484,3936
0.485,3911
0.486,3860
0.487,3888
0.488,3920
0.489,3935
0.49,3939
0.491,3927
0.492,3935
0.493,3932
0.494,3928
0.495,3936
0.496,3936
0.497,3936
0.498,3920
0.499,3937
0.5,3940
0.501,3935
0.502,3936
0.503,3930
0.504,3937
0.505,3936
0.506,3935
0.507,3904
0.508,3952
0.509,3842
0.51,3928
0.511,3912
0.512,3936
0.513,3840
0.514,3872
0.515,3966
0.516,3952
0.517,3905
0.518,3937
0.519,3936
0.52,3964
0.521,3932
0.522,3904
0.523,3936
0.524,3928
0.525,3932
0.526,3936
0.527,3936
0.528,3921
0.529,3904
0.53,3928
0.531,3928
0.532,3967
0.533,3872
0.534,3936
0.535,3936
0.536,3936
0.537,3939
0.538,3928
0.539,3976
0.54,3928
0.541,3940
0.542,3939
0.543,3875
0.544,3935
0.545,3930
0.546,3937
0.547,3931
0.548,3952
0.549,3928
0.55,3904
0.551,3936
0.552,3928
0.553,3923
0.554,3936
0.555,3920
0.556,3914
0.557,3828
0.558,3784
0.559,3892
0.56,3872
0.561,3820
0.562,3840
0.563,3760
0.564,3888
0.565,3778
0.566,3724
0.567,3704
0.568,3608
0.569,3626
0.57,3672
0.571,3536
0.572,3488
0.573,3424
0.574,3465
0.575,3591
0.576,3565
0.577,3551
0.578,3519
0.579,3428
0.58,3456
0.581,3413
0.582,3364
0.583,3311
0.584,3327
0.585,3471
0.586,3383
0.587,3329
0.588,3280
0.589,3235
0.59,3242
0.591,3259
0.592,3235
0.593,3264
0.594,3116
0.595,3200
0.596,3320
0.597,3224
0.598,3183
0.599,3122
0.6,3145
0.601,3220
0.602,3232
0.603,3132
0.604,3069
0.605,3120
0.606,3115
0.607,3135
0.608,3052
0.609,2993
0.61,2979
0.611,3036
0.612,3072
0.613,3039
0.614,2902
0.615,2866
0.616,2988
0.617,3064
0.618,2936
0.619,2872
0.62,2854
0.621,2864
0.622,2879
0.623,2792
0.624,2730
0.625,2677
0.626,2715
0.627,2804
0.628,2760
0.629,2697
0.63,2692
0.631,2644
0.632,2649
0.633,2602
0.634,2547
0.635,2500
0.636,2509
0.637,2574
0.638,2557
0.639,2512
0.64,2454
0.641,2449
0.642,2479
0.643,2553
0.644,2472
0.645,2455
0.646,2424
0.647,2436
0.648,2430
0.649,2411
0.65,2338
0.651,2336
0.652,2400
0.653,2433
0.654,2397
0.655,2359
0.656,2352
0.657,2314
0.658,2286
0.659,2243
0.66,2228
0.661,2208
0.662,2261
0.663,2248
0.664,2228
0.665,2219
0.666,2204
0.667,2239
0.668,2264
0.669,2192
0.67,2173
0.671,2195
0.672,2185
0.673,2158
0.674,2144
0.675,2134
0.676,2172
0.677,2249
0.678,2213
0.679,2187
0.68,2203
0.681,2209
0.682,2260
0.683,2188
0.684,2178
0.685,2162
0.686,2239
0.687,2304
0.688,2239
0.689,2231
0.69,2243
0.691,2224
0.692,2208
0.693,2184
0.694,2168
0.695,2156
0.696,2178
0.697,2171
0.698,2161
0.699,2156
0.7,2174
0.701,2172
0.702,2143
0.703,2124
0.704,2125
0.705,2130
0.706,2105
0.707,2088
0.708,2089
0.709,2091
0.71,2096
0.711,2116
0.712,2092
0.713,2112
0.714,2102
0.715,2107
0.716,2087
0.717,2065
0.718,2086
0.719,2068
0.72,2128
0.721,2072
0.722,2057
0.723,2079
0.724,2075
0.725,2037
0.726,2015
0.727,2018
0.728,2036
0.729,2025
0.73,2059
0.731,2047
0.732,2020
0.733,2026
0.734,2032
0.735,2016
0.736,2017
0.737,2007
0.738,2003
0.739,2010
0.74,2028
0.741,2047
0.742,2000
0.743,1997
0.744,2048
0.745,2002
0.746,1996
0.747,1982
0.748,1985
0.749,2038
0.75,2090
0.751,2099
0.752,2120
0.753,2118
0.754,2107
0.755,2093
0.756,2095
0.757,2100
0.758,2108
0.759,2143
0.76,2192
0.761,2180
0.762,2185
0.763,2223
0.764,2184
0.765,2228
0.766,2240
0.767,2272
0.768,2256
0.769,2303
0.77,2237
0.771,2264
0.772,2304
0.773,2260
0.774,2296
0.775,2304
0.776,2307
0.777,2318
0.778,2400
0.779,2324
0.78,2324
0.781,2323
0.782,2391
0.783,2337
0.784,2392
0.785,2382
0.786,2380
0.787,2391
0.788,2415
0.789,2398
0.79,2384
0.791,2384
0.792,2422
0.793,2376
0.794,2367
0.795,2352
0.796,2385
0.797,2404
0.798,2399
0.799,2392
0.8,2392
0.801,2404
0.802,2394
0.803,2375
0.804,2400
0.805,2384
0.806,2448
0.807,2439
0.808,2487
0.809,2468
0.81,2484
0.811,2483
0.812,2488
0.813,2454
0.814,2521
0.815,2495
0.816,2508
0.817,2483
0.818,2482
0.819,2490
0.82,2505
0.821,2495
0.822,2561
0.823,2556
0.824,2560
0.825,2603
0.826,2616
0.827,2587
0.828,2594
0.829,2631
0.83,2624
0.831,2642
0.832,2622
0.833,2624
0.834,2630
0.835,2663
0.836,2660
0.837,2656
0.838,2656
0.839,2688
0.84,2688
0.841,2680
0.842,2736
0.843,2668
0.844,2739
0.845,2706
0.846,2705
0.847,2712
0.848,2744
0.849,2697
0.85,2660
0.851,2688
0.852,2661
0.853,2684
0.854,2707
0.855,2720
0.856,2736
0.857,2721
0.858,2721
0.859,2696
0.86,2698
0.861,2689
0.862,2696
0.863,2732
0.864,2783
0.865,2690
0.866,2703
0.867,2709
0.868,2748
0.869,2687
0.87,2696
0.871,2663
0.872,2688
0.873,2703
0.874,2687
0.875,2647
0.876,2671
0.877,2668
0.878,2684
0.879,2701
0.88,2690
0.881,2696
0.882,2767
0.883,2739
0.884,2741
0.885,2740
0.886,2744
0.887,2753
0.888,2723
0.889,2704
0.89,2699
0.891,2708
0.892,2755
0.893,2767
0.894,2775
0.895,2731
0.896,2763
0.897,2735
0.898,2697
0.899,2696
0.9,2687
0.901,2694
0.902,2740
0.903,2733
0.904,2714
0.905,2717
0.906,2729
0.907,2699
0.908,2662
0.909,2720
0.91,2686
0.911,2711
0.912,2700
0.913,2668
0.914,2671
0.915,2684
0.916,2692
0.917,2660
0.918,2631
0.919,2687
0.92,2640
0.921,2680
0.922,2656
0.923,2638
0.924,2656
0.925,2651
0.926,2657
0.927,2692
0.928,2676
0.929,2680
0.93,2751
0.931,2713
0.932,2727
0.933,2715
0.934,2723
0.935,2743
0.936,2740
0.937,2825
0.938,2804
0.939,2816
0.94,2818
0.941,2837
0.942,2866
0.943,2871
0.944,2855
0.945,2859
0.946,2828
0.947,2825
0.948,2822
0.949,2821
0.95,2911
0.951,2880
0.952,2858
0.953,2880
0.954,2850
0.955,2854
0.956,2811
0.957,2803
0.958,2816
0.959,2815
0.96,2840
0.961,2819
0.962,2787
0.963,2781
0.964,2783
0.965,2787
0.966,2777
0.967,2847
0.968,2824
0.969,2808
0.97,2831
0.971,2842
0.972,2800
0.973,2815
0.974,2796
0.975,2794
0.976,2778
0.977,2854
0.978,2847
0.979,2862
0.98,2844
0.981,2840
0.982,2816
0.983,2782
0.984,2776
0.985,2788
0.986,2750
0.987,2724
0.988,2717
0.989,2724
0.99,2724
0.991,2751
0.992,2718
0.993,2699
0.994,2692
0.995,2695
0.996,2723
0.997,2639
0.998,2619
0.999,2611
