0.0,1435
0.01,1418
0.02,1407
0.03,1383
0.04,1370
0.05,1390
0.06,1391
0.07,1369
0.08,1353
0.09,1372
0.1,1408
0.11,1413
0.12,1395
0.13,1374
0.14,1367
0.15,1370
0.16,1380
0.17,1376
0.18,1347
0.19,1327
0.2,1352
0.21,1380
0.22,1384
0.23,1366
0.24,1351
0.25,1343
0.26,1345
0.27,1355
0.28,1331
0.29,1316
0.3,1293
0.31,1351
0.32,1367
0.33,1359
0.34,1342
0.35,1330
0.36,1316
0.37,1338
0.38,1344
0.39,1360
0.4,1302
0.41,1336
0.42,1376
0.43,1416
0.44,1400
0.45,1351
0.46,1375
0.47,1349
0.48,1359
0.49,1342
0.5,1320
0.51,1299
0.52,1347
0.53,1368
0.54,1376
0.55,1360
0.56,1351
0.57,1344
0.58,1356
0.59,1379
0.6,1366
0.61,1356
0.62,1352
0.63,1395
0.64,1432
0.65,1441
0.66,1392
0.67,1385
0.68,1411
0.69,1445
0.7,1428
0.71,1407
0.72,1408
0.73,1451
0.74,1494
0.75,1479
0.76,1460
0.77,1443
0.78,1454
0.79,1535
0.8,1531
0.81,1512
0.82,1490
0.83,1615
0.84,1675
0.85,1728
0.86,1727
0.87,1665
0.88,1695
0.89,1816
0.9,1816
0.91,1787
0.92,1763
0.93,1890
0.94,1942
0.95,1983
0.96,1943
0.97,1920
0.98,1967
0.99,1980
1.0,1972
1.01,1918
1.02,1922
1.03,2023
1.04,2076
1.05,2048
1.06,2013
1.07,2000
1.08,2068
1.09,2244
1.1,2212
1.11,2190
1.12,2224
1.13,2254
1.14,2271
1.15,2235
1.16,2208
1.17,2230
1.18,2312
1.19,2432
1.2,2387
1.21,2342
1.22,2409
1.23,2397
1.24,2374
1.25,2332
1.26,2309
1.27,2308
1.28,2413
1.29,2437
1.3,2393
1.31,2407
1.32,2393
1.33,2512
1.34,2513
1.35,2472
1.36,2440
1.37,2431
1.38,2478
1.39,2562
1.4,2533
1.41,2484
1.42,2440
1.43,2544
1.44,2488
1.45,2457
1.46,2416
1.47,2400
1.48,2374
1.49,2427
1.5,2404
1.51,2362
1.52,2352
1.53,2384
1.54,2404
1.55,2418
1.56,2361
1.57,2327
1.58,2307
1.59,2358
1.6,2359
1.61,2326
1.62,2327
1.63,2356
1.64,2347
1.65,2368
1.66,2323
1.67,2342
1.68,2260
1.69,2323
1.7,2416
1.71,2339
1.72,2303
1.73,2357
1.74,2374
1.75,2370
1.76,2328
1.77,2311
1.78,2275
1.79,2447
1.8,2515
1.81,2470
1.82,2424
1.83,2459
1.84,2473
1.85,2479
1.86,2440
1.87,2402
1.88,2379
1.89,2402
1.9,2497
1.91,2465
1.92,2423
1.93,2373
1.94,2454
1.95,2496
1.96,2431
1.97,2360
1.98,2338
1.99,2343
2.0,2428
2.01,2463
2.02,2400
2.03,2383
2.04,2483
2.05,2543
2.06,2508
2.07,2474
2.08,2447
2.09,2446
2.1,2581
2.11,2612
2.12,2560
2.13,2509
2.14,2630
2.15,2668
2.16,2638
2.17,2599
2.18,2570
2.19,2561
2.2,2606
2.21,2645
2.22,2647
2.23,2560
2.24,2624
2.25,2657
2.26,2629
2.27,2587
2.28,2564
2.29,2531
2.3,2541
2.31,2532
2.32,2484
2.33,2449
2.34,2414
2.35,2478
2.36,2528
2.37,2455
2.38,2463
2.39,2379
2.4,2396
2.41,2425
2.42,2386
2.43,2349
2.44,2314
2.45,2405
2.46,2404
2.47,2428
2.48,2368
2.49,2318
2.5,2308
2.51,2431
2.52,2466
2.53,2428
2.54,2384
2.55,2418
2.56,2507
2.57,2578
2.58,2544
2.59,2508
2.6,2474
2.61,2468
2.62,2520
2.63,2516
2.64,2478
2.65,2432
2.66,2510
2.67,2538
2.68,2565
2.69,2519
2.7,2484
2.71,2463
2.72,2507
2.73,2572
2.74,2524
2.75,2480
2.76,2433
2.77,2482
2.78,2484
2.79,2447
2.8,2405
2.81,2368
2.82,2337
2.83,2362
2.84,2342
2.85,2309
2.86,2273
2.87,2230
2.88,2292
2.89,2312
2.9,2278
2.91,2241
2.92,2211
2.93,2194
2.94,2220
2.95,2207
2.96,2172
2.97,2135
2.98,2221
2.99,2195
3.0,2198
3.01,2215
3.02,2176
3.03,2087
3.04,2179
3.05,2211
3.06,2176
3.07,2151
3.08,2124
3.09,2207
3.1,2239
3.11,2240
3.12,2224
3.13,2143
3.14,2103
3.15,2169
3.16,2237
3.17,2238
3.18,2216
3.19,2188
3.2,2240
3.21,2266
3.22,2246
3.23,2219
3.24,2192
3.25,2181
3.26,2231
3.27,2214
3.28,2197
3.29,2175
3.3,2198
3.31,2226
3.32,2244
3.33,2228
3.34,2200
3.35,2159
3.36,2227
3.37,2237
3.38,2239
3.39,2218
3.4,2216
3.41,2253
3.42,2300
3.43,2289
3.44,2235
3.45,2208
3.46,2259
3.47,2322
3.48,2320
3.49,2310
3.5,2333
3.51,2404
3.52,2429
3.53,2414
3.54,2395
3.55,2394
3.56,2438
3.57,2519
3.58,2488
3.59,2472
3.6,2488
3.61,2525
3.62,2600
3.63,2582
3.64,2599
3.65,2560
3.66,2597
3.67,2733
3.68,2812
3.69,2752
3.7,2735
3.71,2824
3.72,2914
3.73,2921
3.74,2888
3.75,2851
3.76,2867
3.77,2962
3.78,3068
3.79,3008
3.8,2948
3.81,3006
3.82,3100
3.83,3152
3.84,3200
3.85,3063
3.86,3104
3.87,3328
3.88,3312
3.89,3284
3.9,3260
3.91,3310
3.92,3366
3.93,3416
3.94,3319
3.95,3272
3.96,3279
3.97,3403
3.98,3441
3.99,3376
4.0,3342
4.01,3405
4.02,3456
4.03,3443
4.04,3440
4.05,3343
4.06,3329
4.07,3514
4.08,3553
4.09,3532
4.1,3492
4.11,3565
4.12,3603
4.13,3641
4.14,3604
4.15,3595
4.16,3504
4.17,3607
4.18,3678
4.19,3623
4.2,3598
4.21,3672
4.22,3676
4.23,3726
4.24,3677
4.25,3615
4.26,3583
4.27,3744
4.28,3711
4.29,3688
4.3,3707
4.31,3634
4.32,3664
4.33,3752
4.34,3776
4.35,3657
4.36,3591
4.37,3683
4.38,3792
4.39,3775
4.4,3708
4.41,3750
4.42,3748
4.43,3794
4.44,3763
4.45,3724
4.46,3646
4.47,3763
4.48,3893
4.49,3896
4.5,3800
4.51,3810
4.52,3798
4.53,3958
4.54,3830
4.55,3789
4.56,3737
4.57,3840
4.58,3854
4.59,3833
4.6,3815
4.61,3788
4.62,3852
4.63,3892
4.64,3924
4.65,3874
4.66,3824
4.67,3905
4.68,3930
4.69,3928
4.7,3931
4.71,3920
4.72,3932
4.73,3934
4.74,3932
4.75,3890
4.76,3936
4.77,3856
4.78,3936
4.79,3934
4.8,3932
4.81,3932
4.82,3930
4.83,3928
4.84,3943
4.85,3933
4.86,3932
4.87,3916
4.88,3926
4.89,3934
4.9,3932
4.91,3935
4.92,3930
4.93,3933
4.94,3935
4.95,3935
4.96,3941
4.97,3919
4.98,3936
4.99,3930
5.0,3903
5.01,3872
5.02,3883
5.03,3896
5.04,3888
5.05,3847
5.06,3798
5.07,3739
5.08,3808
5.09,3822
5.1,3799
5.11,3764
5.12,3774
5.13,3776
5.14,3764
5.15,3727
5.16,3680
5.17,3679
5.18,3708
5.19,3717
5.2,3668
5.21,3649
5.22,3620
5.23,3743
5.24,3728
5.25,3689
5.26,3636
5.27,3592
5.28,3619
5.29,3720
5.3,3824
5.31,3716
5.32,3688
5.33,3739
5.34,3769
5.35,3750
5.36,3700
5.37,3631
5.38,3744
5.39,3907
5.4,3876
5.41,3850
5.42,3799
5.43,3855
5.44,3927
5.45,3830
5.46,3804
5.47,3756
5.48,3736
5.49,3824
5.5,3799
5.51,3752
5.52,3776
5.53,3774
5.54,3871
5.55,3826
5.56,3759
5.57,3711
5.58,3713
5.59,3851
5.6,3846
5.61,3797
5.62,3741
5.63,3812
5.64,3872
5.65,3868
5.66,3813
5.67,3738
5.68,3723
5.69,3932
5.7,3925
5.71,3932
5.72,3930
5.73,3897
5.74,3931
5.75,3935
5.76,3919
5.77,3935
5.78,3872
5.79,3927
5.8,3932
5.81,3928
5.82,3930
5.83,3930
5.84,3929
5.85,3935
5.86,3933
5.87,3875
5.88,3820
5.89,3935
5.9,3935
5.91,3935
5.92,3932
5.93,3930
5.94,3934
5.95,3934
5.96,3935
5.97,3904
5.98,3872
5.99,3846
6.0,3937
6.01,3930
6.02,3925
6.03,3911
6.04,3952
6.05,3930
6.06,3934
6.07,3960
6.08,3892
6.09,3928
6.1,3935
6.11,3916
6.12,3904
6.13,3836
6.14,3869
6.15,3916
6.16,3903
6.17,3776
6.18,3706
6.19,3750
6.2,3839
6.21,3833
6.22,3785
6.23,3746
6.24,3791
6.25,3862
6.26,3856
6.27,3784
6.28,3707
6.29,3712
6.3,3915
6.31,3935
6.32,3912
6.33,3851
6.34,3899
6.35,3883
6.36,3863
6.37,3811
6.38,3751
6.39,3675
6.4,3840
6.41,3922
6.42,3871
6.43,3916
6.44,3935
6.45,3824
6.46,3857
6.47,3936
6.48,3764
6.49,3720
6.5,3872
6.51,3930
6.52,3902
6.53,3832
6.54,3890
6.55,3917
6.56,3951
6.57,3911
6.58,3848
6.59,3874
6.6,3936
6.61,3931
6.62,3924
6.63,3920
6.64,3922
6.65,3892
6.66,3904
6.67,3934
6.68,3905
6.69,3904
6.7,3935
6.71,3937
6.72,3930
6.73,3886
6.74,3936
6.75,3931
6.76,3932
6.77,3899
6.78,3828
6.79,3848
6.8,3932
6.81,3936
6.82,3935
6.83,3921
6.84,3929
6.85,3933
6.86,3932
6.87,3920
6.88,3801
6.89,3841
6.9,3930
6.91,3932
6.92,3932
6.93,3920
6.94,3904
6.95,3930
6.96,3930
6.97,3915
6.98,3884
6.99,3844
7.0,3856
7.01,3904
7.02,3840
7.03,3844
7.04,3928
7.05,3924
7.06,3936
7.07,3856
7.08,3780
7.09,3825
7.1,3864
7.11,3840
7.12,3730
7.13,3692
7.14,3771
7.15,3860
7.16,3826
7.17,3763
7.18,3701
7.19,3683
7.2,3812
7.21,3885
7.22,3928
7.23,3785
7.24,3816
7.25,3936
7.26,3851
7.27,3781
7.28,3704
7.29,3706
7.3,3935
7.31,3934
7.32,3935
7.33,3864
7.34,3910
7.35,3914
7.36,3869
7.37,3799
7.38,3759
7.39,3789
7.4,3921
7.41,3914
7.42,3824
7.43,3881
7.44,3912
7.45,3907
7.46,3904
7.47,3769
7.48,3849
7.49,3936
7.5,3904
7.51,3818
7.52,3824
7.53,3904
7.54,3900
7.55,3822
7.56,3743
7.57,3848
7.58,3752
7.59,3706
7.6,3664
7.61,3658
7.62,3775
7.63,3680
7.64,3604
7.65,3584
7.66,3625
7.67,3715
7.68,3636
7.69,3582
7.7,3728
7.71,3696
7.72,3623
7.73,3580
7.74,3663
7.75,3872
7.76,3724
7.77,3712
7.78,3739
7.79,3712
7.8,3766
7.81,3680
7.82,3535
7.83,3482
7.84,3679
7.85,3716
7.86,3654
7.87,3575
7.88,3631
7.89,3686
7.9,3619
7.91,3639
7.92,3480
7.93,3456
7.94,3563
7.95,3586
7.96,3520
7.97,3440
7.98,3491
7.99,3517
8.0,3500
8.01,3431
8.02,3361
8.03,3314
8.04,3296
8.05,3234
8.06,3167
8.07,3101
8.08,3151
8.09,3116
8.1,3135
8.11,2992
8.12,2941
8.13,2928
8.14,2980
8.15,2990
8.16,2935
8.17,2885
8.18,2904
8.19,2943
8.2,2851
8.21,2807
8.22,2815
8.23,2771
8.24,2739
8.25,2688
8.26,2629
8.27,2654
8.28,2682
8.29,2662
8.3,2621
8.31,2604
8.32,2580
8.33,2612
8.34,2588
8.35,2531
8.36,2485
8.37,2570
8.38,2598
8.39,2624
8.4,2552
8.41,2523
8.42,2569
8.43,2782
8.44,2693
8.45,2648
8.46,2621
8.47,2729
8.48,2746
8.49,2717
8.5,2704
8.51,2656
8.52,2676
8.53,2796
8.54,2758
8.55,2736
8.56,2665
8.57,2800
8.58,2888
8.59,2782
8.6,2747
8.61,2748
8.62,2716
8.63,2766
8.64,2773
8.65,2722
8.66,2701
8.67,2800
8.68,2828
8.69,2855
8.7,2788
8.71,2815
8.72,2750
8.73,2896
8.74,2952
8.75,2912
8.76,2861
8.77,2955
8.78,2975
8.79,2976
8.8,2960
8.81,2864
8.82,2850
8.83,2980
8.84,3015
8.85,2958
8.86,2944
8.87,2987
8.88,3037
8.89,3056
8.9,3007
8.91,2976
8.92,2959
8.93,2964
8.94,3048
8.95,3003
8.96,2970
8.97,2936
8.98,3104
8.99,3109
9.0,3139
9.01,3050
9.02,3028
9.03,3021
9.04,3108
9.05,3084
9.06,3048
9.07,3023
9.08,3085
9.09,3118
9.1,3104
9.11,3042
9.12,3096
9.13,3007
9.14,3046
9.15,3011
9.16,2978
9.17,2934
9.18,2978
9.19,3041
9.2,3110
9.21,3033
9.22,3072
9.23,3014
9.24,3031
9.25,3167
9.26,3116
9.27,3076
9.28,3052
9.29,3179
9.3,3174
9.31,3136
9.32,3113
9.33,3136
9.34,3143
9.35,3252
9.36,3200
9.37,3124
9.38,3092
9.39,3190
9.4,3170
9.41,3144
9.42,3200
9.43,3198
9.44,3132
9.45,3216
9.46,3189
9.47,3152
9.48,3115
9.49,3279
9.5,3226
9.51,3184
9.52,3157
9.53,3153
9.54,3149
9.55,3176
9.56,3209
9.57,3168
9.58,3160
9.59,3232
9.6,3264
9.61,3264
9.62,3232
9.63,3204
9.64,3180
9.65,3160
9.66,3204
9.67,3200
9.68,3164
9.69,3131
9.7,3196
9.71,3247
9.72,3254
9.73,3239
9.74,3208
9.75,3201
9.76,3232
9.77,3216
9.78,3162
9.79,3135
9.8,3147
9.81,3203
9.82,3168
9.83,3200
9.84,3116
9.85,3115
9.86,3083
9.87,3152
9.88,3044
9.89,3024
9.9,3017
9.91,3121
9.92,3136
9.93,3071
9.94,3132
9.95,3072
9.96,3035
9.97,3115
9.98,3056
9.99,3071
