0.0,1221
0.01,1263
0.02,1282
0.03,1278
0.04,1269
0.05,1259
0.06,1258
0.07,1278
0.08,1276
0.09,1254
0.1,1236
0.11,1258
0.12,1285
0.13,1299
0.14,1281
0.15,1266
0.16,1257
0.17,1264
0.18,1282
0.19,1270
0.2,1255
0.21,1239
0.22,1270
0.23,1291
0.24,1293
0.25,1279
0.26,1265
0.27,1256
0.28,1256
0.29,1279
0.3,1251
0.31,1234
0.32,1217
0.33,1280
0.34,1280
0.35,1280
0.36,1252
0.37,1236
0.38,1234
0.39,1250
0.4,1244
0.41,1228
0.42,1213
0.43,1227
0.44,1254
0.45,1265
0.46,1265
0.47,1275
0.48,1240
0.49,1245
0.5,1252
0.51,1240
0.52,1236
0.53,1204
0.54,1240
0.55,1260
0.56,1272
0.57,1252
0.58,1240
0.59,1236
0.6,1244
0.61,1256
0.62,1246
0.63,1229
0.64,1215
0.65,1257
0.66,1295
0.67,1303
0.68,1256
0.69,1245
0.7,1245
0.71,1290
0.72,1308
0.73,1308
0.74,1259
0.75,1364
0.76,1355
0.77,1368
0.78,1352
0.79,1346
0.8,1359
0.81,1426
0.82,1462
0.83,1448
0.84,1423
0.85,1490
0.86,1540
0.87,1523
0.88,1528
0.89,1485
0.9,1493
0.91,1514
0.92,1492
0.93,1488
0.94,1487
0.95,1570
0.96,1615
0.97,1620
0.98,1593
0.99,1573
1.0,1572
1.01,1695
1.02,1726
1.03,1708
1.04,1668
1.05,1736
1.06,1793
1.07,1809
1.08,1776
1.09,1751
1.1,1761
1.11,1921
1.12,2048
1.13,1965
1.14,1980
1.15,1992
1.16,1993
1.17,1988
1.18,1957
1.19,1936
1.2,1908
1.21,1972
1.22,2031
1.23,2008
1.24,1975
1.25,1963
1.26,2023
1.27,1997
1.28,1972
1.29,1964
1.3,1920
1.31,1966
1.32,2083
1.33,2048
1.34,2011
1.35,2053
1.36,2100
1.37,2201
1.38,2140
1.39,2124
1.4,2085
1.41,2130
1.42,2143
1.43,2119
1.44,2040
1.45,2107
1.46,2185
1.47,2158
1.48,2120
1.49,2089
1.5,2072
1.51,2148
1.52,2240
1.53,2147
1.54,2104
1.55,2135
1.56,2143
1.57,2204
1.58,2184
1.59,2128
1.6,2109
1.61,2176
1.62,2317
1.63,2298
1.64,2267
1.65,2320
1.66,2344
1.67,2357
1.68,2274
1.69,2233
1.7,2198
1.71,2217
1.72,2307
1.73,2267
1.74,2281
1.75,2210
1.76,2303
1.77,2378
1.78,2414
1.79,2317
1.8,2284
1.81,2267
1.82,2410
1.83,2448
1.84,2333
1.85,2295
1.86,2368
1.87,2450
1.88,2466
1.89,2447
1.9,2390
1.91,2419
1.92,2419
1.93,2384
1.94,2339
1.95,2295
1.96,2371
1.97,2404
1.98,2382
1.99,2342
2.0,2351
2.01,2296
2.02,2377
2.03,2493
2.04,2463
2.05,2428
2.06,2451
2.07,2478
2.08,2454
2.09,2406
2.1,2368
2.11,2344
2.12,2403
2.13,2438
2.14,2452
2.15,2346
2.16,2389
2.17,2411
2.18,2415
2.19,2353
2.2,2352
2.21,2286
2.22,2381
2.23,2444
2.24,2368
2.25,2322
2.26,2398
2.27,2422
2.28,2559
2.29,2470
2.3,2448
2.31,2477
2.32,2528
2.33,2573
2.34,2496
2.35,2421
2.36,2479
2.37,2452
2.38,2528
2.39,2426
2.4,2386
2.41,2408
2.42,2394
2.43,2448
2.44,2432
2.45,2356
2.46,2336
2.47,2345
2.48,2376
2.49,2437
2.5,2407
2.51,2369
2.52,2333
2.53,2320
2.54,2386
2.55,2395
2.56,2351
2.57,2293
2.58,2321
2.59,2309
2.6,2290
2.61,2253
2.62,2218
2.63,2223
2.64,2195
2.65,2185
2.66,2149
2.67,2118
2.68,2101
2.69,2120
2.7,2127
2.71,2095
2.72,2056
2.73,2047
2.74,2017
2.75,2019
2.76,2032
2.77,1955
2.78,1923
2.79,1994
2.8,2040
2.81,1976
2.82,1936
2.83,1919
2.84,1938
2.85,2046
2.86,2036
2.87,2007
2.88,1942
2.89,2030
2.9,2142
2.91,2183
2.92,2148
2.93,2058
2.94,2126
2.95,2181
2.96,2222
2.97,2212
2.98,2187
2.99,2239
3.0,2280
3.01,2327
3.02,2301
3.03,2261
3.04,2232
3.05,2289
3.06,2385
3.07,2377
3.08,2369
3.09,2382
3.1,2350
3.11,2405
3.12,2361
3.13,2383
3.14,2339
3.15,2324
3.16,2491
3.17,2440
3.18,2414
3.19,2389
3.2,2444
3.21,2483
3.22,2480
3.23,2464
3.24,2421
3.25,2420
3.26,2558
3.27,2616
3.28,2560
3.29,2533
3.3,2596
3.31,2720
3.32,2737
3.33,2724
3.34,2696
3.35,2700
3.36,2880
3.37,2951
3.38,2960
3.39,2927
3.4,2951
3.41,3063
3.42,3127
3.43,3133
3.44,3093
3.45,3061
3.46,3224
3.47,3270
3.48,3268
3.49,3245
3.5,3249
3.51,3281
3.52,3372
3.53,3356
3.54,3326
3.55,3296
3.56,3459
3.57,3648
3.58,3664
3.59,3584
3.6,3598
3.61,3623
3.62,3699
3.63,3677
3.64,3637
3.65,3588
3.66,3601
3.67,3768
3.68,3655
3.69,3628
3.7,3617
3.71,3649
3.72,3700
3.73,3696
3.74,3664
3.75,3610
3.76,3578
3.77,3659
3.78,3741
3.79,3737
3.8,3714
3.81,3689
3.82,3682
3.83,3732
3.84,3697
3.85,3658
3.86,3626
3.87,3660
3.88,3792
3.89,3777
3.9,3779
3.91,3707
3.92,3702
3.93,3745
3.94,3776
3.95,3687
3.96,3664
3.97,3655
3.98,3757
3.99,3840
4.0,3760
4.01,3688
4.02,3698
4.03,3752
4.04,3773
4.05,3744
4.06,3687
4.07,3646
4.08,3725
4.09,3772
4.1,3780
4.11,3792
4.12,3715
4.13,3743
4.14,3796
4.15,3752
4.16,3721
4.17,3760
4.18,3841
4.19,3888
4.2,3831
4.21,3839
4.22,3801
4.23,3864
4.24,3837
4.25,3796
4.26,3768
4.27,3728
4.28,3888
4.29,3920
4.3,3806
4.31,3796
4.32,3776
4.33,3818
4.34,3839
4.35,3795
4.36,3744
4.37,3776
4.38,3887
4.39,3943
4.4,3868
4.41,3904
4.42,3838
4.43,3930
4.44,3927
4.45,3840
4.46,3920
4.47,3904
4.48,3968
4.49,3921
4.5,3896
4.51,3853
4.52,3856
4.53,3912
4.54,3916
4.55,3867
4.56,3820
4.57,3912
4.58,3930
4.59,3934
4.6,3932
4.61,3886
4.62,3935
4.63,3930
4.64,3931
4.65,3931
4.66,3880
4.67,3853
4.68,3928
4.69,3928
4.7,3968
4.71,3926
4.72,3937
4.73,3872
4.74,3929
4.75,3922
4.76,3884
4.77,3864
4.78,3872
4.79,3931
4.8,3920
4.81,3926
4.82,3944
4.83,3930
4.84,3931
4.85,3999
4.86,4003
4.87,3900
4.88,3935
4.89,3967
4.9,3929
4.91,3935
4.92,3926
4.93,4019
4.94,3935
4.95,3888
4.96,3904
4.97,3860
4.98,3929
4.99,3929
5.0,3930
5.01,3892
5.02,3993
5.03,3904
5.04,3856
5.05,3967
5.06,3848
5.07,3807
5.08,3854
5.09,3921
5.1,3892
5.11,3875
5.12,3952
5.13,3827
5.14,3884
5.15,3841
5.16,3779
5.17,3729
5.18,3744
5.19,3848
5.2,3864
5.21,3856
5.22,3840
5.23,3784
5.24,3826
5.25,3783
5.26,3760
5.27,3682
5.28,3764
5.29,3856
5.3,3936
5.31,3864
5.32,3780
5.33,3839
5.34,3894
5.35,3855
5.36,3840
5.37,3776
5.38,3811
5.39,3861
5.4,3831
5.41,3808
5.42,3809
5.43,3779
5.44,3802
5.45,3792
5.46,3711
5.47,3659
5.48,3838
5.49,3795
5.5,3839
5.51,3815
5.52,3724
5.53,3776
5.54,3778
5.55,3752
5.56,3688
5.57,3622
5.58,3708
5.59,3800
5.6,3758
5.61,3804
5.62,3788
5.63,3719
5.64,3766
5.65,3743
5.66,3759
5.67,3626
5.68,3732
5.69,3751
5.7,3756
5.71,3663
5.72,3712
5.73,3714
5.74,3801
5.75,3772
5.76,3712
5.77,3661
5.78,3702
5.79,3790
5.8,3777
5.81,3839
5.82,3685
5.83,3690
5.84,3747
5.85,3723
5.86,3686
5.87,3710
5.88,3597
5.89,3691
5.9,3713
5.91,3781
5.92,3634
5.93,3634
5.94,3665
5.95,3644
5.96,3599
5.97,3543
5.98,3496
5.99,3649
6.0,3644
6.01,3649
6.02,3570
6.03,3603
6.04,3635
6.05,3658
6.06,3616
6.07,3551
6.08,3553
6.09,3626
6.1,3620
6.11,3592
6.12,3534
6.13,3571
6.14,3584
6.15,3605
6.16,3564
6.17,3506
6.18,3458
6.19,3546
6.2,3657
6.21,3640
6.22,3596
6.23,3616
6.24,3588
6.25,3611
6.26,3566
6.27,3506
6.28,3452
6.29,3457
6.3,3534
6.31,3540
6.32,3508
6.33,3454
6.34,3541
6.35,3552
6.36,3467
6.37,3432
6.38,3372
6.39,3346
6.4,3441
6.41,3506
6.42,3468
6.43,3420
6.44,3410
6.45,3424
6.46,3502
6.47,3466
6.48,3410
6.49,3351
6.5,3342
6.51,3443
6.52,3420
6.53,3384
6.54,3338
6.55,3338
6.56,3332
6.57,3376
6.58,3340
6.59,3296
6.6,3264
6.61,3267
6.62,3256
6.63,3216
6.64,3175
6.65,3152
6.66,3145
6.67,3168
6.68,3094
6.69,3044
6.7,2992
6.71,3008
6.72,3055
6.73,2979
6.74,2940
6.75,2896
6.76,2915
6.77,2956
6.78,2960
6.79,2892
6.8,2839
6.81,2816
6.82,2892
6.83,2904
6.84,2872
6.85,2826
6.86,2853
6.87,2879
6.88,2910
6.89,2880
6.9,2828
6.91,2786
6.92,2825
6.93,2959
6.94,2961
6.95,2993
6.96,2875
6.97,2909
6.98,2999
6.99,2995
7.0,2965
7.01,2889
7.02,2944
7.03,3052
7.04,3003
7.05,2959
7.06,2942
7.07,2994
7.08,3056
7.09,3024
7.1,2984
7.11,2935
7.12,2968
7.13,3040
7.14,3018
7.15,2973
7.16,2926
7.17,2982
7.18,3031
7.19,3016
7.2,2988
7.21,2891
7.22,2889
7.23,3023
7.24,3018
7.25,2993
7.26,2918
7.27,3072
7.28,3048
7.29,3046
7.3,2960
7.31,2924
7.32,2874
7.33,3016
7.34,3023
7.35,2966
7.36,2908
7.37,2951
7.38,3008
7.39,3035
7.4,2891
7.41,2847
7.42,2848
7.43,2935
7.44,2932
7.45,2942
7.46,2817
7.47,2860
7.48,2885
7.49,2924
7.5,2879
7.51,2813
7.52,2783
7.53,2862
7.54,2892
7.55,2863
7.56,2829
7.57,2781
7.58,2836
7.59,2833
7.6,2823
7.61,2785
7.62,2732
7.63,2708
7.64,2748
7.65,2714
7.66,2662
7.67,2607
7.68,2600
7.69,2632
7.7,2666
7.71,2628
7.72,2672
7.73,2563
7.74,2591
7.75,2589
7.76,2550
7.77,2436
7.78,2399
7.79,2453
7.8,2450
7.81,2435
7.82,2403
7.83,2366
7.84,2340
7.85,2326
7.86,2322
7.87,2280
7.88,2240
7.89,2205
7.9,2256
7.91,2256
7.92,2244
7.93,2204
7.94,2178
7.95,2157
7.96,2153
7.97,2192
7.98,2114
7.99,2103
8.0,2071
8.01,2160
8.02,2115
8.03,2080
8.04,2073
8.05,2120
8.06,2040
8.07,2079
8.08,2006
8.09,1976
8.1,1953
8.11,2030
8.12,2010
8.13,1986
8.14,1988
8.15,2016
8.16,1948
8.17,1972
8.18,1946
8.19,1912
8.2,1890
8.21,1976
8.22,2006
8.23,2012
8.24,1969
8.25,1983
8.26,1988
8.27,2106
8.28,2099
8.29,2064
8.3,2037
8.31,2133
8.32,2189
8.33,2181
8.34,2157
8.35,2142
8.36,2138
8.37,2239
8.38,2264
8.39,2184
8.4,2192
8.41,2242
8.42,2242
8.43,2227
8.44,2210
8.45,2186
8.46,2204
8.47,2295
8.48,2268
8.49,2208
8.5,2174
8.51,2241
8.52,2269
8.53,2344
8.54,2315
8.55,2246
8.56,2246
8.57,2259
8.58,2327
8.59,2299
8.6,2266
8.61,2238
8.62,2314
8.63,2321
8.64,2335
8.65,2303
8.66,2292
8.67,2282
8.68,2295
8.69,2312
8.7,2272
8.71,2239
8.72,2216
8.73,2321
8.74,2324
8.75,2319
8.76,2296
8.77,2290
8.78,2278
8.79,2268
8.8,2247
8.81,2222
8.82,2201
8.83,2185
8.84,2255
8.85,2255
8.86,2224
8.87,2203
8.88,2192
8.89,2174
8.9,2159
8.91,2186
8.92,2127
8.93,2103
8.94,2192
8.95,2165
8.96,2151
8.97,2151
8.98,2117
8.99,2123
9.0,2125
9.01,2102
9.02,2071
9.03,2060
9.04,2144
9.05,2192
9.06,2155
9.07,2140
9.08,2115
9.09,2156
9.1,2144
9.11,2240
9.12,2199
9.13,2175
9.14,2151
9.15,2252
9.16,2304
9.17,2257
9.18,2228
9.19,2235
9.2,2211
9.21,2283
9.22,2366
9.23,2304
9.24,2303
9.25,2317
9.26,2366
9.27,2373
9.28,2347
9.29,2329
9.3,2316
9.31,2313
9.32,2367
9.33,2351
9.34,2360
9.35,2320
9.36,2388
9.37,2455
9.38,2448
9.39,2464
9.4,2412
9.41,2378
9.42,2431
9.43,2387
9.44,2353
9.45,2328
9.46,2375
9.47,2431
9.48,2385
9.49,2363
9.5,2350
9.51,2351
9.52,2332
9.53,2354
9.54,2328
9.55,2308
9.56,2256
9.57,2316
9.58,2368
9.59,2362
9.6,2353
9.61,2344
9.62,2345
9.63,2391
9.64,2424
9.65,2399
9.66,2400
9.67,2383
9.68,2430
9.69,2516
9.7,2486
9.71,2457
9.72,2450
9.73,2500
9.74,2624
9.75,2592
9.76,2532
9.77,2534
9.78,2604
9.79,2611
9.8,2579
9.81,2564
9.82,2553
9.83,2550
9.84,2681
9.85,2623
9.86,2576
9.87,2531
9.88,2616
9.89,2617
9.9,2636
9.91,2607
9.92,2592
9.93,2624
9.94,2680
9.95,2658
9.96,2672
9.97,2606
9.98,2624
9.99,2672
