0.0,759
0.001,743
0.002,741
0.003,735
0.004,738
0.005,745
0.006,740
0.007,775
0.008,786
0.009,773
0.01,759
0.011,744
0.012,746
0.013,741
0.014,742
0.015,743
0.016,734
0.017,768
0.018,759
0.019,739
0.02,725
0.021,721
0.022,721
0.023,714
0.024,753
0.025,741
0.026,716
0.027,707
0.028,706
0.029,706
0.03,713
0.031,742
0.032,724
0.033,702
0.034,697
0.035,699
0.036,699
0.037,725
0.038,738
0.039,717
0.04,696
0.041,700
0.042,691
0.043,679
0.044,707
0.045,731
0.046,718
0.047,690
0.048,683
0.049,684
0.05,672
0.051,701
0.052,705
0.053,685
0.054,683
0.055,681
0.056,682
0.057,681
0.058,719
0.059,713
0.06,692
0.061,685
0.062,696
0.063,697
0.064,686
0.065,726
0.066,720
0.067,703
0.068,695
0.069,706
0.07,707
0.071,705
0.072,729
0.073,719
0.074,690
0.075,692
0.076,698
0.077,691
0.078,707
0.079,723
0.08,701
0.081,680
0.082,685
0.083,694
0.084,704
0.085,720
0.086,719
0.087,696
0.088,695
0.089,677
0.09,707
0.091,728
0.092,708
0.093,688
0.094,696
0.095,719
0.096,700
0.097,730
0.098,731
0.099,712
0.1,699
0.101,729
0.102,722
0.103,716
0.104,751
0.105,768
0.106,733
0.107,720
0.108,745
0.109,734
0.11,729
0.111,800
0.112,804
0.113,792
0.114,789
0.115,803
0.116,794
0.117,796
0.118,836
0.119,805
0.12,800
0.121,812
0.122,800
0.123,787
0.124,848
0.125,832
0.126,812
0.127,810
0.128,816
0.129,797
0.13,808
0.131,829
0.132,806
0.133,782
0.134,793
0.135,795
0.136,788
0.137,816
0.138,839
0.139,825
0.14,820
0.141,823
0.142,820
0.143,821
0.144,874
0.145,884
0.146,859
0.147,840
0.148,852
0.149,851
0.15,847
0.151,888
0.152,869
0.153,852
0.154,856
0.155,825
0.156,838
0.157,889
0.158,857
0.159,832
0.16,841
0.161,840
0.162,822
0.163,846
0.164,843
0.165,826
0.166,818
0.167,831
0.168,834
0.169,824
0.17,860
0.171,843
0.172,822
0.173,828
0.174,837
0.175,856
0.176,874
0.177,891
0.178,865
0.179,837
0.18,856
0.181,846
0.182,842
0.183,905
0.184,886
0.185,864
0.186,871
0.187,850
0.188,831
0.189,852
0.19,855
0.191,828
0.192,810
0.193,824
0.194,841
0.195,834
0.196,877
0.197,858
0.198,851
0.199,861
0.2,864
0.201,869
0.202,900
0.203,907
0.204,887
0.205,862
0.206,873
0.207,867
0.208,859
0.209,928
0.21,919
0.211,888
0.212,884
0.213,893
0.214,887
0.215,921
0.216,943
0.217,913
0.218,893
0.219,895
0.22,903
0.221,875
0.222,905
0.223,888
0.224,868
0.225,872
0.226,882
0.227,882
0.228,906
0.229,907
0.23,896
0.231,866
0.232,876
0.233,872
0.234,873
0.235,945
0.236,920
0.237,884
0.238,874
0.239,889
0.24,884
0.241,893
0.242,915
0.243,877
0.244,865
0.245,892
0.246,882
0.247,872
0.248,923
0.249,907
0.25,888
0.251,882
0.252,881
0.253,876
0.254,893
0.255,900
0.256,875
0.257,880
0.258,895
0.259,899
0.26,887
0.261,918
0.262,923
0.263,905
0.264,918
0.265,941
0.266,917
0.267,924
0.268,923
0.269,900
0.27,897
0.271,922
0.272,907
0.273,915
0.274,945
0.275,921
0.276,903
0.277,897
0.278,887
0.279,902
0.28,926
0.281,971
0.282,931
0.283,920
0.284,934
0.285,915
0.286,911
0.287,940
0.288,920
0.289,896
0.29,892
0.291,898
0.292,890
0.293,931
0.294,927
0.295,907
0.296,892
0.297,901
0.298,883
0.299,845
0.3,881
0.301,880
0.302,900
0.303,933
0.304,952
0.305,961
0.306,1009
0.307,1017
0.308,1011
0.309,1034
0.31,1048
0.311,1052
0.312,1059
0.313,1127
0.314,1151
0.315,1152
0.316,1164
0.317,1150
0.318,1155
0.319,1160
0.32,1166
0.321,1202
0.322,1174
0.323,1179
0.324,1156
0.325,1126
0.326,1124
0.327,1129
0.328,1117
0.329,1166
0.33,1240
0.331,1224
0.332,1215
0.333,1256
0.334,1244
0.335,1223
0.336,1272
0.337,1246
0.338,1223
0.339,1227
0.34,1264
0.341,1339
0.342,1339
0.343,1378
0.344,1370
0.345,1334
0.346,1371
0.347,1386
0.348,1441
0.349,1444
0.35,1423
0.351,1460
0.352,1494
0.353,1547
0.354,1567
0.355,1576
0.356,1594
0.357,1617
0.358,1624
0.359,1636
0.36,1644
0.361,1656
0.362,1730
0.363,1706
0.364,1702
0.365,1711
0.366,1776
0.367,1760
0.368,1744
0.369,1741
0.37,1761
0.371,1769
0.372,1759
0.373,1803
0.374,1879
0.375,1896
0.376,1876
0.377,1888
0.378,1872
0.379,1860
0.38,1855
0.381,1870
0.382,1904
0.383,1924
0.384,1908
0.385,1892
0.386,1963
0.387,2048
0.388,2010
0.389,1946
0.39,1999
0.391,2049
0.392,2039
0.393,2062
0.394,2047
0.395,2017
0.396,2039
0.397,2018
0.398,2040
0.399,2120
0.4,2089
0.401,2088
0.402,2043
0.403,2055
0.404,2068
0.405,2096
0.406,2111
0.407,2088
0.408,2102
0.409,2163
0.41,2137
0.411,2105
0.412,2203
0.413,2179
0.414,2172
0.415,2130
0.416,2117
0.417,2153
0.418,2141
0.419,2159
0.42,2119
0.421,2084
0.422,2060
0.423,2074
0.424,2082
0.425,2113
0.426,2088
0.427,2112
0.428,2064
0.429,2100
0.43,2179
0.431,2154
0.432,2118
0.433,2075
0.434,2102
0.435,2074
0.436,2052
0.437,2058
0.438,2131
0.439,2094
0.44,2111
0.441,2055
0.442,1998
0.443,2003
0.444,2020
0.445,2027
0.446,2045
0.447,2010
0.448,1957
0.449,2006
0.45,2027
0.451,2040
0.452,2049
0.453,2013
0.454,2014
0.455,2091
0.456,2052
0.457,2053
0.458,2016
0.459,1984
0.46,1968
0.461,1962
0.462,1976
0.463,1953
0.464,1967
0.465,1968
0.466,1963
0.467,2007
0.468,1978
0.469,1956
0.47,1928
0.471,1872
0.472,1906
0.473,1928
0.474,1918
0.475,1949
0.476,1951
0.477,1948
0.478,1906
0.479,1886
0.48,1874
0.481,1884
0.482,1892
0.483,1952
0.484,1880
0.485,1835
0.486,1833
0.487,1790
0.488,1810
0.489,1774
0.49,1760
0.491,1732
0.492,1749
0.493,1728
0.494,1674
0.495,1636
0.496,1640
0.497,1630
0.498,1626
0.499,1627
0.5,1599
0.501,1573
0.502,1571
0.503,1569
0.504,1556
0.505,1564
0.506,1552
0.507,1515
0.508,1502
0.509,1503
0.51,1504
0.511,1500
0.512,1511
0.513,1468
0.514,1440
0.515,1442
0.516,1437
0.517,1424
0.518,1428
0.519,1415
0.52,1387
0.521,1396
0.522,1400
0.523,1414
0.524,1405
0.525,1419
0.526,1392
0.527,1349
0.528,1379
0.529,1374
0.53,1363
0.531,1353
0.532,1375
0.533,1358
0.534,1323
0.535,1345
0.536,1339
0.537,1340
0.538,1348
0.539,1317
0.54,1286
0.541,1295
0.542,1289
0.543,1284
0.544,1261
0.545,1286
0.546,1250
0.547,1221
0.548,1240
0.549,1225
0.55,1220
0.551,1205
0.552,1186
0.553,1166
0.554,1158
0.555,1165
0.556,1121
0.557,1105
0.558,1105
0.559,1076
0.56,1088
0.561,1101
0.562,1069
0.563,1049
0.564,1064
0.565,1053
0.566,1027
0.567,1071
0.568,1078
0.569,1038
0.57,1032
0.571,1023
0.572,1005
0.573,1024
0.574,1028
0.575,993
0.576,970
0.577,974
0.578,984
0.579,962
0.58,999
0.581,984
0.582,956
0.583,947
0.584,956
0.585,958
0.586,984
0.587,1000
0.588,974
0.589,954
0.59,946
0.591,953
0.592,956
0.593,1005
0.594,1012
0.595,994
0.596,973
0.597,967
0.598,972
0.599,986
0.6,1028
0.601,1008
0.602,984
0.603,978
0.604,995
0.605,995
0.606,1046
0.607,1052
0.608,1030
0.609,1019
0.61,1021
0.611,1027
0.612,1055
0.613,1058
0.614,1042
0.615,1035
0.616,1024
0.617,1047
0.618,1060
0.619,1090
0.62,1074
0.621,1070
0.622,1058
0.623,1081
0.624,1092
0.625,1142
0.626,1192
0.627,1162
0.628,1165
0.629,1167
0.63,1203
0.631,1201
0.632,1295
0.633,1294
0.634,1283
0.635,1295
0.636,1281
0.637,1301
0.638,1320
0.639,1341
0.64,1328
0.641,1296
0.642,1301
0.643,1314
0.644,1320
0.645,1387
0.646,1367
0.647,1352
0.648,1350
0.649,1382
0.65,1408
0.651,1444
0.652,1431
0.653,1424
0.654,1418
0.655,1399
0.656,1399
0.657,1409
0.658,1516
0.659,1516
0.66,1473
0.661,1462
0.662,1463
0.663,1467
0.664,1500
0.665,1474
0.666,1452
0.667,1452
0.668,1447
0.669,1468
0.67,1474
0.671,1502
0.672,1488
0.673,1460
0.674,1444
0.675,1460
0.676,1475
0.677,1507
0.678,1516
0.679,1490
0.68,1476
0.681,1469
0.682,1490
0.683,1502
0.684,1580
0.685,1564
0.686,1551
0.687,1535
0.688,1520
0.689,1531
0.69,1581
0.691,1579
0.692,1554
0.693,1553
0.694,1551
0.695,1556
0.696,1564
0.697,1592
0.698,1572
0.699,1559
0.7,1534
0.701,1538
0.702,1551
0.703,1583
0.704,1576
0.705,1548
0.706,1534
0.707,1513
0.708,1525
0.709,1527
0.71,1583
0.711,1572
0.712,1551
0.713,1543
0.714,1554
0.715,1566
0.716,1583
0.717,1604
0.718,1592
0.719,1576
0.72,1550
0.721,1550
0.722,1563
0.723,1597
0.724,1571
0.725,1547
0.726,1556
0.727,1549
0.728,1559
0.729,1596
0.73,1656
0.731,1624
0.732,1612
0.733,1590
0.734,1606
0.735,1616
0.736,1679
0.737,1671
0.738,1645
0.739,1617
0.74,1615
0.741,1648
0.742,1661
0.743,1661
0.744,1647
0.745,1630
0.746,1640
0.747,1643
0.748,1650
0.749,1664
0.75,1641
0.751,1625
0.752,1608
0.753,1632
0.754,1614
0.755,1639
0.756,1659
0.757,1604
0.758,1592
0.759,1575
0.76,1582
0.761,1592
0.762,1646
0.763,1611
0.764,1612
0.765,1597
0.766,1584
0.767,1607
0.768,1627
0.769,1616
0.77,1597
0.771,1593
0.772,1572
0.773,1600
0.774,1615
0.775,1694
0.776,1646
0.777,1627
0.778,1625
0.779,1661
0.78,1671
0.781,1706
0.782,1678
0.783,1656
0.784,1650
0.785,1634
0.786,1664
0.787,1659
0.788,1695
0.789,1672
0.79,1664
0.791,1653
0.792,1655
0.793,1676
0.794,1697
0.795,1749
0.796,1740
0.797,1728
0.798,1727
0.799,1716
0.8,1730
0.801,1791
0.802,1792
0.803,1770
0.804,1749
0.805,1749
0.806,1755
0.807,1766
0.808,1801
0.809,1775
0.81,1763
0.811,1744
0.812,1791
0.813,1746
0.814,1796
0.815,1776
0.816,1776
0.817,1752
0.818,1722
0.819,1782
0.82,1776
0.821,1754
0.822,1756
0.823,1726
0.824,1727
0.825,1722
0.826,1751
0.827,1791
0.828,1784
0.829,1762
0.83,1735
0.831,1727
0.832,1736
0.833,1770
0.834,1816
0.835,1797
0.836,1805
0.837,1756
0.838,1751
0.839,1746
0.84,1756
0.841,1724
0.842,1706
0.843,1684
0.844,1675
0.845,1681
0.846,1716
0.847,1683
0.848,1671
0.849,1640
0.85,1627
0.851,1643
0.852,1641
0.853,1679
0.854,1681
0.855,1631
0.856,1624
0.857,1616
0.858,1650
0.859,1671
0.86,1703
0.861,1676
0.862,1659
0.863,1646
0.864,1642
0.865,1637
0.866,1696
0.867,1692
0.868,1648
0.869,1617
0.87,1622
0.871,1624
0.872,1667
0.873,1656
0.874,1619
0.875,1598
0.876,1591
0.877,1604
0.878,1611
0.879,1625
0.88,1589
0.881,1561
0.882,1547
0.883,1546
0.884,1563
0.885,1604
0.886,1573
0.887,1546
0.888,1526
0.889,1509
0.89,1511
0.891,1513
0.892,1564
0.893,1572
0.894,1535
0.895,1520
0.896,1506
0.897,1507
0.898,1540
0.899,1581
0.9,1543
0.901,1524
0.902,1495
0.903,1496
0.904,1502
0.905,1534
0.906,1513
0.907,1488
0.908,1466
0.909,1510
0.91,1488
0.911,1519
0.912,1482
0.913,1461
0.914,1442
0.915,1419
0.916,1413
0.917,1423
0.918,1448
0.919,1416
0.92,1390
0.921,1367
0.922,1344
0.923,1345
0.924,1360
0.925,1369
0.926,1355
0.927,1328
0.928,1308
0.929,1307
0.93,1307
0.931,1346
0.932,1324
0.933,1302
0.934,1285
0.935,1280
0.936,1277
0.937,1295
0.938,1342
0.939,1316
0.94,1296
0.941,1280
0.942,1321
0.943,1323
0.944,1372
0.945,1331
0.946,1321
0.947,1303
0.948,1294
0.949,1310
0.95,1303
0.951,1344
0.952,1320
0.953,1278
0.954,1259
0.955,1267
0.956,1271
0.957,1309
0.958,1296
0.959,1276
0.96,1246
0.961,1236
0.962,1244
0.963,1257
0.964,1267
0.965,1239
0.966,1212
0.967,1196
0.968,1212
0.969,1210
0.97,1251
0.971,1239
0.972,1211
0.973,1193
0.974,1223
0.975,1226
0.976,1270
0.977,1260
0.978,1232
0.979,1215
0.98,1221
0.981,1230
0.982,1247
0.983,1259
0.984,1236
0.985,1213
0.986,1194
0.987,1194
0.988,1185
0.989,1206
0.99,1200
0.991,1172
0.992,1152
0.993,1138
0.994,1143
0.995,1149
0.996,1180
0.997,1160
0.998,1146
0.999,1120
