0.0,933
0.001,936
0.002,942
0.003,928
0.004,918
0.005,914
0.006,943
0.007,967
0.008,960
0.009,946
0.01,939
0.011,938
0.012,952
0.013,947
0.014,936
0.015,926
0.016,941
0.017,962
0.018,962
0.019,951
0.02,940
0.021,932
0.022,937
0.023,945
0.024,933
0.025,925
0.026,917
0.027,944
0.028,955
0.029,952
0.03,940
0.031,930
0.032,925
0.033,929
0.034,930
0.035,918
0.036,909
0.037,904
0.038,929
0.039,941
0.04,938
0.041,920
0.042,910
0.043,923
0.044,936
0.045,929
0.046,913
0.047,926
0.048,954
0.049,976
0.05,976
0.051,976
0.052,946
0.053,969
0.054,1013
0.055,1006
0.056,1007
0.057,987
0.058,1025
0.059,1057
0.06,1060
0.061,1042
0.062,1034
0.063,1136
0.064,1281
0.065,1271
0.066,1251
0.067,1251
0.068,1280
0.069,1279
0.07,1261
0.071,1264
0.072,1263
0.073,1260
0.074,1287
0.075,1269
0.076,1253
0.077,1279
0.078,1283
0.079,1311
0.08,1299
0.081,1284
0.082,1276
0.083,1276
0.084,1331
0.085,1310
0.086,1300
0.087,1296
0.088,1320
0.089,1349
0.09,1326
0.091,1316
0.092,1312
0.093,1327
0.094,1345
0.095,1360
0.096,1343
0.097,1344
0.098,1376
0.099,1416
0.1,1420
0.101,1376
0.102,1352
0.103,1354
0.104,1363
0.105,1347
0.106,1344
0.107,1316
0.108,1349
0.109,1391
0.11,1384
0.111,1348
0.112,1333
0.113,1426
0.114,1499
0.115,1480
0.116,1457
0.117,1479
0.118,1519
0.119,1528
0.12,1502
0.121,1483
0.122,1470
0.123,1546
0.124,1600
0.125,1591
0.126,1556
0.127,1565
0.128,1608
0.129,1664
0.13,1646
0.131,1567
0.132,1616
0.133,1801
0.134,1797
0.135,1776
0.136,1744
0.137,1788
0.138,1912
0.139,1884
0.14,1850
0.141,1825
0.142,1922
0.143,2047
0.144,1982
0.145,1980
0.146,1952
0.147,2000
0.148,2052
0.149,2014
0.15,1984
0.151,1983
0.152,2049
0.153,2067
0.154,2039
0.155,2000
0.156,2007
0.157,2094
0.158,2142
0.159,2104
0.16,2064
0.161,2034
0.162,2087
0.163,2229
0.164,2195
0.165,2144
0.166,2122
0.167,2132
0.168,2133
0.169,2094
0.17,2060
0.171,2020
0.172,2076
0.173,2210
0.174,2192
0.175,2152
0.176,2114
0.177,2120
0.178,2120
0.179,2107
0.18,2072
0.181,2033
0.182,2002
0.183,2057
0.184,2198
0.185,2170
0.186,2133
0.187,2095
0.188,2096
0.189,2116
0.19,2114
0.191,2077
0.192,2040
0.193,2012
0.194,2050
0.195,2076
0.196,2035
0.197,2001
0.198,1968
0.199,1973
0.2,1984
0.201,1972
0.202,1938
0.203,1905
0.204,1876
0.205,1896
0.206,1877
0.207,1844
0.208,1816
0.209,1823
0.21,1849
0.211,1825
0.212,1797
0.213,1763
0.214,1733
0.215,1734
0.216,1731
0.217,1718
0.218,1694
0.219,1669
0.22,1670
0.221,1668
0.222,1652
0.223,1624
0.224,1596
0.225,1608
0.226,1608
0.227,1600
0.228,1590
0.229,1564
0.23,1611
0.231,1631
0.232,1607
0.233,1568
0.234,1567
0.235,1611
0.236,1601
0.237,1611
0.238,1553
0.239,1540
0.24,1551
0.241,1563
0.242,1556
0.243,1583
0.244,1541
0.245,1552
0.246,1591
0.247,1550
0.248,1551
0.249,1552
0.25,1591
0.251,1615
0.252,1562
0.253,1554
0.254,1616
0.255,1651
0.256,1641
0.257,1630
0.258,1632
0.259,1668
0.26,1694
0.261,1719
0.262,1682
0.263,1675
0.264,1738
0.265,1792
0.266,1788
0.267,1779
0.268,1783
0.269,1810
0.27,1812
0.271,1803
0.272,1801
0.273,1861
0.274,1900
0.275,1907
0.276,1908
0.277,1902
0.278,1937
0.279,2007
0.28,2012
0.281,2010
0.282,2020
0.283,2115
0.284,2184
0.285,2190
0.286,2188
0.287,2176
0.288,2179
0.289,2203
0.29,2213
0.291,2211
0.292,2206
0.293,2272
0.294,2430
0.295,2351
0.296,2331
0.297,2351
0.298,2472
0.299,2470
0.3,2512
0.301,2472
0.302,2551
0.303,2656
0.304,2584
0.305,2585
0.306,2556
0.307,2585
0.308,2624
0.309,2606
0.31,2582
0.311,2677
0.312,2802
0.313,2789
0.314,2762
0.315,2752
0.316,2794
0.317,2883
0.318,2823
0.319,2815
0.32,2784
0.321,2943
0.322,3016
0.323,2991
0.324,3038
0.325,3000
0.326,2938
0.327,2971
0.328,3000
0.329,2944
0.33,2944
0.331,2998
0.332,3056
0.333,3060
0.334,2994
0.335,2955
0.336,2995
0.337,3059
0.338,3047
0.339,3011
0.34,2984
0.341,3062
0.342,3112
0.343,3103
0.344,3030
0.345,3033
0.346,3156
0.347,3164
0.348,3127
0.349,3088
0.35,3137
0.351,3136
0.352,3112
0.353,3080
0.354,3052
0.355,3123
0.356,3080
0.357,3072
0.358,3011
0.359,3008
0.36,3120
0.361,3194
0.362,3155
0.363,3118
0.364,3088
0.365,3117
0.366,3147
0.367,3152
0.368,3074
0.369,3038
0.37,3136
0.371,3296
0.372,3236
0.373,3206
0.374,3176
0.375,3232
0.376,3156
0.377,3134
0.378,3120
0.379,3132
0.38,3127
0.381,3176
0.382,3247
0.383,3192
0.384,3075
0.385,3160
0.386,3201
0.387,3247
0.388,3144
0.389,3144
0.39,3215
0.391,3192
0.392,3157
0.393,3139
0.394,3136
0.395,3220
0.396,3216
0.397,3231
0.398,3191
0.399,3146
0.4,3146
0.401,3129
0.402,3088
0.403,3072
0.404,3064
0.405,3136
0.406,3097
0.407,3070
0.408,3031
0.409,3014
0.41,3120
0.411,3016
0.412,2992
0.413,2970
0.414,2964
0.415,2976
0.416,2942
0.417,2914
0.418,2911
0.419,2884
0.42,2950
0.421,2968
0.422,2869
0.423,2844
0.424,2836
0.425,2876
0.426,2863
0.427,2836
0.428,2910
0.429,2866
0.43,2900
0.431,2871
0.432,2879
0.433,2880
0.434,2854
0.435,3028
0.436,2926
0.437,2899
0.438,2852
0.439,2947
0.44,2944
0.441,2944
0.442,2852
0.443,2820
0.444,2788
0.445,2848
0.446,2864
0.447,2819
0.448,2784
0.449,2809
0.45,2825
0.451,2796
0.452,2767
0.453,2801
0.454,2734
0.455,2799
0.456,2727
0.457,2684
0.458,2647
0.459,2720
0.46,2754
0.461,2732
0.462,2703
0.463,2710
0.464,2708
0.465,2699
0.466,2686
0.467,2632
0.468,2654
0.469,2824
0.47,2811
0.471,2776
0.472,2740
0.473,2724
0.474,2783
0.475,2748
0.476,2656
0.477,2624
0.478,2632
0.479,2675
0.48,2648
0.481,2616
0.482,2608
0.483,2550
0.484,2557
0.485,2536
0.486,2495
0.487,2452
0.488,2424
0.489,2424
0.49,2396
0.491,2363
0.492,2324
0.493,2294
0.494,2298
0.495,2288
0.496,2242
0.497,2201
0.498,2162
0.499,2156
0.5,2148
0.501,2105
0.502,2066
0.503,2064
0.504,2039
0.505,2056
0.506,1993
0.507,2000
0.508,1967
0.509,1952
0.51,1912
0.511,1880
0.512,1868
0.513,1835
0.514,1836
0.515,1848
0.516,1794
0.517,1787
0.518,1736
0.519,1748
0.52,1729
0.521,1699
0.522,1676
0.523,1679
0.524,1685
0.525,1680
0.526,1652
0.527,1634
0.528,1609
0.529,1638
0.53,1691
0.531,1665
0.532,1642
0.533,1637
0.534,1662
0.535,1647
0.536,1632
0.537,1600
0.538,1623
0.539,1626
0.54,1652
0.541,1622
0.542,1616
0.543,1664
0.544,1655
0.545,1747
0.546,1700
0.547,1694
0.548,1678
0.549,1698
0.55,1704
0.551,1679
0.552,1662
0.553,1680
0.554,1696
0.555,1694
0.556,1704
0.557,1646
0.558,1664
0.559,1720
0.56,1782
0.561,1771
0.562,1747
0.563,1778
0.564,1763
0.565,1758
0.566,1761
0.567,1764
0.568,1756
0.569,1775
0.57,1817
0.571,1767
0.572,1771
0.573,1820
0.574,1800
0.575,1768
0.576,1759
0.577,1753
0.578,1765
0.579,1794
0.58,1777
0.581,1764
0.582,1770
0.583,1817
0.584,1807
0.585,1772
0.586,1772
0.587,1768
0.588,1780
0.589,1774
0.59,1789
0.591,1768
0.592,1816
0.593,1855
0.594,1816
0.595,1835
0.596,1834
0.597,1823
0.598,1814
0.599,1790
0.6,1780
0.601,1800
0.602,1806
0.603,1795
0.604,1793
0.605,1784
0.606,1797
0.607,1893
0.608,1878
0.609,1882
0.61,1944
0.611,1920
0.612,1960
0.613,1964
0.614,2003
0.615,1987
0.616,2005
0.617,2136
0.618,2098
0.619,2167
0.62,2189
0.621,2167
0.622,2143
0.623,2140
0.624,2138
0.625,2136
0.626,2135
0.627,2123
0.628,2143
0.629,2118
0.63,2158
0.631,2134
0.632,2123
0.633,2126
0.634,2136
0.635,2176
0.636,2103
0.637,2097
0.638,2096
0.639,2102
0.64,2133
0.641,2119
0.642,2092
0.643,2113
0.644,2107
0.645,2083
0.646,2079
0.647,2061
0.648,2056
0.649,2054
0.65,2087
0.651,2087
0.652,2078
0.653,2061
0.654,2072
0.655,2066
0.656,2060
0.657,2060
0.658,2032
0.659,2029
0.66,2102
0.661,2110
0.662,2119
0.663,2100
0.664,2144
0.665,2144
0.666,2166
0.667,2154
0.668,2195
0.669,2175
0.67,2192
0.671,2143
0.672,2165
0.673,2146
0.674,2146
0.675,2124
0.676,2116
0.677,2098
0.678,2098
0.679,2117
0.68,2146
0.681,2095
0.682,2088
0.683,2087
0.684,2112
0.685,2092
0.686,2103
0.687,2072
0.688,2074
0.689,2102
0.69,2134
0.691,2220
0.692,2177
0.693,2178
0.694,2181
0.695,2152
0.696,2129
0.697,2158
0.698,2123
0.699,2168
0.7,2155
0.701,2134
0.702,2132
0.703,2136
0.704,2101
0.705,2080
0.706,2072
0.707,2055
0.708,2072
0.709,2085
0.71,2072
0.711,2072
0.712,2071
0.713,2075
0.714,2056
0.715,2079
0.716,2060
0.717,2066
0.718,2106
0.719,2098
0.72,2081
0.721,2068
0.722,2067
0.723,2071
0.724,2064
0.725,2045
0.726,2042
0.727,2046
0.728,2068
0.729,2087
0.73,2044
0.731,2040
0.732,2040
0.733,2042
0.734,2047
0.735,2056
0.736,2032
0.737,2031
0.738,2112
0.739,2089
0.74,2089
0.741,2086
0.742,2088
0.743,2113
0.744,2090
0.745,2079
0.746,2068
0.747,2068
0.748,2102
0.749,2132
0.75,2208
0.751,2190
0.752,2160
0.753,2164
0.754,2155
0.755,2136
0.756,2128
0.757,2127
0.758,2159
0.759,2186
0.76,2228
0.761,2213
0.762,2216
0.763,2215
0.764,2224
0.765,2312
0.766,2287
0.767,2282
0.768,2281
0.769,2307
0.77,2271
0.771,2262
0.772,2262
0.773,2265
0.774,2247
0.775,2231
0.776,2204
0.777,2200
0.778,2256
0.779,2232
0.78,2190
0.781,2178
0.782,2177
0.783,2191
0.784,2191
0.785,2144
0.786,2136
0.787,2129
0.788,2159
0.789,2153
0.79,2166
0.791,2159
0.792,2176
0.793,2127
0.794,2104
0.795,2111
0.796,2071
0.797,2120
0.798,2080
0.799,2096
0.8,2088
0.801,2071
0.802,2063
0.803,2066
0.804,2056
0.805,2036
0.806,2016
0.807,2006
0.808,2000
0.809,2033
0.81,2008
0.811,1993
0.812,1996
0.813,1999
0.814,2000
0.815,1969
0.816,1954
0.817,1955
0.818,1960
0.819,1961
0.82,1995
0.821,1962
0.822,1956
0.823,1959
0.824,1968
0.825,1950
0.826,1972
0.827,1921
0.828,1923
0.829,1939
0.83,1978
0.831,1943
0.832,1928
0.833,1926
0.834,1943
0.835,1910
0.836,1888
0.837,1902
0.838,1881
0.839,1900
0.84,1895
0.841,1880
0.842,1903
0.843,1888
0.844,1896
0.845,1889
0.846,1889
0.847,1877
0.848,1872
0.849,1948
0.85,1886
0.851,1882
0.852,1889
0.853,1884
0.854,1903
0.855,1866
0.856,1860
0.857,1910
0.858,1924
0.859,1919
0.86,1912
0.861,1914
0.862,1908
0.863,1919
0.864,1884
0.865,1888
0.866,1916
0.867,1890
0.868,1887
0.869,1919
0.87,1888
0.871,1937
0.872,1925
0.873,1923
0.874,1954
0.875,1944
0.876,1925
0.877,1925
0.878,1920
0.879,1916
0.88,1907
0.881,1900
0.882,1904
0.883,1940
0.884,1932
0.885,1936
0.886,1908
0.887,1898
0.888,1903
0.889,1860
0.89,1858
0.891,1912
0.892,1873
0.893,1860
0.894,1858
0.895,1852
0.896,1878
0.897,1858
0.898,1848
0.899,1854
0.9,1870
0.901,1896
0.902,1852
0.903,1850
0.904,1837
0.905,1846
0.906,1836
0.907,1855
0.908,1852
0.909,1888
0.91,1862
0.911,1852
0.912,1858
0.913,1863
0.914,1932
0.915,1989
0.916,1977
0.917,1966
0.918,1999
0.919,2000
0.92,1981
0.921,1975
0.922,1973
0.923,1986
0.924,2112
0.925,2056
0.926,2043
0.927,2066
0.928,2102
0.929,2137
0.93,2123
0.931,2113
0.932,2091
0.933,2087
0.934,2064
0.935,2048
0.936,2048
0.937,2072
0.938,2083
0.939,2044
0.94,2039
0.941,2025
0.942,2029
0.943,2001
0.944,2031
0.945,2003
0.946,2047
0.947,2031
0.948,2000
0.949,1996
0.95,2000
0.951,1983
0.952,1954
0.953,1937
0.954,1922
0.955,1952
0.956,1952
0.957,1941
0.958,1936
0.959,1952
0.96,1924
0.961,1983
0.962,1967
0.963,1960
0.964,1956
0.965,1983
0.966,1988
0.967,1972
0.968,1960
0.969,1953
0.97,1947
0.971,1946
0.972,1951
0.973,1916
0.974,1940
0.975,1967
0.976,1988
0.977,1987
0.978,1976
0.979,1970
0.98,1974
0.981,1953
0.982,1952
0.983,1951
0.984,1992
0.985,1996
0.986,1977
0.987,1972
0.988,1972
0.989,1980
0.99,2031
0.991,1951
0.992,1959
0.993,1983
0.994,1979
0.995,1967
0.996,1956
0.997,1954
0.998,1938
0.999,1990
