0.0,1023
0.001,1029
0.002,1042
0.003,1066
0.004,1029
0.005,1017
0.006,1009
0.007,1035
0.008,1063
0.009,1064
0.01,1055
0.011,1043
0.012,1034
0.013,1026
0.014,1027
0.015,1039
0.016,1039
0.017,1027
0.018,1022
0.019,1007
0.02,1013
0.021,1028
0.022,1045
0.023,1044
0.024,1058
0.025,1020
0.026,999
0.027,997
0.028,1005
0.029,1001
0.03,989
0.031,978
0.032,987
0.033,1008
0.034,1017
0.035,1003
0.036,992
0.037,982
0.038,988
0.039,1002
0.04,999
0.041,985
0.042,975
0.043,996
0.044,1033
0.045,1030
0.046,1048
0.047,1005
0.048,994
0.049,1026
0.05,1051
0.051,1015
0.052,1002
0.053,1001
0.054,1024
0.055,1071
0.056,1051
0.057,1050
0.058,1040
0.059,1052
0.06,1100
0.061,1101
0.062,1111
0.063,1088
0.064,1114
0.065,1178
0.066,1189
0.067,1175
0.068,1156
0.069,1167
0.07,1230
0.071,1232
0.072,1192
0.073,1176
0.074,1204
0.075,1246
0.076,1256
0.077,1235
0.078,1219
0.079,1217
0.08,1254
0.081,1285
0.082,1272
0.083,1252
0.084,1258
0.085,1277
0.086,1313
0.087,1278
0.088,1261
0.089,1244
0.09,1281
0.091,1270
0.092,1254
0.093,1238
0.094,1243
0.095,1281
0.096,1281
0.097,1261
0.098,1258
0.099,1234
0.1,1269
0.101,1296
0.102,1280
0.103,1257
0.104,1272
0.105,1293
0.106,1338
0.107,1322
0.108,1302
0.109,1290
0.11,1320
0.111,1371
0.112,1356
0.113,1339
0.114,1348
0.115,1377
0.116,1427
0.117,1408
0.118,1389
0.119,1376
0.12,1395
0.121,1477
0.122,1454
0.123,1456
0.124,1427
0.125,1450
0.126,1459
0.127,1439
0.128,1414
0.129,1401
0.13,1472
0.131,1594
0.132,1573
0.133,1550
0.134,1532
0.135,1546
0.136,1574
0.137,1551
0.138,1510
0.139,1491
0.14,1491
0.141,1514
0.142,1493
0.143,1472
0.144,1471
0.145,1491
0.146,1568
0.147,1547
0.148,1520
0.149,1499
0.15,1509
0.151,1579
0.152,1537
0.153,1514
0.154,1509
0.155,1547
0.156,1635
0.157,1620
0.158,1601
0.159,1577
0.16,1590
0.161,1626
0.162,1636
0.163,1601
0.164,1596
0.165,1634
0.166,1704
0.167,1678
0.168,1647
0.169,1635
0.17,1689
0.171,1830
0.172,1818
0.173,1787
0.174,1808
0.175,1808
0.176,1833
0.177,1811
0.178,1791
0.179,1758
0.18,1836
0.181,1975
0.182,1980
0.183,1912
0.184,1902
0.185,1911
0.186,2047
0.187,1963
0.188,1899
0.189,1873
0.19,1934
0.191,2000
0.192,1949
0.193,1916
0.194,1906
0.195,1948
0.196,2060
0.197,2056
0.198,1997
0.199,1966
0.2,2016
0.201,2056
0.202,2028
0.203,1999
0.204,1984
0.205,2020
0.206,2125
0.207,2108
0.208,2075
0.209,2051
0.21,2077
0.211,2096
0.212,2073
0.213,2054
0.214,2033
0.215,2033
0.216,2092
0.217,2103
0.218,2068
0.219,2042
0.22,2064
0.221,2136
0.222,2176
0.223,2104
0.224,2078
0.225,2091
0.226,2116
0.227,2114
0.228,2089
0.229,2098
0.23,2144
0.231,2141
0.232,2141
0.233,2140
0.234,2119
0.235,2192
0.236,2154
0.237,2150
0.238,2143
0.239,2127
0.24,2184
0.241,2268
0.242,2297
0.243,2263
0.244,2253
0.245,2244
0.246,2288
0.247,2313
0.248,2312
0.249,2305
0.25,2380
0.251,2420
0.252,2425
0.253,2433
0.254,2430
0.255,2488
0.256,2536
0.257,2540
0.258,2544
0.259,2527
0.26,2604
0.261,2799
0.262,2752
0.263,2747
0.264,2753
0.265,2772
0.266,2864
0.267,2848
0.268,2840
0.269,2836
0.27,2944
0.271,3104
0.272,3151
0.273,3096
0.274,3071
0.275,3074
0.276,3120
0.277,3168
0.278,3108
0.279,3096
0.28,3196
0.281,3337
0.282,3344
0.283,3328
0.284,3333
0.285,3276
0.286,3360
0.287,3383
0.288,3375
0.289,3356
0.29,3409
0.291,3578
0.292,3566
0.293,3548
0.294,3534
0.295,3542
0.296,3658
0.297,3660
0.298,3639
0.299,3632
0.3,3704
0.301,3760
0.302,3750
0.303,3752
0.304,3716
0.305,3712
0.306,3791
0.307,3789
0.308,3799
0.309,3778
0.31,3790
0.311,3863
0.312,3838
0.313,3903
0.314,3904
0.315,3816
0.316,3912
0.317,3967
0.318,3888
0.319,3920
0.32,3872
0.321,3928
0.322,3904
0.323,3944
0.324,3936
0.325,3928
0.326,3960
0.327,3936
0.328,3936
0.329,3935
0.33,3936
0.331,3928
0.332,3952
0.333,3935
0.334,3872
0.335,3954
0.336,3933
0.337,3935
0.338,3936
0.339,3967
0.34,3931
0.341,3932
0.342,3928
0.343,3883
0.344,3936
0.345,3932
0.346,3938
0.347,3936
0.348,3935
0.349,3928
0.35,3939
0.351,3927
0.352,3928
0.353,3905
0.354,3940
0.355,3936
0.356,3922
0.357,3932
0.358,3934
0.359,3928
0.36,3932
0.361,3935
0.362,3928
0.363,3896
0.364,3935
0.365,3904
0.366,3936
0.367,3936
0.368,3928
0.369,3933
0.37,3936
0.371,3926
0.372,3903
0.373,3932
0.374,3872
0.375,3921
0.376,3932
0.377,3967
0.378,3944
0.379,3935
0.38,3928
0.381,3903
0.382,3873
0.383,3964
0.384,3932
0.385,3934
0.386,3892
0.387,3936
0.388,3983
0.389,3928
0.39,3932
0.391,3928
0.392,3927
0.393,3968
0.394,3931
0.395,3935
0.396,4015
0.397,3936
0.398,3952
0.399,3935
0.4,3928
0.401,3966
0.402,3930
0.403,3932
0.404,3937
0.405,3930
0.406,3935
0.407,3935
0.408,3932
0.409,3928
0.41,3872
0.411,3939
0.412,4011
0.413,3999
0.414,3938
0.415,3967
0.416,3936
0.417,3929
0.418,3928
0.419,3920
0.42,3935
0.421,3904
0.422,3939
0.423,3925
0.424,3856
0.425,3936
0.426,3887
0.427,3892
0.428,3933
0.429,3930
0.43,3936
0.431,3905
0.432,3936
0.433,3928
0.434,3934
0.435,3934
0.436,3934
0.437,3935
0.438,3928
0.439,3935
0.44,3928
0.441,3960
0.442,3929
0.443,3928
0.444,3928
0.445,3928
0.446,3930
0.447,3928
0.448,3932
0.449,3967
0.45,3936
0.451,3966
0.452,3932
0.453,3928
0.454,3872
0.455,3928
0.456,3896
0.457,3840
0.458,3784
0.459,3805
0.46,3886
0.461,3852
0.462,3900
0.463,3750
0.464,3720
0.465,3736
0.466,3680
0.467,3636
0.468,3616
0.469,3687
0.47,3648
0.471,3567
0.472,3583
0.473,3472
0.474,3434
0.475,3439
0.476,3427
0.477,3327
0.478,3271
0.479,3322
0.48,3312
0.481,3273
0.482,3224
0.483,3184
0.484,3154
0.485,3210
0.486,3168
0.487,3182
0.488,3085
0.489,3208
0.49,3150
0.491,3124
0.492,3080
0.493,3048
0.494,3077
0.495,3166
0.496,3124
0.497,3072
0.498,3023
0.499,3036
0.5,3028
0.501,2992
0.502,2953
0.503,2916
0.504,2911
0.505,2936
0.506,2893
0.507,2844
0.508,2800
0.509,2792
0.51,2818
0.511,2792
0.512,2755
0.513,2735
0.514,2696
0.515,2704
0.516,2652
0.517,2612
0.518,2572
0.519,2578
0.52,2657
0.521,2640
0.522,2624
0.523,2572
0.524,2532
0.525,2567
0.526,2543
0.527,2502
0.528,2513
0.529,2466
0.53,2552
0.531,2536
0.532,2492
0.533,2448
0.534,2440
0.535,2512
0.536,2553
0.537,2501
0.538,2511
0.539,2454
0.54,2485
0.541,2457
0.542,2424
0.543,2383
0.544,2410
0.545,2479
0.546,2452
0.547,2404
0.548,2358
0.549,2360
0.55,2376
0.551,2351
0.552,2285
0.553,2252
0.554,2275
0.555,2305
0.556,2272
0.557,2225
0.558,2188
0.559,2239
0.56,2332
0.561,2328
0.562,2276
0.563,2242
0.564,2270
0.565,2264
0.566,2246
0.567,2179
0.568,2144
0.569,2200
0.57,2313
0.571,2272
0.572,2226
0.573,2208
0.574,2240
0.575,2248
0.576,2159
0.577,2123
0.578,2091
0.579,2129
0.58,2161
0.581,2124
0.582,2097
0.583,2078
0.584,2092
0.585,2128
0.586,2101
0.587,2068
0.588,2035
0.589,2022
0.59,2048
0.591,2024
0.592,1998
0.593,1966
0.594,1982
0.595,1992
0.596,1967
0.597,1944
0.598,1929
0.599,1910
0.6,1891
0.601,1887
0.602,1839
0.603,1855
0.604,1889
0.605,1834
0.606,1815
0.607,1797
0.608,1780
0.609,1769
0.61,1744
0.611,1736
0.612,1718
0.613,1707
0.614,1723
0.615,1759
0.616,1743
0.617,1682
0.618,1678
0.619,1665
0.62,1648
0.621,1634
0.622,1621
0.623,1619
0.624,1617
0.625,1654
0.626,1645
0.627,1633
0.628,1632
0.629,1631
0.63,1635
0.631,1611
0.632,1607
0.633,1609
0.634,1613
0.635,1641
0.636,1677
0.637,1645
0.638,1668
0.639,1664
0.64,1695
0.641,1664
0.642,1637
0.643,1639
0.644,1676
0.645,1671
0.646,1698
0.647,1684
0.648,1687
0.649,1698
0.65,1727
0.651,1689
0.652,1677
0.653,1712
0.654,1692
0.655,1733
0.656,1739
0.657,1724
0.658,1726
0.659,1735
0.66,1742
0.661,1737
0.662,1733
0.663,1736
0.664,1720
0.665,1755
0.666,1784
0.667,1780
0.668,1787
0.669,1808
0.67,1807
0.671,1835
0.672,1932
0.673,1952
0.674,1932
0.675,1963
0.676,1983
0.677,1975
0.678,1964
0.679,1972
0.68,1986
0.681,1984
0.682,1986
0.683,2012
0.684,2000
0.685,2032
0.686,2068
0.687,2065
0.688,2053
0.689,2057
0.69,2069
0.691,2123
0.692,2112
0.693,2060
0.694,2096
0.695,2115
0.696,2144
0.697,2132
0.698,2124
0.699,2136
0.7,2152
0.701,2143
0.702,2128
0.703,2116
0.704,2120
0.705,2135
0.706,2213
0.707,2143
0.708,2138
0.709,2144
0.71,2157
0.711,2162
0.712,2235
0.713,2272
0.714,2334
0.715,2279
0.716,2366
0.717,2327
0.718,2288
0.719,2303
0.72,2305
0.721,2307
0.722,2343
0.723,2278
0.724,2288
0.725,2324
0.726,2349
0.727,2327
0.728,2306
0.729,2312
0.73,2324
0.731,2330
0.732,2305
0.733,2283
0.734,2289
0.735,2302
0.736,2351
0.737,2354
0.738,2327
0.739,2327
0.74,2334
0.741,2354
0.742,2324
0.743,2298
0.744,2299
0.745,2320
0.746,2331
0.747,2380
0.748,2356
0.749,2352
0.75,2367
0.751,2377
0.752,2372
0.753,2379
0.754,2344
0.755,2348
0.756,2361
0.757,2410
0.758,2389
0.759,2386
0.76,2424
0.761,2420
0.762,2396
0.763,2391
0.764,2362
0.765,2375
0.766,2408
0.767,2423
0.768,2479
0.769,2423
0.77,2448
0.771,2452
0.772,2444
0.773,2387
0.774,2400
0.775,2407
0.776,2456
0.777,2448
0.778,2432
0.779,2432
0.78,2447
0.781,2436
0.782,2406
0.783,2404
0.784,2420
0.785,2432
0.786,2489
0.787,2488
0.788,2442
0.789,2447
0.79,2463
0.791,2453
0.792,2425
0.793,2404
0.794,2408
0.795,2421
0.796,2474
0.797,2467
0.798,2457
0.799,2464
0.8,2519
0.801,2464
0.802,2481
0.803,2466
0.804,2466
0.805,2510
0.806,2496
0.807,2482
0.808,2465
0.809,2484
0.81,2511
0.811,2489
0.812,2458
0.813,2455
0.814,2444
0.815,2451
0.816,2482
0.817,2482
0.818,2452
0.819,2452
0.82,2520
0.821,2472
0.822,2436
0.823,2400
0.824,2396
0.825,2400
0.826,2424
0.827,2462
0.828,2406
0.829,2402
0.83,2405
0.831,2421
0.832,2391
0.833,2371
0.834,2364
0.835,2368
0.836,2428
0.837,2426
0.838,2406
0.839,2399
0.84,2403
0.841,2409
0.842,2452
0.843,2368
0.844,2364
0.845,2368
0.846,2375
0.847,2444
0.848,2389
0.849,2388
0.85,2389
0.851,2404
0.852,2383
0.853,2399
0.854,2357
0.855,2361
0.856,2431
0.857,2404
0.858,2389
0.859,2380
0.86,2390
0.861,2402
0.862,2392
0.863,2472
0.864,2483
0.865,2457
0.866,2467
0.867,2527
0.868,2474
0.869,2467
0.87,2466
0.871,2511
0.872,2512
0.873,2562
0.874,2541
0.875,2539
0.876,2568
0.877,2584
0.878,2568
0.879,2552
0.88,2577
0.881,2562
0.882,2561
0.883,2548
0.884,2560
0.885,2543
0.886,2608
0.887,2586
0.888,2680
0.889,2612
0.89,2616
0.891,2618
0.892,2650
0.893,2608
0.894,2606
0.895,2598
0.896,2615
0.897,2640
0.898,2687
0.899,2671
0.9,2669
0.901,2674
0.902,2640
0.903,2628
0.904,2606
0.905,2604
0.906,2695
0.907,2650
0.908,2626
0.909,2620
0.91,2656
0.911,2627
0.912,2618
0.913,2686
0.914,2664
0.915,2662
0.916,2666
0.917,2704
0.918,2697
0.919,2687
0.92,2659
0.921,2668
0.922,2652
0.923,2739
0.924,2724
0.925,2728
0.926,2726
0.927,2757
0.928,2740
0.929,2717
0.93,2707
0.931,2703
0.932,2689
0.933,2665
0.934,2642
0.935,2645
0.936,2650
0.937,2704
0.938,2734
0.939,2702
0.94,2704
0.941,2696
0.942,2689
0.943,2677
0.944,2672
0.945,2712
0.946,2648
0.947,2724
0.948,2706
0.949,2686
0.95,2681
0.951,2686
0.952,2680
0.953,2647
0.954,2664
0.955,2616
0.956,2610
0.957,2662
0.958,2632
0.959,2632
0.96,2601
0.961,2632
0.962,2616
0.963,2642
0.964,2644
0.965,2643
0.966,2649
0.967,2685
0.968,2752
0.969,2632
0.97,2631
0.971,2640
0.972,2718
0.973,2704
0.974,2679
0.975,2684
0.976,2688
0.977,2715
0.978,2733
0.979,2715
0.98,2720
0.981,2723
0.982,2704
0.983,2698
0.984,2696
0.985,2686
0.986,2691
0.987,2723
0.988,2764
0.989,2816
0.99,2744
0.991,2740
0.992,2708
0.993,2720
0.994,2719
0.995,2672
0.996,2663
0.997,2751
0.998,2724
0.999,2668
0.0,1037
0.001,1033
0.002,1023
0.003,1013
0.004,987
0.005,1011
0.006,1024
0.007,1008
0.008,992
0.009,992
0.01,1007
0.011,1040
0.012,1040
0.013,1023
0.014,995
0.015,996
0.016,1000
0.017,1002
0.018,988
0.019,979
0.02,976
0.021,1003
0.022,1020
0.023,1013
0.024,1001
0.025,994
0.026,988
0.027,1008
0.028,1005
0.029,991
0.03,980
0.031,992
0.032,1012
0.033,1023
0.034,1010
0.035,1004
0.036,996
0.037,1000
0.038,1013
0.039,1004
0.04,990
0.041,980
0.042,1020
0.043,1052
0.044,1039
0.045,1007
0.046,1024
0.047,1000
0.048,1027
0.049,1027
0.05,1015
0.051,1004
0.052,1021
0.053,1045
0.054,1076
0.055,1065
0.056,1055
0.057,1045
0.058,1077
0.059,1197
0.06,1219
0.061,1215
0.062,1204
0.063,1228
0.064,1231
0.065,1200
0.066,1181
0.067,1170
0.068,1171
0.069,1196
0.07,1208
0.071,1166
0.072,1199
0.073,1237
0.074,1270
0.075,1279
0.076,1247
0.077,1319
0.078,1344
0.079,1329
0.08,1296
0.081,1314
0.082,1326
0.083,1348
0.084,1321
0.085,1304
0.086,1296
0.087,1344
0.088,1356
0.089,1351
0.09,1296
0.091,1313
0.092,1326
0.093,1323
0.094,1308
0.095,1296
0.096,1283
0.097,1279
0.098,1291
0.099,1274
0.1,1260
0.101,1246
0.102,1282
0.103,1289
0.104,1286
0.105,1270
0.106,1261
0.107,1247
0.108,1288
0.109,1344
0.11,1301
0.111,1284
0.112,1296
0.113,1298
0.114,1298
0.115,1303
0.116,1261
0.117,1245
0.118,1280
0.119,1280
0.12,1266
0.121,1243
0.122,1237
0.123,1279
0.124,1309
0.125,1288
0.126,1267
0.127,1283
0.128,1329
0.129,1344
0.13,1332
0.131,1312
0.132,1307
0.133,1368
0.134,1499
0.135,1483
0.136,1468
0.137,1444
0.138,1485
0.139,1563
0.14,1544
0.141,1536
0.142,1500
0.143,1536
0.144,1616
0.145,1588
0.146,1562
0.147,1538
0.148,1532
0.149,1616
0.15,1600
0.151,1573
0.152,1564
0.153,1570
0.154,1625
0.155,1695
0.156,1643
0.157,1614
0.158,1631
0.159,1808
0.16,1883
0.161,1839
0.162,1800
0.163,1776
0.164,1824
0.165,1784
0.166,1761
0.167,1734
0.168,1736
0.169,1768
0.17,1789
0.171,1761
0.172,1729
0.173,1777
0.174,1824
0.175,1840
0.176,1823
0.177,1776
0.178,1756
0.179,1822
0.18,1871
0.181,1873
0.182,1792
0.183,1779
0.184,1820
0.185,1910
0.186,1911
0.187,1846
0.188,1818
0.189,1872
0.19,1849
0.191,1826
0.192,1823
0.193,1791
0.194,1804
0.195,1850
0.196,1840
0.197,1809
0.198,1780
0.199,1776
0.2,1824
0.201,1832
0.202,1834
0.203,1787
0.204,1776
0.205,1816
0.206,1832
0.207,1848
0.208,1804
0.209,1780
0.21,1828
0.211,1920
0.212,1874
0.213,1871
0.214,1832
0.215,1856
0.216,1864
0.217,1832
0.218,1813
0.219,1824
0.22,1852
0.221,1983
0.222,1935
0.223,1919
0.224,1887
0.225,1951
0.226,1953
0.227,1934
0.228,1919
0.229,1908
0.23,1966
0.231,2005
0.232,1988
0.233,1972
0.234,1984
0.235,1960
0.236,1976
0.237,1974
0.238,1954
0.239,1943
0.24,1978
0.241,2036
0.242,2048
0.243,2048
0.244,2046
0.245,2032
0.246,2093
0.247,2122
0.248,2106
0.249,2092
0.25,2063
0.251,2083
0.252,2125
0.253,2118
0.254,2124
0.255,2080
0.256,2079
0.257,2113
0.258,2107
0.259,2097
0.26,2081
0.261,2144
0.262,2144
0.263,2128
0.264,2119
0.265,2120
0.266,2114
0.267,2115
0.268,2122
0.269,2121
0.27,2116
0.271,2112
0.272,2120
0.273,2144
0.274,2160
0.275,2143
0.276,2126
0.277,2115
0.278,2120
0.279,2142
0.28,2148
0.281,2156
0.282,2146
0.283,2159
0.284,2183
0.285,2182
0.286,2183
0.287,2190
0.288,2184
0.289,2184
0.29,2205
0.291,2219
0.292,2226
0.293,2222
0.294,2236
0.295,2246
0.296,2256
0.297,2259
0.298,2259
0.299,2235
0.3,2266
0.301,2280
0.302,2312
0.303,2320
0.304,2323
0.305,2341
0.306,2374
0.307,2379
0.308,2388
0.309,2392
0.31,2370
0.311,2428
0.312,2453
0.313,2456
0.314,2469
0.315,2480
0.316,2644
0.317,2762
0.318,2776
0.319,2753
0.32,2726
0.321,2752
0.322,2760
0.323,2739
0.324,2760
0.325,2769
0.326,2830
0.327,2891
0.328,2898
0.329,2933
0.33,2896
0.331,2862
0.332,2907
0.333,2930
0.334,3000
0.335,2976
0.336,2994
0.337,3074
0.338,3051
0.339,3064
0.34,3056
0.341,3017
0.342,3082
0.343,3105
0.344,3120
0.345,3208
0.346,3125
0.347,3220
0.348,3213
0.349,3199
0.35,3209
0.351,3231
0.352,3298
0.353,3306
0.354,3300
0.355,3300
0.356,3391
0.357,3442
0.358,3488
0.359,3504
0.36,3496
0.361,3458
0.362,3473
0.363,3494
0.364,3494
0.365,3492
0.366,3480
0.367,3616
0.368,3684
0.369,3674
0.37,3651
0.371,3595
0.372,3648
0.373,3680
0.374,3664
0.375,3703
0.376,3712
0.377,3737
0.378,3755
0.379,3750
0.38,3742
0.381,3768
0.382,3778
0.383,3863
0.384,3936
0.385,3863
0.386,3856
0.387,3935
0.388,3939
0.389,3935
0.39,3911
0.391,3904
0.392,3936
0.393,3959
0.394,3939
0.395,3932
0.396,3935
0.397,3938
0.398,3936
0.399,3936
0.4,3936
0.401,3932
0.402,3939
0.403,3928
0.404,3856
0.405,3911
0.406,3904
0.407,3935
0.408,3927
0.409,3936
0.41,3967
0.411,3936
0.412,3932
0.413,3960
0.414,3932
0.415,3928
0.416,3920
0.417,3936
0.418,3922
0.419,3936
0.42,3932
0.421,3941
0.422,3938
0.423,3943
0.424,3887
0.425,3960
0.426,3933
0.427,3935
0.428,3938
0.429,3935
0.43,3924
0.431,3935
0.432,3934
0.433,3938
0.434,3936
0.435,3939
0.436,3928
0.437,3935
0.438,3927
0.439,3938
0.44,3965
0.441,3935
0.442,3943
0.443,3936
0.444,3935
0.445,3966
0.446,3999
0.447,3936
0.448,3904
0.449,3935
0.45,3940
0.451,3884
0.452,3904
0.453,3879
0.454,3920
0.455,3826
0.456,3815
0.457,3856
0.458,3842
0.459,3824
0.46,3802
0.461,3754
0.462,3727
0.463,3789
0.464,3726
0.465,3704
0.466,3680
0.467,3727
0.468,3833
0.469,3802
0.47,3776
0.471,3719
0.472,3719
0.473,3689
0.474,3660
0.475,3620
0.476,3624
0.477,3573
0.478,3621
0.479,3608
0.48,3560
0.481,3514
0.482,3502
0.483,3544
0.484,3564
0.485,3523
0.486,3504
0.487,3440
0.488,3472
0.489,3512
0.49,3379
0.491,3343
0.492,3315
0.493,3410
0.494,3406
0.495,3344
0.496,3324
0.497,3271
0.498,3281
0.499,3261
0.5,3228
0.501,3182
0.502,3144
0.503,3175
0.504,3185
0.505,3103
0.506,3057
0.507,3029
0.508,3176
0.509,3170
0.51,3117
0.511,3080
0.512,3112
0.513,3084
0.514,3026
0.515,2984
0.516,2934
0.517,2901
0.518,3016
0.519,3076
0.52,3068
0.521,2939
0.522,2909
0.523,2875
0.524,2891
0.525,2855
0.526,2848
0.527,2800
0.528,2815
0.529,2862
0.53,2787
0.531,2745
0.532,2710
0.533,2715
0.534,2806
0.535,2848
0.536,2726
0.537,2676
0.538,2692
0.539,2751
0.54,2628
0.541,2582
0.542,2604
0.543,2616
0.544,2612
0.545,2552
0.546,2500
0.547,2460
0.548,2471
0.549,2433
0.55,2388
0.551,2354
0.552,2370
0.553,2360
0.554,2369
0.555,2329
0.556,2297
0.557,2275
0.558,2306
0.559,2402
0.56,2391
0.561,2368
0.562,2330
0.563,2352
0.564,2321
0.565,2282
0.566,2257
0.567,2245
0.568,2302
0.569,2387
0.57,2351
0.571,2368
0.572,2336
0.573,2304
0.574,2368
0.575,2320
0.576,2264
0.577,2236
0.578,2272
0.579,2304
0.58,2303
0.581,2272
0.582,2272
0.583,2243
0.584,2310
0.585,2225
0.586,2202
0.587,2192
0.588,2181
0.589,2187
0.59,2165
0.591,2156
0.592,2147
0.593,2169
0.594,2168
0.595,2159
0.596,2137
0.597,2124
0.598,2117
0.599,2093
0.6,2070
0.601,2051
0.602,2044
0.603,2036
0.604,2063
0.605,2040
0.606,2015
0.607,2005
0.608,1999
0.609,1991
0.61,1962
0.611,1967
0.612,1927
0.613,1928
0.614,1947
0.615,1991
0.616,1924
0.617,1912
0.618,1944
0.619,1903
0.62,1887
0.621,1863
0.622,1855
0.623,1860
0.624,1851
0.625,1882
0.626,1900
0.627,1846
0.628,1839
0.629,1856
0.63,1855
0.631,1810
0.632,1802
0.633,1797
0.634,1797
0.635,1831
0.636,1855
0.637,1818
0.638,1815
0.639,1834
0.64,1828
0.641,1810
0.642,1793
0.643,1802
0.644,1784
0.645,1815
0.646,1860
0.647,1946
0.648,1938
0.649,1935
0.65,1937
0.651,1940
0.652,2055
0.653,2043
0.654,2034
0.655,2040
0.656,2097
0.657,2106
0.658,2118
0.659,2085
0.66,2092
0.661,2084
0.662,2139
0.663,2156
0.664,2155
0.665,2143
0.666,2232
0.667,2173
0.668,2167
0.669,2164
0.67,2159
0.671,2167
0.672,2232
0.673,2199
0.674,2201
0.675,2199
0.676,2231
0.677,2207
0.678,2193
0.679,2187
0.68,2190
0.681,2193
0.682,2189
0.683,2166
0.684,2161
0.685,2161
0.686,2216
0.687,2239
0.688,2256
0.689,2248
0.69,2250
0.691,2251
0.692,2268
0.693,2332
0.694,2279
0.695,2280
0.696,2382
0.697,2335
0.698,2367
0.699,2317
0.7,2320
0.701,2320
0.702,2290
0.703,2288
0.704,2273
0.705,2239
0.706,2264
0.707,2260
0.708,2272
0.709,2233
0.71,2248
0.711,2231
0.712,2210
0.713,2184
0.714,2188
0.715,2183
0.716,2218
0.717,2203
0.718,2183
0.719,2182
0.72,2185
0.721,2188
0.722,2168
0.723,2168
0.724,2131
0.725,2155
0.726,2175
0.727,2168
0.728,2160
0.729,2143
0.73,2138
0.731,2140
0.732,2136
0.733,2140
0.734,2117
0.735,2113
0.736,2118
0.737,2153
0.738,2176
0.739,2234
0.74,2222
0.741,2224
0.742,2240
0.743,2218
0.744,2216
0.745,2224
0.746,2208
0.747,2203
0.748,2236
0.749,2255
0.75,2221
0.751,2212
0.752,2208
0.753,2176
0.754,2156
0.755,2168
0.756,2163
0.757,2228
0.758,2193
0.759,2176
0.76,2203
0.761,2183
0.762,2213
0.763,2223
0.764,2255
0.765,2288
0.766,2303
0.767,2344
0.768,2282
0.769,2267
0.77,2259
0.771,2263
0.772,2276
0.773,2306
0.774,2290
0.775,2289
0.776,2355
0.777,2328
0.778,2308
0.779,2284
0.78,2280
0.781,2280
0.782,2279
0.783,2303
0.784,2293
0.785,2300
0.786,2367
0.787,2368
0.788,2359
0.789,2360
0.79,2362
0.791,2368
0.792,2340
0.793,2319
0.794,2336
0.795,2326
0.796,2366
0.797,2346
0.798,2432
0.799,2343
0.8,2335
0.801,2396
0.802,2380
0.803,2381
0.804,2420
0.805,2447
0.806,2416
0.807,2439
0.808,2431
0.809,2431
0.81,2480
0.811,2511
0.812,2484
0.813,2484
0.814,2520
0.815,2488
0.816,2496
0.817,2476
0.818,2480
0.819,2577
0.82,2592
0.821,2569
0.822,2568
0.823,2606
0.824,2623
0.825,2612
0.826,2666
0.827,2610
0.828,2588
0.829,2573
0.83,2561
0.831,2565
0.832,2607
0.833,2593
0.834,2590
0.835,2652
0.836,2574
0.837,2555
0.838,2554
0.839,2532
0.84,2524
0.841,2519
0.842,2566
0.843,2639
0.844,2560
0.845,2557
0.846,2559
0.847,2508
0.848,2487
0.849,2484
0.85,2503
0.851,2520
0.852,2505
0.853,2539
0.854,2486
0.855,2479
0.856,2549
0.857,2525
0.858,2521
0.859,2542
0.86,2559
0.861,2522
0.862,2519
0.863,2520
0.864,2518
0.865,2560
0.866,2536
0.867,2527
0.868,2544
0.869,2555
0.87,2612
0.871,2541
0.872,2540
0.873,2522
0.874,2496
0.875,2482
0.876,2503
0.877,2522
0.878,2546
0.879,2560
0.88,2560
0.881,2546
0.882,2539
0.883,2575
0.884,2560
0.885,2500
0.886,2517
0.887,2546
0.888,2561
0.889,2559
0.89,2538
0.891,2541
0.892,2505
0.893,2512
0.894,2466
0.895,2486
0.896,2488
0.897,2469
0.898,2478
0.899,2444
0.9,2468
0.901,2440
0.902,2556
0.903,2532
0.904,2520
0.905,2520
0.906,2548
0.907,2518
0.908,2505
0.909,2543
0.91,2508
0.911,2506
0.912,2541
0.913,2576
0.914,2568
0.915,2512
0.916,2532
0.917,2540
0.918,2524
0.919,2521
0.92,2513
0.921,2487
0.922,2510
0.923,2447
0.924,2450
0.925,2528
0.926,2478
0.927,2458
0.928,2444
0.929,2433
0.93,2436
0.931,2410
0.932,2388
0.933,2377
0.934,2370
0.935,2378
0.936,2398
0.937,2368
0.938,2357
0.939,2361
0.94,2348
0.941,2323
0.942,2312
0.943,2281
0.944,2284
0.945,2290
0.946,2322
0.947,2298
0.948,2276
0.949,2274
0.95,2274
0.951,2252
0.952,2223
0.953,2248
0.954,2223
0.955,2230
0.956,2252
0.957,2216
0.958,2232
0.959,2233
0.96,2195
0.961,2166
0.962,2179
0.963,2164
0.964,2172
0.965,2176
0.966,2156
0.967,2148
0.968,2140
0.969,2131
0.97,2125
0.971,2114
0.972,2112
0.973,2106
0.974,2130
0.975,2208
0.976,2131
0.977,2127
0.978,2122
0.979,2103
0.98,2118
0.981,2100
0.982,2096
0.983,2095
0.984,2140
0.985,2138
0.986,2124
0.987,2159
0.988,2117
0.989,2104
0.99,2112
0.991,2089
0.992,2111
0.993,2124
0.994,2136
0.995,2143
0.996,2092
0.997,2095
0.998,2091
0.999,2191
