0.0,1400
0.01,1384
0.02,1387
0.03,1449
0.04,1415
0.05,1415
0.06,1447
0.07,1405
0.08,1442
0.09,1451
0.1,1492
0.11,1442
0.12,1423
0.13,1404
0.14,1393
0.15,1390
0.16,1407
0.17,1393
0.18,1394
0.19,1390
0.2,1389
0.21,1427
0.22,1425
0.23,1415
0.24,1389
0.25,1369
0.26,1348
0.27,1373
0.28,1390
0.29,1391
0.3,1388
0.31,1384
0.32,1426
0.33,1429
0.34,1410
0.35,1387
0.36,1362
0.37,1354
0.38,1377
0.39,1383
0.4,1382
0.41,1378
0.42,1373
0.43,1411
0.44,1419
0.45,1400
0.46,1374
0.47,1356
0.48,1350
0.49,1374
0.5,1375
0.51,1370
0.52,1368
0.53,1372
0.54,1405
0.55,1408
0.56,1383
0.57,1360
0.58,1344
0.59,1355
0.6,1363
0.61,1367
0.62,1367
0.63,1360
0.64,1375
0.65,1396
0.66,1408
0.67,1380
0.68,1356
0.69,1342
0.7,1340
0.71,1361
0.72,1360
0.73,1356
0.74,1351
0.75,1368
0.76,1387
0.77,1408
0.78,1360
0.79,1373
0.8,1352
0.81,1370
0.82,1394
0.83,1355
0.84,1389
0.85,1381
0.86,1400
0.87,1410
0.88,1399
0.89,1377
0.9,1358
0.91,1341
0.92,1360
0.93,1374
0.94,1365
0.95,1361
0.96,1357
0.97,1398
0.98,1394
0.99,1379
1.0,1355
1.01,1336
1.02,1326
1.03,1350
1.04,1363
1.05,1361
1.06,1352
1.07,1344
1.08,1385
1.09,1387
1.1,1370
1.11,1372
1.12,1331
1.13,1344
1.14,1380
1.15,1352
1.16,1329
1.17,1321
1.18,1415
1.19,1381
1.2,1378
1.21,1347
1.22,1376
1.23,1360
1.24,1384
1.25,1378
1.26,1365
1.27,1351
1.28,1443
1.29,1455
1.3,1431
1.31,1411
1.32,1398
1.33,1402
1.34,1439
1.35,1417
1.36,1406
1.37,1396
1.38,1460
1.39,1471
1.4,1433
1.41,1413
1.42,1394
1.43,1392
1.44,1413
1.45,1411
1.46,1407
1.47,1384
1.48,1435
1.49,1439
1.5,1424
1.51,1403
1.52,1388
1.53,1393
1.54,1405
1.55,1416
1.56,1423
1.57,1393
1.58,1418
1.59,1523
1.6,1508
1.61,1485
1.62,1468
1.63,1479
1.64,1511
1.65,1593
1.66,1597
1.67,1589
1.68,1600
1.69,1680
1.7,1688
1.71,1680
1.72,1632
1.73,1642
1.74,1680
1.75,1739
1.76,1736
1.77,1709
1.78,1714
1.79,1810
1.8,1813
1.81,1785
1.82,1755
1.83,1752
1.84,1770
1.85,1824
1.86,1807
1.87,1778
1.88,1757
1.89,1896
1.9,1920
1.91,1857
1.92,1854
1.93,1838
1.94,1863
1.95,1924
1.96,1912
1.97,1889
1.98,1869
1.99,1981
2.0,1976
2.01,1949
2.02,1915
2.03,1891
2.04,1988
2.05,1967
2.06,1993
2.07,1960
2.08,1944
2.09,2015
2.1,2008
2.11,2001
2.12,1952
2.13,2008
2.14,1953
2.15,1958
2.16,1976
2.17,1951
2.18,1922
2.19,2048
2.2,2009
2.21,1999
2.22,1964
2.23,1942
2.24,1954
2.25,1992
2.26,1998
2.27,1965
2.28,1944
2.29,2052
2.3,2087
2.31,2027
2.32,1995
2.33,1972
2.34,2016
2.35,2044
2.36,2007
2.37,1962
2.38,1905
2.39,2010
2.4,2044
2.41,2008
2.42,2006
2.43,1976
2.44,2008
2.45,2003
2.46,2027
2.47,2016
2.48,1968
2.49,2032
2.5,2097
2.51,2077
2.52,2087
2.53,2059
2.54,2088
2.55,2111
2.56,2104
2.57,2072
2.58,2032
2.59,2069
2.6,2071
2.61,2082
2.62,2051
2.63,2064
2.64,2088
2.65,2090
2.66,2083
2.67,2052
2.68,2024
2.69,2071
2.7,2172
2.71,2144
2.72,2123
2.73,2143
2.74,2159
2.75,2180
2.76,2152
2.77,2110
2.78,2106
2.79,2119
2.8,2221
2.81,2205
2.82,2181
2.83,2171
2.84,2226
2.85,2191
2.86,2159
2.87,2119
2.88,2083
2.89,2068
2.9,2174
2.91,2176
2.92,2130
2.93,2160
2.94,2111
2.95,2123
2.96,2116
2.97,2119
2.98,2079
2.99,2046
3.0,2118
3.01,2126
3.02,2105
3.03,2084
3.04,2079
3.05,2082
3.06,2084
3.07,2095
3.08,2072
3.09,2047
3.1,2048
3.11,2127
3.12,2150
3.13,2144
3.14,2108
3.15,2136
3.16,2143
3.17,2140
3.18,2108
3.19,2083
3.2,2078
3.21,2197
3.22,2196
3.23,2240
3.24,2161
3.25,2168
3.26,2208
3.27,2159
3.28,2121
3.29,2093
3.3,2088
3.31,2190
3.32,2212
3.33,2219
3.34,2184
3.35,2152
3.36,2163
3.37,2148
3.38,2110
3.39,2074
3.4,2041
3.41,2159
3.42,2116
3.43,2089
3.44,2058
3.45,2058
3.46,2043
3.47,2046
3.48,2035
3.49,1998
3.5,1983
3.51,2030
3.52,2063
3.53,2036
3.54,2020
3.55,2008
3.56,2048
3.57,2037
3.58,2072
3.59,2084
3.6,2003
3.61,2011
3.62,2023
3.63,1996
3.64,1974
3.65,1982
3.66,1984
3.67,2001
3.68,2019
3.69,1985
3.7,1945
3.71,1986
3.72,2064
3.73,2080
3.74,2047
3.75,2014
3.76,2031
3.77,2080
3.78,2018
3.79,1992
3.8,1973
3.81,1963
3.82,2076
3.83,2039
3.84,2025
3.85,2014
3.86,2064
3.87,2007
3.88,2000
3.89,1966
3.9,1936
3.91,1950
3.92,2060
3.93,2041
3.94,2021
3.95,2015
3.96,2003
3.97,2000
3.98,2043
3.99,2021
4.0,1970
4.01,2052
4.02,2044
4.03,2006
4.04,1992
4.05,1988
4.06,2007
4.07,2120
4.08,2035
4.09,1999
4.1,2048
4.11,2024
4.12,1990
4.13,1968
4.14,1974
4.15,2021
4.16,2004
4.17,1969
4.18,1931
4.19,2039
4.2,2036
4.21,2012
4.22,2005
4.23,2015
4.24,2026
4.25,2035
4.26,2016
4.27,1954
4.28,2035
4.29,2040
4.3,2020
4.31,1993
4.32,2031
4.33,2008
4.34,1977
4.35,1950
4.36,1920
4.37,2020
4.38,2032
4.39,1981
4.4,1944
4.41,1960
4.42,2008
4.43,1983
4.44,1926
4.45,1895
4.46,1969
4.47,1973
4.48,1919
4.49,1903
4.5,1908
4.51,1931
4.52,1960
4.53,1968
4.54,1919
4.55,1890
4.56,1942
4.57,1944
4.58,1906
4.59,1888
4.6,1904
4.61,1936
4.62,1964
4.63,1966
4.64,1911
4.65,1879
4.66,1977
4.67,1974
4.68,1960
4.69,1940
4.7,1918
4.71,1932
4.72,1949
4.73,1928
4.74,1899
4.75,1893
4.76,1939
4.77,1951
4.78,1962
4.79,1930
4.8,1904
4.81,1919
4.82,1939
4.83,1896
4.84,1871
4.85,1847
4.86,1856
4.87,1922
4.88,1962
4.89,1892
4.9,1903
4.91,1835
4.92,1832
4.93,1878
4.94,1921
4.95,1903
4.96,1895
4.97,1941
4.98,1936
4.99,1937
5.0,1904
5.01,1872
5.02,1872
5.03,1902
5.04,1971
5.05,1960
5.06,1944
5.07,1923
5.08,1948
5.09,1945
5.1,1938
5.11,1932
5.12,1928
5.13,1960
5.14,1968
5.15,1944
5.16,1935
5.17,1907
5.18,1983
5.19,2020
5.2,1947
5.21,1938
5.22,1951
5.23,1935
5.24,1928
5.25,1922
5.26,1899
5.27,1868
5.28,1845
5.29,1920
5.3,1888
5.31,1853
5.32,1816
5.33,1792
5.34,1765
5.35,1759
5.36,1761
5.37,1762
5.38,1733
5.39,1721
5.4,1816
5.41,1764
5.42,1741
5.43,1712
5.44,1711
5.45,1676
5.46,1704
5.47,1676
5.48,1669
5.49,1699
5.5,1672
5.51,1691
5.52,1703
5.53,1701
5.54,1684
5.55,1667
5.56,1657
5.57,1681
5.58,1686
5.59,1681
5.6,1663
5.61,1680
5.62,1675
5.63,1686
5.64,1685
5.65,1670
5.66,1645
5.67,1664
5.68,1727
5.69,1679
5.7,1696
5.71,1736
5.72,1728
5.73,1758
5.74,1766
5.75,1741
5.76,1720
5.77,1735
5.78,1732
5.79,1746
5.8,1772
5.81,1750
5.82,1763
5.83,1779
5.84,1765
5.85,1744
5.86,1725
5.87,1736
5.88,1725
5.89,1751
5.9,1762
5.91,1768
5.92,1784
5.93,1813
5.94,1804
5.95,1786
5.96,1792
5.97,1775
5.98,1760
5.99,1768
6.0,1771
6.01,1791
6.02,1773
6.03,1825
6.04,1846
6.05,1829
6.06,1851
6.07,1808
6.08,1797
6.09,1804
6.1,1870
6.11,1888
6.12,1823
6.13,1872
6.14,1852
6.15,1851
6.16,1849
6.17,1812
6.18,1808
6.19,1837
6.2,1872
6.21,1871
6.22,1878
6.23,1871
6.24,1939
6.25,1958
6.26,1965
6.27,1976
6.28,1948
6.29,1935
6.3,2048
6.31,2012
6.32,1991
6.33,1965
6.34,2018
6.35,2044
6.36,2111
6.37,2080
6.38,2039
6.39,2021
6.4,2112
6.41,2061
6.42,2043
6.43,2039
6.44,2143
6.45,2144
6.46,2111
6.47,2065
6.48,2055
6.49,2035
6.5,2082
6.51,2137
6.52,2191
6.53,2126
6.54,2151
6.55,2176
6.56,2178
6.57,2156
6.58,2105
6.59,2087
6.6,2094
6.61,2192
6.62,2184
6.63,2178
6.64,2180
6.65,2191
6.66,2199
6.67,2184
6.68,2161
6.69,2155
6.7,2174
6.71,2248
6.72,2209
6.73,2187
6.74,2177
6.75,2239
6.76,2203
6.77,2196
6.78,2176
6.79,2150
6.8,2136
6.81,2236
6.82,2255
6.83,2189
6.84,2178
6.85,2234
6.86,2233
6.87,2254
6.88,2220
6.89,2180
6.9,2181
6.91,2194
6.92,2198
6.93,2196
6.94,2224
6.95,2280
6.96,2212
6.97,2201
6.98,2175
6.99,2146
7.0,2143
7.01,2114
7.02,2180
7.03,2132
7.04,2139
7.05,2116
7.06,2122
7.07,2166
7.08,2118
7.09,2085
7.1,2056
7.11,2080
7.12,2135
7.13,2176
7.14,2117
7.15,2087
7.16,2123
7.17,2168
7.18,2128
7.19,2052
7.2,2023
7.21,2032
7.22,2038
7.23,2033
7.24,2017
7.25,1984
7.26,1974
7.27,2006
7.28,2016
7.29,1957
7.3,1935
7.31,1927
7.32,1910
7.33,1904
7.34,1874
7.35,1843
7.36,1823
7.37,1887
7.38,1872
7.39,1856
7.4,1852
7.41,1858
7.42,1871
7.43,1872
7.44,1834
7.45,1817
7.46,1854
7.47,1903
7.48,1937
7.49,1922
7.5,1983
7.51,1954
7.52,1988
7.53,1994
7.54,1987
7.55,1970
7.56,1984
7.57,1983
7.58,2075
7.59,2112
7.6,2076
7.61,2092
7.62,2112
7.63,2138
7.64,2136
7.65,2123
7.66,2111
7.67,2104
7.68,2126
7.69,2204
7.7,2185
7.71,2204
7.72,2182
7.73,2197
7.74,2216
7.75,2189
7.76,2167
7.77,2155
7.78,2150
7.79,2252
7.8,2263
7.81,2283
7.82,2225
7.83,2230
7.84,2258
7.85,2244
7.86,2225
7.87,2207
7.88,2196
7.89,2205
7.9,2324
7.91,2306
7.92,2298
7.93,2287
7.94,2284
7.95,2289
7.96,2276
7.97,2271
7.98,2234
7.99,2229
8.0,2257
8.01,2295
8.02,2268
8.03,2263
8.04,2264
8.05,2269
8.06,2277
8.07,2223
8.08,2236
8.09,2248
8.1,2180
8.11,2243
8.12,2224
8.13,2239
8.14,2204
8.15,2206
8.16,2215
8.17,2191
8.18,2192
8.19,2148
8.2,2125
8.21,2117
8.22,2218
8.23,2202
8.24,2178
8.25,2170
8.26,2193
8.27,2223
8.28,2176
8.29,2140
8.3,2115
8.31,2095
8.32,2168
8.33,2216
8.34,2126
8.35,2139
8.36,2124
8.37,2108
8.38,2089
8.39,2061
8.4,2028
8.41,1998
8.42,2015
8.43,2082
8.44,2087
8.45,2068
8.46,2041
8.47,2036
8.48,2048
8.49,2026
8.5,1995
8.51,1967
8.52,1939
8.53,2019
8.54,2010
8.55,1985
8.56,1975
8.57,1966
8.58,1962
8.59,2000
8.6,1987
8.61,1949
8.62,1919
8.63,2010
8.64,2016
8.65,1982
8.66,1984
8.67,1930
8.68,1983
8.69,2016
8.7,2032
8.71,1984
8.72,1935
8.73,1973
8.74,1959
8.75,1940
8.76,1904
8.77,1899
8.78,1882
8.79,1920
8.8,1922
8.81,1892
8.82,1879
8.83,1903
8.84,1941
8.85,1968
8.86,1924
8.87,1893
8.88,1884
8.89,1889
8.9,1904
8.91,1882
8.92,1844
8.93,1815
8.94,1896
8.95,1920
8.96,1910
8.97,1888
8.98,1856
8.99,1833
9.0,1856
9.01,1844
9.02,1820
9.03,1800
9.04,1855
9.05,1846
9.06,1840
9.07,1800
9.08,1770
9.09,1768
9.1,1804
9.11,1871
9.12,1856
9.13,1826
9.14,1834
9.15,1880
9.16,1860
9.17,1826
9.18,1823
9.19,1767
9.2,1807
9.21,1872
9.22,1885
9.23,1862
9.24,1830
9.25,1918
9.26,1862
9.27,1871
9.28,1805
9.29,1777
9.3,1782
9.31,1871
9.32,1824
9.33,1808
9.34,1791
9.35,1840
9.36,1871
9.37,1879
9.38,1850
9.39,1824
9.4,1856
9.41,1851
9.42,1860
9.43,1903
9.44,1815
9.45,1824
9.46,1884
9.47,1909
9.48,1920
9.49,1884
9.5,1825
9.51,1825
9.52,1839
9.53,1834
9.54,1804
9.55,1776
9.56,1864
9.57,1840
9.58,1804
9.59,1791
9.6,1780
9.61,1722
9.62,1776
9.63,1764
9.64,1755
9.65,1730
9.66,1760
9.67,1824
9.68,1799
9.69,1772
9.7,1744
9.71,1759
9.72,1731
9.73,1856
9.74,1815
9.75,1788
9.76,1792
9.77,1799
9.78,1796
9.79,1768
9.8,1736
9.81,1752
9.82,1727
9.83,1807
9.84,1803
9.85,1783
9.86,1744
9.87,1792
9.88,1800
9.89,1823
9.9,1787
9.91,1731
9.92,1742
9.93,1729
9.94,1748
9.95,1736
9.96,1716
9.97,1692
9.98,1743
9.99,1742
