0.0,1293
0.01,1288
0.02,1324
0.03,1335
0.04,1339
0.05,1326
0.06,1336
0.07,1328
0.08,1311
0.09,1303
0.1,1310
0.11,1303
0.12,1304
0.13,1276
0.14,1308
0.15,1316
0.16,1299
0.17,1278
0.18,1261
0.19,1259
0.2,1286
0.21,1294
0.22,1271
0.23,1328
0.24,1339
0.25,1327
0.26,1310
0.27,1302
0.28,1328
0.29,1380
0.3,1369
0.31,1354
0.32,1473
0.33,1489
0.34,1464
0.35,1439
0.36,1429
0.37,1452
0.38,1575
0.39,1551
0.4,1535
0.41,1613
0.42,1641
0.43,1642
0.44,1637
0.45,1591
0.46,1599
0.47,1607
0.48,1598
0.49,1586
0.5,1595
0.51,1673
0.52,1618
0.53,1632
0.54,1569
0.55,1590
0.56,1602
0.57,1608
0.58,1600
0.59,1586
0.6,1684
0.61,1680
0.62,1651
0.63,1621
0.64,1620
0.65,1642
0.66,1633
0.67,1628
0.68,1606
0.69,1712
0.7,1708
0.71,1674
0.72,1642
0.73,1644
0.74,1707
0.75,1659
0.76,1664
0.77,1640
0.78,1736
0.79,1749
0.8,1717
0.81,1678
0.82,1671
0.83,1692
0.84,1694
0.85,1688
0.86,1669
0.87,1775
0.88,1790
0.89,1776
0.9,1740
0.91,1707
0.92,1704
0.93,1726
0.94,1719
0.95,1714
0.96,1704
0.97,1794
0.98,1811
0.99,1790
1.0,1756
1.01,1725
1.02,1711
1.03,1727
1.04,1719
1.05,1718
1.06,1700
1.07,1728
1.08,1721
1.09,1706
1.1,1676
1.11,1644
1.12,1625
1.13,1639
1.14,1638
1.15,1627
1.16,1615
1.17,1664
1.18,1641
1.19,1615
1.2,1587
1.21,1560
1.22,1542
1.23,1568
1.24,1557
1.25,1542
1.26,1573
1.27,1576
1.28,1561
1.29,1533
1.3,1508
1.31,1507
1.32,1528
1.33,1536
1.34,1510
1.35,1494
1.36,1560
1.37,1601
1.38,1590
1.39,1565
1.4,1546
1.41,1552
1.42,1592
1.43,1592
1.44,1574
1.45,1562
1.46,1591
1.47,1579
1.48,1552
1.49,1532
1.5,1510
1.51,1512
1.52,1523
1.53,1510
1.54,1496
1.55,1548
1.56,1540
1.57,1524
1.58,1497
1.59,1475
1.6,1477
1.61,1493
1.62,1496
1.63,1486
1.64,1472
1.65,1496
1.66,1556
1.67,1559
1.68,1533
1.69,1514
1.7,1522
1.71,1542
1.72,1550
1.73,1543
1.74,1526
1.75,1524
1.76,1587
1.77,1569
1.78,1545
1.79,1515
1.8,1527
1.81,1507
1.82,1494
1.83,1484
1.84,1552
1.85,1536
1.86,1508
1.87,1503
1.88,1494
1.89,1457
1.9,1491
1.91,1456
1.92,1448
1.93,1427
1.94,1445
1.95,1439
1.96,1423
1.97,1439
1.98,1423
1.99,1403
2.0,1409
2.01,1394
2.02,1375
2.03,1376
2.04,1416
2.05,1399
2.06,1384
2.07,1359
2.08,1348
2.09,1344
2.1,1351
2.11,1336
2.12,1315
2.13,1298
2.14,1331
2.15,1332
2.16,1319
2.17,1301
2.18,1290
2.19,1287
2.2,1293
2.21,1284
2.22,1271
2.23,1264
2.24,1294
2.25,1300
2.26,1289
2.27,1269
2.28,1260
2.29,1252
2.3,1264
2.31,1256
2.32,1247
2.33,1237
2.34,1260
2.35,1271
2.36,1261
2.37,1245
2.38,1243
2.39,1240
2.4,1252
2.41,1248
2.42,1237
2.43,1218
2.44,1214
2.45,1251
2.46,1248
2.47,1234
2.48,1222
2.49,1225
2.5,1222
2.51,1219
2.52,1204
2.53,1196
2.54,1180
2.55,1241
2.56,1237
2.57,1222
2.58,1216
2.59,1219
2.6,1220
2.61,1229
2.62,1213
2.63,1196
2.64,1177
2.65,1247
2.66,1239
2.67,1229
2.68,1218
2.69,1232
2.7,1216
2.71,1215
2.72,1218
2.73,1184
2.74,1226
2.75,1239
2.76,1222
2.77,1232
2.78,1247
2.79,1268
2.8,1247
2.81,1232
2.82,1204
2.83,1228
2.84,1271
2.85,1266
2.86,1254
2.87,1241
2.88,1237
2.89,1239
2.9,1240
2.91,1222
2.92,1204
2.93,1195
2.94,1248
2.95,1246
2.96,1235
2.97,1230
2.98,1238
2.99,1250
3.0,1258
3.01,1247
3.02,1217
3.03,1280
3.04,1280
3.05,1264
3.06,1252
3.07,1260
3.08,1278
3.09,1284
3.1,1267
3.11,1254
3.12,1236
3.13,1268
3.14,1284
3.15,1276
3.16,1271
3.17,1282
3.18,1295
3.19,1299
3.2,1278
3.21,1265
3.22,1253
3.23,1346
3.24,1347
3.25,1336
3.26,1336
3.27,1339
3.28,1345
3.29,1357
3.3,1341
3.31,1323
3.32,1308
3.33,1408
3.34,1417
3.35,1403
3.36,1378
3.37,1373
3.38,1382
3.39,1387
3.4,1370
3.41,1351
3.42,1332
3.43,1400
3.44,1374
3.45,1360
3.46,1343
3.47,1337
3.48,1338
3.49,1323
3.5,1305
3.51,1284
3.52,1333
3.53,1330
3.54,1328
3.55,1308
3.56,1340
3.57,1348
3.58,1351
3.59,1331
3.6,1342
3.61,1340
3.62,1364
3.63,1360
3.64,1347
3.65,1347
3.66,1356
3.67,1359
3.68,1341
3.69,1356
3.7,1388
3.71,1460
3.72,1470
3.73,1474
3.74,1481
3.75,1508
3.76,1508
3.77,1492
3.78,1467
3.79,1445
3.8,1569
3.81,1563
3.82,1552
3.83,1528
3.84,1544
3.85,1543
3.86,1552
3.87,1518
3.88,1498
3.89,1516
3.9,1569
3.91,1558
3.92,1535
3.93,1526
3.94,1524
3.95,1528
3.96,1509
3.97,1487
3.98,1508
3.99,1550
4.0,1551
4.01,1535
4.02,1532
4.03,1543
4.04,1576
4.05,1559
4.06,1520
4.07,1493
4.08,1592
4.09,1591
4.1,1575
4.11,1592
4.12,1562
4.13,1593
4.14,1601
4.15,1576
4.16,1551
4.17,1611
4.18,1678
4.19,1684
4.2,1647
4.21,1643
4.22,1710
4.23,1660
4.24,1633
4.25,1600
4.26,1623
4.27,1702
4.28,1682
4.29,1653
4.3,1671
4.31,1664
4.32,1664
4.33,1614
4.34,1626
4.35,1608
4.36,1666
4.37,1662
4.38,1646
4.39,1643
4.4,1681
4.41,1639
4.42,1650
4.43,1648
4.44,1602
4.45,1665
4.46,1704
4.47,1677
4.48,1672
4.49,1669
4.5,1676
4.51,1671
4.52,1665
4.53,1645
4.54,1682
4.55,1735
4.56,1727
4.57,1710
4.58,1738
4.59,1782
4.6,1788
4.61,1795
4.62,1764
4.63,1766
4.64,1919
4.65,1879
4.66,1879
4.67,1837
4.68,1851
4.69,1867
4.7,1854
4.71,1856
4.72,1778
4.73,1864
4.74,1851
4.75,1842
4.76,1831
4.77,1816
4.78,1821
4.79,1860
4.8,1840
4.81,1831
4.82,1876
4.83,1889
4.84,1868
4.85,1839
4.86,1821
4.87,1829
4.88,1876
4.89,1886
4.9,1882
4.91,1843
4.92,1875
4.93,1856
4.94,1840
4.95,1856
4.96,1802
4.97,1838
4.98,1838
4.99,1804
5.0,1784
5.01,1880
5.02,1879
5.03,1867
5.04,1833
5.05,1831
5.06,1839
5.07,1858
5.08,1865
5.09,1848
5.1,1911
5.11,1943
5.12,1942
5.13,1887
5.14,1867
5.15,1893
5.16,1969
5.17,1984
5.18,1952
5.19,2012
5.2,2019
5.21,1993
5.22,1983
5.23,1948
5.24,1948
5.25,2016
5.26,1951
5.27,1921
5.28,1941
5.29,1963
5.3,1946
5.31,1920
5.32,1885
5.33,1872
5.34,1916
5.35,1937
5.36,1952
5.37,1890
5.38,1928
5.39,1936
5.4,1894
5.41,1867
5.42,1877
5.43,1920
5.44,1888
5.45,1871
5.46,1846
5.47,1908
5.48,1902
5.49,1892
5.5,1847
5.51,1831
5.52,1820
5.53,1864
5.54,1784
5.55,1760
5.56,1767
5.57,1829
5.58,1834
5.59,1816
5.6,1794
5.61,1766
5.62,1776
5.63,1758
5.64,1732
5.65,1729
5.66,1773
5.67,1822
5.68,1815
5.69,1786
5.7,1774
5.71,1760
5.72,1769
5.73,1757
5.74,1738
5.75,1724
5.76,1728
5.77,1747
5.78,1733
5.79,1702
5.8,1675
5.81,1664
5.82,1689
5.83,1687
5.84,1692
5.85,1727
5.86,1736
5.87,1744
5.88,1712
5.89,1695
5.9,1727
5.91,1705
5.92,1700
5.93,1722
5.94,1714
5.95,1728
5.96,1702
5.97,1701
5.98,1672
5.99,1713
6.0,1724
6.01,1718
6.02,1710
6.03,1824
6.04,1845
6.05,1812
6.06,1793
6.07,1783
6.08,1808
6.09,1795
6.1,1770
6.11,1759
6.12,1765
6.13,1810
6.14,1806
6.15,1805
6.16,1784
6.17,1776
6.18,1805
6.19,1823
6.2,1820
6.21,1812
6.22,1866
6.23,1882
6.24,1879
6.25,1853
6.26,1864
6.27,1872
6.28,1936
6.29,1920
6.3,1911
6.31,1952
6.32,1913
6.33,1912
6.34,1896
6.35,1872
6.36,1842
6.37,1873
6.38,1915
6.39,1917
6.4,1905
6.41,1946
6.42,1949
6.43,1946
6.44,1921
6.45,1903
6.46,1922
6.47,1934
6.48,1936
6.49,1972
6.5,1984
6.51,1990
6.52,2006
6.53,1988
6.54,1957
6.55,1952
6.56,1983
6.57,1984
6.58,1992
6.59,2075
6.6,2016
6.61,2005
6.62,1980
6.63,1968
6.64,1951
6.65,1962
6.66,1978
6.67,1993
6.68,2016
6.69,2031
6.7,2007
6.71,2027
6.72,1939
6.73,1932
6.74,2039
6.75,2064
6.76,2013
6.77,2001
6.78,2018
6.79,2011
6.8,1987
6.81,1948
6.82,1922
6.83,1960
6.84,1981
6.85,1999
6.86,1962
6.87,1964
6.88,2012
6.89,2017
6.9,1999
6.91,1984
6.92,1936
6.93,1958
6.94,1936
6.95,1983
6.96,2030
6.97,1962
6.98,1936
6.99,1930
7.0,1928
7.01,1932
7.02,1984
7.03,1861
7.04,1940
7.05,1935
7.06,1904
7.07,1867
7.08,1850
7.09,1870
7.1,1812
7.11,1904
7.12,1866
7.13,1855
7.14,1805
7.15,1799
7.16,1836
7.17,1863
7.18,1820
7.19,1789
7.2,1832
7.21,1816
7.22,1780
7.23,1752
7.24,1756
7.25,1782
7.26,1772
7.27,1721
7.28,1699
7.29,1785
7.3,1820
7.31,1742
7.32,1716
7.33,1707
7.34,1716
7.35,1760
7.36,1700
7.37,1660
7.38,1762
7.39,1775
7.4,1752
7.41,1718
7.42,1713
7.43,1759
7.44,1747
7.45,1724
7.46,1696
7.47,1692
7.48,1775
7.49,1771
7.5,1734
7.51,1697
7.52,1695
7.53,1696
7.54,1652
7.55,1632
7.56,1681
7.57,1675
7.58,1684
7.59,1614
7.6,1616
7.61,1648
7.62,1688
7.63,1675
7.64,1661
7.65,1710
7.66,1716
7.67,1702
7.68,1674
7.69,1650
7.7,1649
7.71,1711
7.72,1716
7.73,1698
7.74,1672
7.75,1764
7.76,1791
7.77,1736
7.78,1706
7.79,1727
7.8,1727
7.81,1752
7.82,1751
7.83,1727
7.84,1816
7.85,1833
7.86,1856
7.87,1782
7.88,1757
7.89,1813
7.9,1816
7.91,1776
7.92,1728
7.93,1808
7.94,1776
7.95,1791
7.96,1722
7.97,1720
7.98,1743
7.99,1727
8.0,1687
8.01,1675
8.02,1789
8.03,1735
8.04,1699
8.05,1695
8.06,1648
8.07,1643
8.08,1752
8.09,1755
8.1,1739
8.11,1752
8.12,1729
8.13,1742
8.14,1716
8.15,1727
8.16,1698
8.17,1773
8.18,1770
8.19,1757
8.2,1788
8.21,1798
8.22,1828
8.23,1801
8.24,1773
8.25,1801
8.26,1836
8.27,1839
8.28,1827
8.29,1856
8.3,1888
8.31,1916
8.32,1884
8.33,1873
8.34,1898
8.35,1916
8.36,1910
8.37,1903
8.38,1916
8.39,1967
8.4,1952
8.41,1939
8.42,1924
8.43,1914
8.44,1970
8.45,2020
8.46,2025
8.47,2039
8.48,2055
8.49,2062
8.5,2050
8.51,2032
8.52,2012
8.53,2098
8.54,2152
8.55,2150
8.56,2146
8.57,2176
8.58,2220
8.59,2155
8.6,2129
8.61,2103
8.62,2154
8.63,2180
8.64,2180
8.65,2178
8.66,2197
8.67,2202
8.68,2279
8.69,2240
8.7,2192
8.71,2223
8.72,2271
8.73,2240
8.74,2208
8.75,2212
8.76,2249
8.77,2256
8.78,2274
8.79,2257
8.8,2239
8.81,2220
8.82,2249
8.83,2250
8.84,2243
8.85,2236
8.86,2235
8.87,2245
8.88,2224
8.89,2201
8.9,2178
8.91,2156
8.92,2178
8.93,2177
8.94,2175
8.95,2170
8.96,2172
8.97,2223
8.98,2224
8.99,2197
9.0,2175
9.01,2111
9.02,2138
9.03,2159
9.04,2175
9.05,2131
9.06,2134
9.07,2149
9.08,2143
9.09,2128
9.1,2112
9.11,2119
9.12,2175
9.13,2145
9.14,2142
9.15,2136
9.16,2144
9.17,2159
9.18,2140
9.19,2120
9.2,2112
9.21,2141
9.22,2140
9.23,2136
9.24,2143
9.25,2240
9.26,2196
9.27,2177
9.28,2155
9.29,2148
9.3,2160
9.31,2175
9.32,2191
9.33,2208
9.34,2204
9.35,2211
9.36,2209
9.37,2190
9.38,2176
9.39,2198
9.4,2160
9.41,2214
9.42,2239
9.43,2204
9.44,2216
9.45,2216
9.46,2220
9.47,2200
9.48,2172
9.49,2190
9.5,2151
9.51,2152
9.52,2168
9.53,2158
9.54,2155
9.55,2174
9.56,2184
9.57,2144
9.58,2126
9.59,2098
9.6,2095
9.61,2143
9.62,2151
9.63,2150
9.64,2143
9.65,2183
9.66,2187
9.67,2204
9.68,2200
9.69,2176
9.7,2154
9.71,2249
9.72,2223
9.73,2212
9.74,2205
9.75,2239
9.76,2253
9.77,2296
9.78,2220
9.79,2191
9.8,2192
9.81,2212
9.82,2223
9.83,2217
9.84,2207
9.85,2258
9.86,2247
9.87,2253
9.88,2209
9.89,2176
9.9,2176
9.91,2249
9.92,2264
9.93,2251
9.94,2247
9.95,2259
9.96,2260
9.97,2244
9.98,2223
9.99,2222
