0.0,1350
0.01,1327
0.02,1312
0.03,1388
0.04,1392
0.05,1384
0.06,1360
0.07,1370
0.08,1391
0.09,1380
0.1,1364
0.11,1344
0.12,1300
0.13,1349
0.14,1373
0.15,1363
0.16,1356
0.17,1372
0.18,1359
0.19,1334
0.2,1339
0.21,1351
0.22,1312
0.23,1327
0.24,1341
0.25,1358
0.26,1344
0.27,1331
0.28,1318
0.29,1311
0.3,1335
0.31,1320
0.32,1302
0.33,1286
0.34,1321
0.35,1329
0.36,1365
0.37,1326
0.38,1328
0.39,1298
0.4,1321
0.41,1336
0.42,1314
0.43,1312
0.44,1330
0.45,1340
0.46,1361
0.47,1342
0.48,1328
0.49,1344
0.5,1344
0.51,1369
0.52,1353
0.53,1336
0.54,1354
0.55,1421
0.56,1417
0.57,1403
0.58,1385
0.59,1389
0.6,1472
0.61,1639
0.62,1611
0.63,1599
0.64,1638
0.65,1671
0.66,1740
0.67,1712
0.68,1697
0.69,1687
0.7,1739
0.71,1748
0.72,1757
0.73,1701
0.74,1760
0.75,1791
0.76,1801
0.77,1772
0.78,1754
0.79,1740
0.8,1768
0.81,1824
0.82,1754
0.83,1727
0.84,1788
0.85,1808
0.86,1824
0.87,1786
0.88,1798
0.89,1792
0.9,1867
0.91,1873
0.92,1846
0.93,1816
0.94,1887
0.95,1929
0.96,1910
0.97,1889
0.98,1856
0.99,1888
1.0,1991
1.01,1962
1.02,1931
1.03,1913
1.04,1995
1.05,2070
1.06,2092
1.07,2068
1.08,2035
1.09,2053
1.1,2190
1.11,2192
1.12,2157
1.13,2123
1.14,2202
1.15,2224
1.16,2226
1.17,2198
1.18,2167
1.19,2146
1.2,2241
1.21,2282
1.22,2214
1.23,2179
1.24,2208
1.25,2225
1.26,2204
1.27,2169
1.28,2138
1.29,2129
1.3,2144
1.31,2188
1.32,2176
1.33,2163
1.34,2170
1.35,2183
1.36,2176
1.37,2126
1.38,2105
1.39,2174
1.4,2197
1.41,2191
1.42,2144
1.43,2136
1.44,2157
1.45,2178
1.46,2162
1.47,2125
1.48,2100
1.49,2086
1.5,2239
1.51,2316
1.52,2286
1.53,2257
1.54,2266
1.55,2270
1.56,2284
1.57,2253
1.58,2219
1.59,2192
1.6,2184
1.61,2208
1.62,2203
1.63,2201
1.64,2152
1.65,2196
1.66,2228
1.67,2178
1.68,2143
1.69,2120
1.7,2147
1.71,2187
1.72,2065
1.73,2116
1.74,2106
1.75,2150
1.76,2140
1.77,2108
1.78,2109
1.79,2232
1.8,2164
1.81,2148
1.82,2096
1.83,2119
1.84,2096
1.85,2064
1.86,2056
1.87,2054
1.88,2116
1.89,2125
1.9,2108
1.91,2109
1.92,2107
1.93,2137
1.94,2116
1.95,2111
1.96,2046
1.97,2123
1.98,2160
1.99,2100
2.0,2064
2.01,2133
2.02,2134
2.03,2116
2.04,2082
2.05,2064
2.06,2112
2.07,2150
2.08,2134
2.09,2135
2.1,2186
2.11,2164
2.12,2209
2.13,2134
2.14,2105
2.15,2098
2.16,2184
2.17,2224
2.18,2162
2.19,2156
2.2,2196
2.21,2223
2.22,2176
2.23,2140
2.24,2127
2.25,2197
2.26,2360
2.27,2340
2.28,2304
2.29,2356
2.3,2394
2.31,2389
2.32,2320
2.33,2328
2.34,2441
2.35,2470
2.36,2424
2.37,2407
2.38,2467
2.39,2467
2.4,2436
2.41,2422
2.42,2424
2.43,2399
2.44,2512
2.45,2446
2.46,2404
2.47,2443
2.48,2524
2.49,2576
2.5,2532
2.51,2491
2.52,2464
2.53,2516
2.54,2531
2.55,2467
2.56,2440
2.57,2507
2.58,2559
2.59,2498
2.6,2451
2.61,2489
2.62,2476
2.63,2503
2.64,2488
2.65,2414
2.66,2462
2.67,2477
2.68,2558
2.69,2449
2.7,2441
2.71,2408
2.72,2502
2.73,2519
2.74,2446
2.75,2448
2.76,2486
2.77,2496
2.78,2460
2.79,2420
2.8,2375
2.81,2496
2.82,2502
2.83,2456
2.84,2472
2.85,2568
2.86,2509
2.87,2510
2.88,2443
2.89,2413
2.9,2412
2.91,2488
2.92,2512
2.93,2456
2.94,2417
2.95,2481
2.96,2564
2.97,2560
2.98,2499
2.99,2474
3.0,2556
3.01,2750
3.02,2712
3.03,2655
3.04,2689
3.05,2677
3.06,2684
3.07,2599
3.08,2554
3.09,2605
3.1,2760
3.11,2734
3.12,2666
3.13,2688
3.14,2672
3.15,2792
3.16,2760
3.17,2708
3.18,2673
3.19,2743
3.2,2852
3.21,2832
3.22,2816
3.23,2833
3.24,2861
3.25,2937
3.26,2927
3.27,2823
3.28,2852
3.29,2980
3.3,2955
3.31,2917
3.32,2879
3.33,2968
3.34,3040
3.35,3029
3.36,2926
3.37,2888
3.38,2992
3.39,2990
3.4,2947
3.41,2914
3.42,2948
3.43,2952
3.44,2943
3.45,2876
3.46,2838
3.47,2819
3.48,2976
3.49,2991
3.5,2958
3.51,2919
3.52,2943
3.53,3044
3.54,2984
3.55,2942
3.56,2900
3.57,2928
3.58,3160
3.59,3227
3.6,3144
3.61,3101
3.62,3162
3.63,3221
3.64,3214
3.65,3172
3.66,3121
3.67,3228
3.68,3360
3.69,3320
3.7,3266
3.71,3257
3.72,3288
3.73,3312
3.74,3296
3.75,3238
3.76,3164
3.77,3186
3.78,3195
3.79,3166
3.8,3129
3.81,3117
3.82,3129
3.83,3147
3.84,3104
3.85,3050
3.86,2987
3.87,3008
3.88,3010
3.89,2977
3.9,2946
3.91,2910
3.92,2939
3.93,2974
3.94,2930
3.95,2884
3.96,2840
3.97,2829
3.98,2888
3.99,2874
4.0,2844
4.01,2872
4.02,2846
4.03,2944
4.04,2896
4.05,2864
4.06,2872
4.07,2943
4.08,3064
4.09,2976
4.1,2928
4.11,2986
4.12,3071
4.13,3055
4.14,3022
4.15,2986
4.16,3116
4.17,3224
4.18,3204
4.19,3262
4.2,3319
4.21,3296
4.22,3327
4.23,3327
4.24,3224
4.25,3212
4.26,3448
4.27,3459
4.28,3425
4.29,3442
4.3,3480
4.31,3540
4.32,3499
4.33,3430
4.34,3390
4.35,3519
4.36,3672
4.37,3679
4.38,3616
4.39,3660
4.4,3693
4.41,3726
4.42,3674
4.43,3607
4.44,3592
4.45,3848
4.46,3906
4.47,3904
4.48,3902
4.49,3889
4.5,3918
4.51,3872
4.52,3904
4.53,3759
4.54,3904
4.55,3932
4.56,3933
4.57,3893
4.58,3925
4.59,3952
4.6,3930
4.61,3938
4.62,3920
4.63,3930
4.64,3936
4.65,4015
4.66,3935
4.67,3956
4.68,3934
4.69,3840
4.7,3929
4.71,3891
4.72,3825
4.73,3815
4.74,3932
4.75,3925
4.76,3882
4.77,3829
4.78,3880
4.79,3888
4.8,3822
4.81,3762
4.82,3696
4.83,3672
4.84,3684
4.85,3655
4.86,3603
4.87,3553
4.88,3576
4.89,3594
4.9,3543
4.91,3497
4.92,3430
4.93,3421
4.94,3452
4.95,3448
4.96,3412
4.97,3393
4.98,3400
4.99,3424
5.0,3383
5.01,3319
5.02,3231
5.03,3268
5.04,3296
5.05,3286
5.06,3296
5.07,3300
5.08,3284
5.09,3275
5.1,3240
5.11,3198
5.12,3165
5.13,3249
5.14,3285
5.15,3238
5.16,3215
5.17,3266
5.18,3290
5.19,3340
5.2,3305
5.21,3250
5.22,3205
5.23,3256
5.24,3281
5.25,3254
5.26,3211
5.27,3296
5.28,3241
5.29,3328
5.3,3254
5.31,3214
5.32,3192
5.33,3383
5.34,3366
5.35,3393
5.36,3308
5.37,3360
5.38,3460
5.39,3417
5.4,3380
5.41,3306
5.42,3480
5.43,3689
5.44,3656
5.45,3616
5.46,3701
5.47,3752
5.48,3801
5.49,3753
5.5,3689
5.51,3696
5.52,3869
5.53,3935
5.54,3926
5.55,3879
5.56,3872
5.57,3934
5.58,3923
5.59,3932
5.6,3892
5.61,3895
5.62,3935
5.63,3936
5.64,3934
5.65,3887
5.66,3939
5.67,3929
5.68,3967
5.69,3918
5.7,3881
5.71,3908
5.72,3936
5.73,3934
5.74,3920
5.75,3904
5.76,3922
5.77,3998
5.78,3919
5.79,3824
5.8,3903
5.81,3916
5.82,3904
5.83,3910
5.84,3931
5.85,3933
5.86,3935
5.87,3976
5.88,3967
5.89,3855
5.9,3933
5.91,3935
5.92,3920
5.93,3860
5.94,3864
5.95,3866
5.96,3895
5.97,3837
5.98,3783
5.99,3729
6.0,3719
6.01,3895
6.02,3955
6.03,3873
6.04,3820
6.05,3896
6.06,3897
6.07,3867
6.08,3805
6.09,3744
6.1,3772
6.11,3920
6.12,3932
6.13,3882
6.14,3823
6.15,3856
6.16,3928
6.17,3876
6.18,3775
6.19,3784
6.2,3719
6.21,3863
6.22,3831
6.23,3820
6.24,3734
6.25,3856
6.26,3893
6.27,3866
6.28,3805
6.29,3700
6.3,3792
6.31,3898
6.32,3873
6.33,3820
6.34,3799
6.35,3848
6.36,3887
6.37,3846
6.38,3792
6.39,3707
6.4,3665
6.41,3735
6.42,3737
6.43,3698
6.44,3648
6.45,3651
6.46,3711
6.47,3776
6.48,3601
6.49,3529
6.5,3478
6.51,3496
6.52,3520
6.53,3506
6.54,3440
6.55,3396
6.56,3460
6.57,3479
6.58,3404
6.59,3349
6.6,3296
6.61,3300
6.62,3369
6.63,3345
6.64,3328
6.65,3311
6.66,3344
6.67,3336
6.68,3299
6.69,3244
6.7,3178
6.71,3174
6.72,3311
6.73,3310
6.74,3279
6.75,3239
6.76,3392
6.77,3459
6.78,3424
6.79,3327
6.8,3226
6.81,3444
6.82,3480
6.83,3435
6.84,3383
6.85,3465
6.86,3484
6.87,3428
6.88,3357
6.89,3296
6.9,3460
6.91,3592
6.92,3539
6.93,3471
6.94,3563
6.95,3578
6.96,3520
6.97,3425
6.98,3394
6.99,3510
7.0,3672
7.01,3632
7.02,3647
7.03,3630
7.04,3696
7.05,3636
7.06,3647
7.07,3531
7.08,3594
7.09,3703
7.1,3664
7.11,3647
7.12,3548
7.13,3632
7.14,3704
7.15,3645
7.16,3572
7.17,3528
7.18,3641
7.19,3643
7.2,3585
7.21,3516
7.22,3576
7.23,3663
7.24,3664
7.25,3564
7.26,3520
7.27,3478
7.28,3680
7.29,3646
7.3,3576
7.31,3591
7.32,3656
7.33,3655
7.34,3587
7.35,3517
7.36,3464
7.37,3556
7.38,3700
7.39,3668
7.4,3598
7.41,3602
7.42,3689
7.43,3687
7.44,3624
7.45,3552
7.46,3599
7.47,3567
7.48,3778
7.49,3734
7.5,3658
7.51,3656
7.52,3657
7.53,3708
7.54,3632
7.55,3501
7.56,3508
7.57,3646
7.58,3608
7.59,3545
7.6,3544
7.61,3598
7.62,3711
7.63,3624
7.64,3552
7.65,3510
7.66,3546
7.67,3583
7.68,3511
7.69,3435
7.7,3403
7.71,3524
7.72,3583
7.73,3480
7.74,3382
7.75,3426
7.76,3452
7.77,3487
7.78,3348
7.79,3300
7.8,3417
7.81,3405
7.82,3319
7.83,3272
7.84,3392
7.85,3425
7.86,3391
7.87,3316
7.88,3291
7.89,3305
7.9,3336
7.91,3247
7.92,3168
7.93,3165
7.94,3255
7.95,3259
7.96,3199
7.97,3170
7.98,3208
7.99,3236
8.0,3147
8.01,3145
8.02,3201
8.03,3284
8.04,3241
8.05,3165
8.06,3266
8.07,3296
8.08,3361
8.09,3286
8.1,3226
8.11,3240
8.12,3384
8.13,3319
8.14,3255
8.15,3201
8.16,3392
8.17,3410
8.18,3392
8.19,3367
8.2,3286
8.21,3386
8.22,3483
8.23,3350
8.24,3290
8.25,3416
8.26,3489
8.27,3372
8.28,3333
8.29,3306
8.3,3336
8.31,3455
8.32,3481
8.33,3408
8.34,3359
8.35,3441
8.36,3413
8.37,3360
8.38,3325
8.39,3317
8.4,3363
8.41,3530
8.42,3528
8.43,3415
8.44,3431
8.45,3472
8.46,3538
8.47,3484
8.48,3482
8.49,3460
8.5,3568
8.51,3595
8.52,3552
8.53,3494
8.54,3536
8.55,3639
8.56,3664
8.57,3571
8.58,3610
8.59,3519
8.6,3563
8.61,3560
8.62,3520
8.63,3400
8.64,3419
8.65,3525
8.66,3584
8.67,3496
8.68,3480
8.69,3494
8.7,3495
8.71,3550
8.72,3555
8.73,3448
8.74,3457
8.75,3522
8.76,3560
8.77,3521
8.78,3486
8.79,3495
8.8,3444
8.81,3648
8.82,3500
8.83,3450
8.84,3450
8.85,3612
8.86,3550
8.87,3507
8.88,3484
8.89,3484
8.9,3554
8.91,3679
8.92,3616
8.93,3538
8.94,3644
8.95,3608
8.96,3588
8.97,3556
8.98,3536
8.99,3532
9.0,3636
9.01,3688
9.02,3572
9.03,3580
9.04,3712
9.05,3732
9.06,3685
9.07,3711
9.08,3639
9.09,3712
9.1,3694
9.11,3628
9.12,3583
9.13,3694
9.14,3776
9.15,3756
9.16,3817
9.17,3719
9.18,3671
9.19,3652
9.2,3636
9.21,3582
9.22,3528
9.23,3742
9.24,3718
9.25,3581
9.26,3558
9.27,3540
9.28,3509
9.29,3560
9.3,3517
9.31,3476
9.32,3452
9.33,3506
9.34,3452
9.35,3412
9.36,3388
9.37,3375
9.38,3324
9.39,3298
9.4,3252
9.41,3223
9.42,3203
9.43,3283
9.44,3243
9.45,3199
9.46,3173
9.47,3154
9.48,3142
9.49,3105
9.5,3064
9.51,3104
9.52,3075
9.53,3082
9.54,3065
9.55,3033
9.56,3016
9.57,3012
9.58,2994
9.59,2976
9.6,2928
9.61,2896
9.62,2900
9.63,2952
9.64,2918
9.65,2893
9.66,2892
9.67,2884
9.68,2880
9.69,2827
9.7,2864
9.71,2815
9.72,2848
9.73,2849
9.74,2859
9.75,2820
9.76,2880
9.77,2848
9.78,2800
9.79,2796
9.8,2759
9.81,2740
9.82,2872
9.83,2873
9.84,2874
9.85,2808
9.86,2804
9.87,2804
9.88,2864
9.89,2832
9.9,2807
9.91,2788
9.92,2907
9.93,2984
9.94,2870
9.95,2872
9.96,2881
9.97,2854
9.98,2848
9.99,2827
