0.0,1268
0.01,1251
0.02,1288
0.03,1296
0.04,1285
0.05,1303
0.06,1252
0.07,1231
0.08,1221
0.09,1245
0.1,1241
0.11,1244
0.12,1230
0.13,1276
0.14,1274
0.15,1258
0.16,1237
0.17,1222
0.18,1219
0.19,1241
0.2,1239
0.21,1233
0.22,1225
0.23,1272
0.24,1267
0.25,1260
0.26,1240
0.27,1226
0.28,1217
0.29,1238
0.3,1238
0.31,1234
0.32,1227
0.33,1274
0.34,1271
0.35,1261
0.36,1241
0.37,1222
0.38,1203
0.39,1223
0.4,1232
0.41,1228
0.42,1220
0.43,1216
0.44,1258
0.45,1280
0.46,1252
0.47,1236
0.48,1225
0.49,1235
0.5,1246
0.51,1241
0.52,1238
0.53,1228
0.54,1278
0.55,1296
0.56,1250
0.57,1232
0.58,1216
0.59,1230
0.6,1268
0.61,1234
0.62,1260
0.63,1246
0.64,1281
0.65,1276
0.66,1256
0.67,1238
0.68,1227
0.69,1238
0.7,1258
0.71,1263
0.72,1278
0.73,1320
0.74,1360
0.75,1322
0.76,1305
0.77,1310
0.78,1344
0.79,1384
0.8,1378
0.81,1359
0.82,1435
0.83,1457
0.84,1426
0.85,1401
0.86,1378
0.87,1408
0.88,1382
0.89,1397
0.9,1383
0.91,1381
0.92,1471
0.93,1468
0.94,1451
0.95,1429
0.96,1451
0.97,1488
0.98,1534
0.99,1523
1.0,1505
1.01,1587
1.02,1583
1.03,1574
1.04,1547
1.05,1541
1.06,1600
1.07,1622
1.08,1651
1.09,1608
1.1,1615
1.11,1691
1.12,1697
1.13,1665
1.14,1641
1.15,1674
1.16,1706
1.17,1729
1.18,1706
1.19,1667
1.2,1737
1.21,1751
1.22,1728
1.23,1695
1.24,1721
1.25,1720
1.26,1690
1.27,1776
1.28,1789
1.29,1752
1.3,1718
1.31,1728
1.32,1776
1.33,1747
1.34,1746
1.35,1805
1.36,1774
1.37,1720
1.38,1741
1.39,1803
1.4,1762
1.41,1808
1.42,1816
1.43,1788
1.44,1796
1.45,1799
1.46,1800
1.47,1839
1.48,1832
1.49,1840
1.5,1864
1.51,1801
1.52,1776
1.53,1806
1.54,1796
1.55,1768
1.56,1792
1.57,1857
1.58,1865
1.59,1828
1.6,1800
1.61,1786
1.62,1823
1.63,1761
1.64,1732
1.65,1840
1.66,1843
1.67,1780
1.68,1771
1.69,1792
1.7,1770
1.71,1715
1.72,1811
1.73,1792
1.74,1750
1.75,1744
1.76,1760
1.77,1797
1.78,1760
1.79,1735
1.8,1770
1.81,1792
1.82,1784
1.83,1756
1.84,1736
1.85,1758
1.86,1772
1.87,1819
1.88,1806
1.89,1768
1.9,1865
1.91,1864
1.92,1869
1.93,1835
1.94,1857
1.95,1863
1.96,1839
1.97,1808
1.98,1924
1.99,1952
2.0,1920
2.01,1940
2.02,1954
2.03,1931
2.04,1889
2.05,2048
2.06,2035
2.07,2028
2.08,2088
2.09,2064
2.1,2046
2.11,2014
2.12,2007
2.13,2090
2.14,2131
2.15,2114
2.16,2116
2.17,2206
2.18,2175
2.19,2239
2.2,2176
2.21,2167
2.22,2246
2.23,2255
2.24,2238
2.25,2300
2.26,2296
2.27,2312
2.28,2243
2.29,2336
2.3,2367
2.31,2349
2.32,2391
2.33,2435
2.34,2367
2.35,2367
2.36,2512
2.37,2488
2.38,2504
2.39,2558
2.4,2560
2.41,2519
2.42,2520
2.43,2578
2.44,2689
2.45,2687
2.46,2669
2.47,2708
2.48,2816
2.49,2758
2.5,2752
2.51,2718
2.52,2735
2.53,2856
2.54,2932
2.55,2935
2.56,3031
2.57,3005
2.58,3103
2.59,3048
2.6,3010
2.61,3018
2.62,3032
2.63,3175
2.64,3151
2.65,3140
2.66,3168
2.67,3230
2.68,3218
2.69,3172
2.7,3199
2.71,3166
2.72,3268
2.73,3272
2.74,3239
2.75,3254
2.76,3276
2.77,3313
2.78,3404
2.79,3326
2.8,3226
2.81,3232
2.82,3375
2.83,3296
2.84,3327
2.85,3288
2.86,3280
2.87,3328
2.88,3228
2.89,3247
2.9,3337
2.91,3309
2.92,3414
2.93,3370
2.94,3313
2.95,3280
2.96,3263
2.97,3351
2.98,3334
2.99,3391
3.0,3290
3.01,3364
3.02,3298
3.03,3249
3.04,3224
3.05,3201
3.06,3267
3.07,3219
3.08,3215
3.09,3231
3.1,3292
3.11,3196
3.12,3200
3.13,3110
3.14,3072
3.15,3166
3.16,3163
3.17,3128
3.18,3122
3.19,3143
3.2,3152
3.21,3103
3.22,3095
3.23,3062
3.24,3071
3.25,3136
3.26,3100
3.27,3103
3.28,3091
3.29,3135
3.3,3072
3.31,3072
3.32,3024
3.33,3007
3.34,3108
3.35,3074
3.36,3076
3.37,3135
3.38,3082
3.39,3044
3.4,3010
3.41,3014
3.42,3012
3.43,3100
3.44,3080
3.45,3072
3.46,3061
3.47,3076
3.48,3111
3.49,3071
3.5,3050
3.51,3027
3.52,3028
3.53,3131
3.54,3124
3.55,3107
3.56,3093
3.57,3108
3.58,3136
3.59,3094
3.6,3071
3.61,3034
3.62,3072
3.63,3146
3.64,3159
3.65,3168
3.66,3181
3.67,3187
3.68,3152
3.69,3111
3.7,3075
3.71,3070
3.72,3104
3.73,3199
3.74,3136
3.75,3092
3.76,3073
3.77,3042
3.78,3006
3.79,2987
3.8,2959
3.81,2911
3.82,2972
3.83,2976
3.84,2968
3.85,2911
3.86,2901
3.87,2911
3.88,2880
3.89,2872
3.9,2815
3.91,2852
3.92,2880
3.93,2788
3.94,2745
3.95,2750
3.96,2742
3.97,2774
3.98,2742
3.99,2720
4.0,2735
4.01,2711
4.02,2693
4.03,2668
4.04,2656
4.05,2655
4.06,2631
4.07,2616
4.08,2569
4.09,2568
4.1,2599
4.11,2576
4.12,2559
4.13,2510
4.14,2531
4.15,2495
4.16,2464
4.17,2448
4.18,2395
4.19,2401
4.2,2453
4.21,2429
4.22,2403
4.23,2402
4.24,2392
4.25,2399
4.26,2405
4.27,2399
4.28,2336
4.29,2372
4.3,2375
4.31,2336
4.32,2290
4.33,2260
4.34,2296
4.35,2230
4.36,2200
4.37,2156
4.38,2142
4.39,2191
4.4,2176
4.41,2136
4.42,2102
4.43,2074
4.44,2080
4.45,2083
4.46,2036
4.47,2010
4.48,2031
4.49,2062
4.5,2036
4.51,2007
4.52,1944
4.53,1984
4.54,1928
4.55,1915
4.56,1900
4.57,1928
4.58,1988
4.59,1920
4.6,1939
4.61,1919
4.62,1920
4.63,1917
4.64,1866
4.65,1894
4.66,1899
4.67,1987
4.68,1984
4.69,1912
4.7,1933
4.71,1857
4.72,1919
4.73,1915
4.74,1948
4.75,1927
4.76,1920
4.77,1936
4.78,1936
4.79,1911
4.8,1856
4.81,1855
4.82,1814
4.83,1829
4.84,1858
4.85,1919
4.86,1872
4.87,1920
4.88,1871
4.89,1893
4.9,1888
4.91,1872
4.92,1823
4.93,1863
4.94,1858
4.95,1830
4.96,1839
4.97,1843
4.98,1888
4.99,1875
5.0,1887
5.01,1815
5.02,1839
5.03,1856
5.04,1888
5.05,1871
5.06,1883
5.07,1896
5.08,1924
5.09,1920
5.1,1895
5.11,1875
5.12,1923
5.13,1941
5.14,1948
5.15,1948
5.16,1948
5.17,1952
5.18,1968
5.19,1959
5.2,1976
5.21,1920
5.22,1976
5.23,2012
5.24,1988
5.25,1985
5.26,2024
5.27,2028
5.28,2047
5.29,1985
5.3,1976
5.31,1967
5.32,2009
5.33,2022
5.34,2018
5.35,2011
5.36,2033
5.37,2028
5.38,2023
5.39,2046
5.4,1988
5.41,1979
5.42,2030
5.43,2037
5.44,2038
5.45,2046
5.46,2049
5.47,2059
5.48,2095
5.49,2039
5.5,2023
5.51,2076
5.52,2031
5.53,2033
5.54,2025
5.55,2055
5.56,2064
5.57,2061
5.58,2053
5.59,2056
5.6,2024
5.61,2052
5.62,2064
5.63,2111
5.64,2070
5.65,2072
5.66,2100
5.67,2099
5.68,2079
5.69,2055
5.7,2154
5.71,2160
5.72,2152
5.73,2192
5.74,2177
5.75,2160
5.76,2148
5.77,2128
5.78,2106
5.79,2127
5.8,2160
5.81,2154
5.82,2150
5.83,2196
5.84,2165
5.85,2154
5.86,2139
5.87,2112
5.88,2114
5.89,2154
5.9,2140
5.91,2159
5.92,2172
5.93,2179
5.94,2186
5.95,2171
5.96,2142
5.97,2144
5.98,2146
5.99,2140
6.0,2152
6.01,2135
6.02,2144
6.03,2143
6.04,2155
6.05,2110
6.06,2085
6.07,2124
6.08,2120
6.09,2140
6.1,2112
6.11,2125
6.12,2142
6.13,2152
6.14,2120
6.15,2091
6.16,2073
6.17,2128
6.18,2152
6.19,2128
6.2,2107
6.21,2158
6.22,2149
6.23,2116
6.24,2084
6.25,2047
6.26,2051
6.27,2095
6.28,2100
6.29,2127
6.3,2125
6.31,2132
6.32,2107
6.33,2068
6.34,2025
6.35,2007
6.36,2028
6.37,2024
6.38,1993
6.39,1975
6.4,1991
6.41,2003
6.42,1987
6.43,1954
6.44,1920
6.45,1892
6.46,1881
6.47,1889
6.48,1869
6.49,1842
6.5,1825
6.51,1838
6.52,1840
6.53,1811
6.54,1782
6.55,1755
6.56,1755
6.57,1760
6.58,1743
6.59,1722
6.6,1714
6.61,1715
6.62,1716
6.63,1701
6.64,1679
6.65,1664
6.66,1639
6.67,1639
6.68,1631
6.69,1586
6.7,1564
6.71,1615
6.72,1600
6.73,1546
6.74,1568
6.75,1543
6.76,1554
6.77,1527
6.78,1504
6.79,1499
6.8,1555
6.81,1580
6.82,1542
6.83,1534
6.84,1539
6.85,1536
6.86,1538
6.87,1535
6.88,1494
6.89,1566
6.9,1569
6.91,1567
6.92,1536
6.93,1552
6.94,1573
6.95,1584
6.96,1566
6.97,1587
6.98,1616
6.99,1616
7.0,1612
7.01,1621
7.02,1637
7.03,1644
7.04,1634
7.05,1628
7.06,1619
7.07,1627
7.08,1747
7.09,1742
7.1,1742
7.11,1743
7.12,1761
7.13,1791
7.14,1760
7.15,1757
7.16,1775
7.17,1866
7.18,1882
7.19,1872
7.2,1911
7.21,1874
7.22,1885
7.23,1876
7.24,1899
7.25,1888
7.26,1865
7.27,1952
7.28,1898
7.29,1885
7.3,1938
7.31,1915
7.32,1920
7.33,1896
7.34,1872
7.35,1840
7.36,1846
7.37,1982
7.38,1920
7.39,1935
7.4,1920
7.41,1920
7.42,1935
7.43,1919
7.44,1927
7.45,1904
7.46,1872
7.47,1927
7.48,1920
7.49,1895
7.5,1884
7.51,1872
7.52,1856
7.53,1844
7.54,1827
7.55,1799
7.56,1782
7.57,1785
7.58,1855
7.59,1823
7.6,1781
7.61,1820
7.62,1765
7.63,1750
7.64,1787
7.65,1722
7.66,1712
7.67,1703
7.68,1755
7.69,1734
7.7,1713
7.71,1699
7.72,1696
7.73,1690
7.74,1671
7.75,1650
7.76,1630
7.77,1636
7.78,1656
7.79,1645
7.8,1632
7.81,1632
7.82,1638
7.83,1630
7.84,1617
7.85,1598
7.86,1573
7.87,1554
7.88,1581
7.89,1586
7.9,1571
7.91,1558
7.92,1550
7.93,1538
7.94,1527
7.95,1517
7.96,1495
7.97,1479
7.98,1466
7.99,1535
8.0,1492
8.01,1477
8.02,1465
8.03,1462
8.04,1456
8.05,1457
8.06,1438
8.07,1416
8.08,1404
8.09,1458
8.1,1448
8.11,1427
8.12,1410
8.13,1400
8.14,1390
8.15,1383
8.16,1365
8.17,1348
8.18,1334
8.19,1385
8.2,1387
8.21,1369
8.22,1362
8.23,1356
8.24,1351
8.25,1350
8.26,1330
8.27,1320
8.28,1314
8.29,1360
8.3,1368
8.31,1349
8.32,1337
8.33,1340
8.34,1343
8.35,1351
8.36,1335
8.37,1320
8.38,1298
8.39,1346
8.4,1356
8.41,1345
8.42,1335
8.43,1358
8.44,1361
8.45,1353
8.46,1340
8.47,1316
8.48,1304
8.49,1335
8.5,1336
8.51,1344
8.52,1300
8.53,1281
8.54,1295
8.55,1326
8.56,1276
8.57,1255
8.58,1301
8.59,1330
8.6,1323
8.61,1305
8.62,1295
8.63,1300
8.64,1336
8.65,1339
8.66,1327
8.67,1315
8.68,1400
8.69,1417
8.7,1400
8.71,1383
8.72,1386
8.73,1379
8.74,1397
8.75,1363
8.76,1345
8.77,1402
8.78,1424
8.79,1416
8.8,1396
8.81,1370
8.82,1391
8.83,1368
8.84,1360
8.85,1342
8.86,1318
8.87,1341
8.88,1351
8.89,1344
8.9,1323
8.91,1306
8.92,1295
8.93,1313
8.94,1315
8.95,1297
8.96,1282
8.97,1323
8.98,1352
8.99,1305
9.0,1288
9.01,1281
9.02,1290
9.03,1294
9.04,1278
9.05,1262
9.06,1288
9.07,1303
9.08,1299
9.09,1277
9.1,1256
9.11,1237
9.12,1252
9.13,1258
9.14,1245
9.15,1228
9.16,1221
9.17,1252
9.18,1263
9.19,1243
9.2,1228
9.21,1224
9.22,1218
9.23,1232
9.24,1216
9.25,1203
9.26,1186
9.27,1233
9.28,1240
9.29,1255
9.3,1210
9.31,1215
9.32,1210
9.33,1217
9.34,1199
9.35,1177
9.36,1194
9.37,1223
9.38,1232
9.39,1217
9.4,1213
9.41,1210
9.42,1219
9.43,1228
9.44,1210
9.45,1191
9.46,1175
9.47,1247
9.48,1256
9.49,1237
9.5,1225
9.51,1226
9.52,1240
9.53,1252
9.54,1234
9.55,1214
9.56,1197
9.57,1275
9.58,1264
9.59,1238
9.6,1225
9.61,1226
9.62,1240
9.63,1246
9.64,1227
9.65,1210
9.66,1216
9.67,1282
9.68,1276
9.69,1257
9.7,1243
9.71,1246
9.72,1268
9.73,1300
9.74,1286
9.75,1279
9.76,1334
9.77,1364
9.78,1347
9.79,1325
9.8,1311
9.81,1315
9.82,1352
9.83,1318
9.84,1300
9.85,1281
9.86,1337
9.87,1370
9.88,1354
9.89,1368
9.9,1333
9.91,1349
9.92,1365
9.93,1359
9.94,1344
9.95,1315
9.96,1356
9.97,1361
9.98,1357
9.99,1341
