0.0,980
0.001,968
0.002,958
0.003,992
0.004,993
0.005,1041
0.006,1000
0.007,991
0.008,985
0.009,989
0.01,1026
0.011,1017
0.012,1007
0.013,994
0.014,1014
0.015,1030
0.016,1030
0.017,1016
0.018,1004
0.019,995
0.02,1011
0.021,1064
0.022,1068
0.023,1054
0.024,1048
0.025,1069
0.026,1079
0.027,1084
0.028,1071
0.029,1064
0.03,1052
0.031,1051
0.032,1064
0.033,1050
0.034,1039
0.035,1032
0.036,1047
0.037,1057
0.038,1062
0.039,1045
0.04,1038
0.041,1027
0.042,1030
0.043,1043
0.044,1029
0.045,1020
0.046,1008
0.047,1026
0.048,1038
0.049,1035
0.05,1027
0.051,1020
0.052,1012
0.053,1026
0.054,1040
0.055,1030
0.056,1023
0.057,1010
0.058,1029
0.059,1055
0.06,1054
0.061,1042
0.062,1039
0.063,1024
0.064,1039
0.065,1049
0.066,1063
0.067,1026
0.068,1040
0.069,1063
0.07,1089
0.071,1079
0.072,1072
0.073,1055
0.074,1067
0.075,1109
0.076,1128
0.077,1111
0.078,1102
0.079,1117
0.08,1148
0.081,1187
0.082,1172
0.083,1183
0.084,1149
0.085,1155
0.086,1216
0.087,1221
0.088,1203
0.089,1191
0.09,1212
0.091,1232
0.092,1266
0.093,1253
0.094,1244
0.095,1239
0.096,1234
0.097,1263
0.098,1223
0.099,1212
0.1,1202
0.101,1220
0.102,1250
0.103,1240
0.104,1231
0.105,1247
0.106,1209
0.107,1225
0.108,1214
0.109,1203
0.11,1193
0.111,1200
0.112,1209
0.113,1219
0.114,1204
0.115,1193
0.116,1213
0.117,1192
0.118,1219
0.119,1220
0.12,1220
0.121,1196
0.122,1220
0.123,1232
0.124,1222
0.125,1234
0.126,1204
0.127,1199
0.128,1240
0.129,1244
0.13,1230
0.131,1233
0.132,1236
0.133,1258
0.134,1276
0.135,1265
0.136,1246
0.137,1245
0.138,1272
0.139,1364
0.14,1344
0.141,1333
0.142,1337
0.143,1370
0.144,1420
0.145,1404
0.146,1385
0.147,1377
0.148,1383
0.149,1440
0.15,1425
0.151,1410
0.152,1389
0.153,1406
0.154,1440
0.155,1456
0.156,1414
0.157,1402
0.158,1394
0.159,1451
0.16,1440
0.161,1424
0.162,1424
0.163,1432
0.164,1473
0.165,1515
0.166,1528
0.167,1477
0.168,1465
0.169,1560
0.17,1647
0.171,1624
0.172,1595
0.173,1617
0.174,1627
0.175,1692
0.176,1680
0.177,1650
0.178,1651
0.179,1662
0.18,1780
0.181,1765
0.182,1751
0.183,1728
0.184,1731
0.185,1754
0.186,1743
0.187,1712
0.188,1684
0.189,1696
0.19,1755
0.191,1767
0.192,1710
0.193,1697
0.194,1711
0.195,1720
0.196,1711
0.197,1681
0.198,1655
0.199,1654
0.2,1696
0.201,1672
0.202,1644
0.203,1632
0.204,1636
0.205,1659
0.206,1657
0.207,1630
0.208,1628
0.209,1596
0.21,1642
0.211,1674
0.212,1671
0.213,1622
0.214,1634
0.215,1712
0.216,1749
0.217,1724
0.218,1696
0.219,1716
0.22,1720
0.221,1841
0.222,1824
0.223,1783
0.224,1761
0.225,1772
0.226,1879
0.227,1830
0.228,1831
0.229,1791
0.23,1786
0.231,1991
0.232,1989
0.233,1956
0.234,1952
0.235,1952
0.236,1951
0.237,1947
0.238,1874
0.239,1845
0.24,1820
0.241,1842
0.242,1882
0.243,1854
0.244,1824
0.245,1791
0.246,1794
0.247,1816
0.248,1816
0.249,1789
0.25,1758
0.251,1732
0.252,1739
0.253,1732
0.254,1703
0.255,1674
0.256,1647
0.257,1654
0.258,1667
0.259,1652
0.26,1623
0.261,1600
0.262,1578
0.263,1583
0.264,1578
0.265,1551
0.266,1525
0.267,1519
0.268,1535
0.269,1560
0.27,1526
0.271,1500
0.272,1503
0.273,1511
0.274,1503
0.275,1480
0.276,1461
0.277,1479
0.278,1464
0.279,1504
0.28,1500
0.281,1481
0.282,1484
0.283,1468
0.284,1510
0.285,1556
0.286,1512
0.287,1502
0.288,1501
0.289,1531
0.29,1568
0.291,1555
0.292,1539
0.293,1525
0.294,1568
0.295,1662
0.296,1627
0.297,1612
0.298,1596
0.299,1615
0.3,1733
0.301,1809
0.302,1782
0.303,1764
0.304,1741
0.305,1787
0.306,1836
0.307,1819
0.308,1794
0.309,1774
0.31,1772
0.311,1821
0.312,1838
0.313,1791
0.314,1756
0.315,1745
0.316,1771
0.317,1759
0.318,1740
0.319,1730
0.32,1728
0.321,1722
0.322,1768
0.323,1752
0.324,1731
0.325,1712
0.326,1703
0.327,1751
0.328,1770
0.329,1760
0.33,1764
0.331,1754
0.332,1782
0.333,1826
0.334,1798
0.335,1781
0.336,1771
0.337,1787
0.338,1835
0.339,1830
0.34,1812
0.341,1792
0.342,1773
0.343,1815
0.344,1801
0.345,1767
0.346,1748
0.347,1743
0.348,1777
0.349,1791
0.35,1755
0.351,1727
0.352,1723
0.353,1768
0.354,1800
0.355,1824
0.356,1784
0.357,1779
0.358,1824
0.359,1855
0.36,1837
0.361,1823
0.362,1791
0.363,1831
0.364,1837
0.365,1846
0.366,1795
0.367,1805
0.368,1847
0.369,1887
0.37,1875
0.371,1871
0.372,1865
0.373,1867
0.374,1920
0.375,1923
0.376,1936
0.377,1920
0.378,1911
0.379,1952
0.38,1967
0.381,1942
0.382,1936
0.383,1940
0.384,2003
0.385,2016
0.386,2004
0.387,1978
0.388,1976
0.389,2154
0.39,2214
0.391,2176
0.392,2159
0.393,2136
0.394,2171
0.395,2170
0.396,2172
0.397,2127
0.398,2106
0.399,2230
0.4,2353
0.401,2327
0.402,2319
0.403,2336
0.404,2293
0.405,2355
0.406,2351
0.407,2331
0.408,2307
0.409,2364
0.41,2411
0.411,2408
0.412,2414
0.413,2408
0.414,2352
0.415,2432
0.416,2452
0.417,2448
0.418,2409
0.419,2401
0.42,2486
0.421,2458
0.422,2448
0.423,2421
0.424,2411
0.425,2496
0.426,2544
0.427,2516
0.428,2483
0.429,2459
0.43,2515
0.431,2543
0.432,2544
0.433,2525
0.434,2528
0.435,2520
0.436,2561
0.437,2543
0.438,2513
0.439,2487
0.44,2484
0.441,2504
0.442,2506
0.443,2495
0.444,2470
0.445,2445
0.446,2488
0.447,2495
0.448,2413
0.449,2454
0.45,2366
0.451,2398
0.452,2432
0.453,2415
0.454,2392
0.455,2361
0.456,2340
0.457,2376
0.458,2380
0.459,2359
0.46,2352
0.461,2300
0.462,2334
0.463,2339
0.464,2323
0.465,2283
0.466,2268
0.467,2276
0.468,2296
0.469,2272
0.47,2244
0.471,2218
0.472,2231
0.473,2251
0.474,2242
0.475,2264
0.476,2220
0.477,2240
0.478,2217
0.479,2245
0.48,2266
0.481,2239
0.482,2249
0.483,2396
0.484,2277
0.485,2265
0.486,2208
0.487,2208
0.488,2213
0.489,2248
0.49,2245
0.491,2194
0.492,2207
0.493,2220
0.494,2367
0.495,2307
0.496,2304
0.497,2246
0.498,2237
0.499,2235
0.5,2208
0.501,2157
0.502,2136
0.503,2174
0.504,2337
0.505,2303
0.506,2260
0.507,2216
0.508,2213
0.509,2248
0.51,2265
0.511,2196
0.512,2160
0.513,2160
0.514,2207
0.515,2199
0.516,2183
0.517,2138
0.518,2140
0.519,2186
0.52,2200
0.521,2204
0.522,2092
0.523,2094
0.524,2092
0.525,2112
0.526,2034
0.527,2015
0.528,2047
0.529,2123
0.53,2089
0.531,2104
0.532,2047
0.533,2072
0.534,2046
0.535,2056
0.536,1983
0.537,1994
0.538,2020
0.539,2004
0.54,2000
0.541,1966
0.542,1951
0.543,2007
0.544,1953
0.545,1940
0.546,1924
0.547,1934
0.548,1932
0.549,1904
0.55,1868
0.551,1839
0.552,1816
0.553,1792
0.554,1764
0.555,1740
0.556,1722
0.557,1743
0.558,1740
0.559,1724
0.56,1712
0.561,1727
0.562,1688
0.563,1673
0.564,1660
0.565,1687
0.566,1640
0.567,1646
0.568,1681
0.569,1616
0.57,1597
0.571,1594
0.572,1584
0.573,1569
0.574,1551
0.575,1520
0.576,1507
0.577,1561
0.578,1572
0.579,1591
0.58,1590
0.581,1595
0.582,1612
0.583,1593
0.584,1560
0.585,1552
0.586,1564
0.587,1576
0.588,1571
0.589,1578
0.59,1580
0.591,1611
0.592,1566
0.593,1552
0.594,1537
0.595,1573
0.596,1597
0.597,1588
0.598,1570
0.599,1560
0.6,1562
0.601,1586
0.602,1574
0.603,1600
0.604,1572
0.605,1601
0.606,1629
0.607,1611
0.608,1604
0.609,1616
0.61,1616
0.611,1664
0.612,1663
0.613,1620
0.614,1654
0.615,1728
0.616,1776
0.617,1758
0.618,1736
0.619,1736
0.62,1731
0.621,1708
0.622,1689
0.623,1696
0.624,1734
0.625,1876
0.626,1826
0.627,1812
0.628,1795
0.629,1840
0.63,1867
0.631,1807
0.632,1793
0.633,1832
0.634,1853
0.635,1840
0.636,1823
0.637,1806
0.638,1803
0.639,1888
0.64,1939
0.641,1908
0.642,1906
0.643,1922
0.644,1909
0.645,1886
0.646,1866
0.647,1857
0.648,1891
0.649,1990
0.65,1964
0.651,1950
0.652,1976
0.653,1999
0.654,1973
0.655,1958
0.656,1947
0.657,1999
0.658,1996
0.659,1974
0.66,1983
0.661,1960
0.662,1966
0.663,1951
0.664,1923
0.665,1906
0.666,1888
0.667,1886
0.668,1880
0.669,1856
0.67,1840
0.671,1832
0.672,1847
0.673,1838
0.674,1814
0.675,1805
0.676,1788
0.677,1855
0.678,1793
0.679,1774
0.68,1756
0.681,1776
0.682,1810
0.683,1808
0.684,1794
0.685,1783
0.686,1783
0.687,1767
0.688,1743
0.689,1735
0.69,1733
0.691,1755
0.692,1752
0.693,1725
0.694,1751
0.695,1704
0.696,1706
0.697,1728
0.698,1695
0.699,1684
0.7,1715
0.701,1736
0.702,1710
0.703,1693
0.704,1683
0.705,1758
0.706,1776
0.707,1744
0.708,1722
0.709,1748
0.71,1791
0.711,1737
0.712,1720
0.713,1704
0.714,1698
0.715,1716
0.716,1693
0.717,1676
0.718,1655
0.719,1691
0.72,1697
0.721,1677
0.722,1670
0.723,1668
0.724,1671
0.725,1680
0.726,1656
0.727,1647
0.728,1665
0.729,1699
0.73,1695
0.731,1728
0.732,1681
0.733,1687
0.734,1824
0.735,1814
0.736,1796
0.737,1788
0.738,1815
0.739,1832
0.74,1784
0.741,1774
0.742,1760
0.743,1839
0.744,1947
0.745,1944
0.746,1936
0.747,1963
0.748,2000
0.749,1966
0.75,1941
0.751,1928
0.752,1918
0.753,1947
0.754,1924
0.755,1927
0.756,1934
0.757,2004
0.758,2032
0.759,2033
0.76,1994
0.761,1984
0.762,1969
0.763,1945
0.764,1929
0.765,1930
0.766,2015
0.767,2057
0.768,2034
0.769,2025
0.77,2013
0.771,2054
0.772,2012
0.773,1989
0.774,1970
0.775,2015
0.776,2046
0.777,2031
0.778,1983
0.779,1972
0.78,1980
0.781,1991
0.782,1968
0.783,1947
0.784,1964
0.785,1973
0.786,1944
0.787,1921
0.788,1902
0.789,1902
0.79,1984
0.791,1964
0.792,1952
0.793,1942
0.794,1972
0.795,2064
0.796,2044
0.797,2023
0.798,2048
0.799,2025
0.8,2002
0.801,1986
0.802,1976
0.803,2002
0.804,2047
0.805,2088
0.806,2056
0.807,2080
0.808,2079
0.809,2088
0.81,2073
0.811,2067
0.812,2111
0.813,2201
0.814,2180
0.815,2172
0.816,2161
0.817,2152
0.818,2236
0.819,2211
0.82,2179
0.821,2209
0.822,2208
0.823,2184
0.824,2168
0.825,2154
0.826,2206
0.827,2271
0.828,2239
0.829,2220
0.83,2226
0.831,2219
0.832,2208
0.833,2164
0.834,2148
0.835,2135
0.836,2240
0.837,2303
0.838,2246
0.839,2240
0.84,2263
0.841,2269
0.842,2232
0.843,2210
0.844,2257
0.845,2207
0.846,2264
0.847,2240
0.848,2179
0.849,2167
0.85,2199
0.851,2175
0.852,2175
0.853,2135
0.854,2129
0.855,2118
0.856,2129
0.857,2108
0.858,2096
0.859,2066
0.86,2091
0.861,2112
0.862,2065
0.863,2057
0.864,2064
0.865,2041
0.866,2048
0.867,2009
0.868,1995
0.869,2031
0.87,2066
0.871,1991
0.872,1969
0.873,1970
0.874,1962
0.875,1953
0.876,1932
0.877,1912
0.878,1894
0.879,1888
0.88,1906
0.881,1898
0.882,1877
0.883,1867
0.884,1868
0.885,1866
0.886,1841
0.887,1822
0.888,1812
0.889,1808
0.89,1855
0.891,1824
0.892,1800
0.893,1808
0.894,1792
0.895,1775
0.896,1762
0.897,1752
0.898,1745
0.899,1743
0.9,1783
0.901,1762
0.902,1743
0.903,1743
0.904,1741
0.905,1731
0.906,1726
0.907,1710
0.908,1701
0.909,1698
0.91,1726
0.911,1743
0.912,1702
0.913,1704
0.914,1704
0.915,1687
0.916,1689
0.917,1680
0.918,1664
0.919,1670
0.92,1693
0.921,1698
0.922,1719
0.923,1675
0.924,1679
0.925,1726
0.926,1720
0.927,1707
0.928,1699
0.929,1736
0.93,1792
0.931,1744
0.932,1732
0.933,1723
0.934,1722
0.935,1776
0.936,1778
0.937,1775
0.938,1759
0.939,1784
0.94,1782
0.941,1756
0.942,1743
0.943,1744
0.944,1747
0.945,1763
0.946,1741
0.947,1737
0.948,1730
0.949,1763
0.95,1764
0.951,1752
0.952,1750
0.953,1756
0.954,1740
0.955,1722
0.956,1709
0.957,1712
0.958,1703
0.959,1734
0.96,1713
0.961,1699
0.962,1702
0.963,1697
0.964,1683
0.965,1664
0.966,1652
0.967,1644
0.968,1641
0.969,1674
0.97,1669
0.971,1655
0.972,1651
0.973,1648
0.974,1650
0.975,1662
0.976,1652
0.977,1636
0.978,1668
0.979,1654
0.98,1637
0.981,1631
0.982,1627
0.983,1619
0.984,1627
0.985,1616
0.986,1615
0.987,1631
0.988,1652
0.989,1656
0.99,1637
0.991,1631
0.992,1628
0.993,1665
0.994,1680
0.995,1647
0.996,1644
0.997,1680
0.998,1691
0.999,1686
