0.0,980
0.001,968
0.002,976
0.003,951
0.004,939
0.005,966
0.006,991
0.007,980
0.008,976
0.009,957
0.01,956
0.011,976
0.012,957
0.013,943
0.014,932
0.015,954
0.016,967
0.017,971
0.018,956
0.019,946
0.02,938
0.021,958
0.022,957
0.023,947
0.024,932
0.025,950
0.026,972
0.027,964
0.028,950
0.029,940
0.03,948
0.031,960
0.032,952
0.033,931
0.034,943
0.035,973
0.036,990
0.037,966
0.038,950
0.039,963
0.04,991
0.041,969
0.042,955
0.043,988
0.044,1019
0.045,1005
0.046,1000
0.047,998
0.048,1045
0.049,1036
0.05,1023
0.051,1066
0.052,1106
0.053,1096
0.054,1084
0.055,1093
0.056,1188
0.057,1161
0.058,1148
0.059,1178
0.06,1166
0.061,1151
0.062,1147
0.063,1211
0.064,1180
0.065,1162
0.066,1215
0.067,1229
0.068,1215
0.069,1189
0.07,1243
0.071,1249
0.072,1239
0.073,1232
0.074,1271
0.075,1366
0.076,1304
0.077,1314
0.078,1346
0.079,1365
0.08,1336
0.081,1335
0.082,1454
0.083,1492
0.084,1465
0.085,1450
0.086,1489
0.087,1489
0.088,1453
0.089,1463
0.09,1507
0.091,1512
0.092,1511
0.093,1465
0.094,1585
0.095,1663
0.096,1599
0.097,1613
0.098,1684
0.099,1670
0.1,1639
0.101,1628
0.102,1772
0.103,1778
0.104,1751
0.105,1738
0.106,1750
0.107,1738
0.108,1696
0.109,1674
0.11,1767
0.111,1746
0.112,1714
0.113,1699
0.114,1726
0.115,1767
0.116,1718
0.117,1692
0.118,1719
0.119,1736
0.12,1687
0.121,1666
0.122,1695
0.123,1783
0.124,1764
0.125,1744
0.126,1724
0.127,1733
0.128,1720
0.129,1686
0.13,1659
0.131,1684
0.132,1751
0.133,1682
0.134,1667
0.135,1728
0.136,1766
0.137,1748
0.138,1732
0.139,1844
0.14,1835
0.141,1819
0.142,1841
0.143,1994
0.144,1951
0.145,1916
0.146,1943
0.147,1971
0.148,1966
0.149,1894
0.15,2020
0.151,1925
0.152,1888
0.153,1873
0.154,1896
0.155,1938
0.156,1924
0.157,1865
0.158,1895
0.159,1920
0.16,1846
0.161,1871
0.162,1967
0.163,1923
0.164,1889
0.165,1912
0.166,1892
0.167,1851
0.168,1856
0.169,1894
0.17,1857
0.171,1872
0.172,1820
0.173,1826
0.174,1792
0.175,1756
0.176,1770
0.177,1796
0.178,1778
0.179,1750
0.18,1726
0.181,1723
0.182,1736
0.183,1708
0.184,1690
0.185,1693
0.186,1706
0.187,1700
0.188,1663
0.189,1639
0.19,1663
0.191,1720
0.192,1660
0.193,1637
0.194,1684
0.195,1794
0.196,1783
0.197,1714
0.198,1768
0.199,1774
0.2,1748
0.201,1727
0.202,1752
0.203,1872
0.204,1856
0.205,1831
0.206,1813
0.207,1824
0.208,1842
0.209,1816
0.21,1772
0.211,1804
0.212,1774
0.213,1804
0.214,1771
0.215,1746
0.216,1718
0.217,1719
0.218,1774
0.219,1727
0.22,1676
0.221,1688
0.222,1746
0.223,1735
0.224,1698
0.225,1671
0.226,1696
0.227,1692
0.228,1716
0.229,1648
0.23,1622
0.231,1634
0.232,1667
0.233,1675
0.234,1604
0.235,1623
0.236,1613
0.237,1633
0.238,1561
0.239,1584
0.24,1557
0.241,1572
0.242,1550
0.243,1528
0.244,1530
0.245,1562
0.246,1609
0.247,1579
0.248,1567
0.249,1644
0.25,1703
0.251,1696
0.252,1658
0.253,1632
0.254,1670
0.255,1697
0.256,1671
0.257,1658
0.258,1645
0.259,1656
0.26,1688
0.261,1680
0.262,1655
0.263,1663
0.264,1703
0.265,1798
0.266,1791
0.267,1759
0.268,1816
0.269,1817
0.27,1839
0.271,1789
0.272,1761
0.273,1787
0.274,1976
0.275,1968
0.276,1938
0.277,1907
0.278,1920
0.279,1991
0.28,1912
0.281,1880
0.282,1864
0.283,1884
0.284,1963
0.285,1899
0.286,1843
0.287,1850
0.288,2004
0.289,1991
0.29,1964
0.291,1963
0.292,2052
0.293,2028
0.294,2010
0.295,1998
0.296,2000
0.297,2088
0.298,2111
0.299,2047
0.3,2000
0.301,2003
0.302,2015
0.303,2004
0.304,1989
0.305,1983
0.306,1986
0.307,2027
0.308,2020
0.309,2002
0.31,2024
0.311,2039
0.312,2050
0.313,2053
0.314,2026
0.315,2001
0.316,2000
0.317,2048
0.318,2035
0.319,1993
0.32,1993
0.321,1996
0.322,2008
0.323,1985
0.324,1976
0.325,1967
0.326,1960
0.327,1960
0.328,1966
0.329,2020
0.33,1960
0.331,2007
0.332,1979
0.333,1978
0.334,1962
0.335,1961
0.336,1945
0.337,1983
0.338,1962
0.339,1951
0.34,1948
0.341,1995
0.342,1964
0.343,1995
0.344,1964
0.345,1968
0.346,1958
0.347,2016
0.348,2023
0.349,2022
0.35,2048
0.351,2024
0.352,2069
0.353,2082
0.354,2074
0.355,2074
0.356,2080
0.357,2148
0.358,2147
0.359,2140
0.36,2128
0.361,2176
0.362,2200
0.363,2201
0.364,2207
0.365,2169
0.366,2218
0.367,2251
0.368,2283
0.369,2220
0.37,2225
0.371,2271
0.372,2355
0.373,2349
0.374,2332
0.375,2316
0.376,2343
0.377,2336
0.378,2336
0.379,2328
0.38,2342
0.381,2384
0.382,2384
0.383,2379
0.384,2336
0.385,2431
0.386,2504
0.387,2480
0.388,2460
0.389,2499
0.39,2592
0.391,2569
0.392,2538
0.393,2512
0.394,2560
0.395,2665
0.396,2647
0.397,2639
0.398,2603
0.399,2647
0.4,2655
0.401,2655
0.402,2608
0.403,2670
0.404,2744
0.405,2733
0.406,2700
0.407,2660
0.408,2726
0.409,2840
0.41,2818
0.411,2792
0.412,2768
0.413,2786
0.414,2801
0.415,2783
0.416,2740
0.417,2699
0.418,2793
0.419,2883
0.42,2864
0.421,2822
0.422,2780
0.423,2800
0.424,2776
0.425,2748
0.426,2713
0.427,2673
0.428,2776
0.429,2895
0.43,2867
0.431,2852
0.432,2780
0.433,2775
0.434,2824
0.435,2800
0.436,2753
0.437,2752
0.438,2783
0.439,2732
0.44,2680
0.441,2656
0.442,2702
0.443,2738
0.444,2690
0.445,2638
0.446,2612
0.447,2624
0.448,2621
0.449,2534
0.45,2506
0.451,2564
0.452,2623
0.453,2540
0.454,2488
0.455,2460
0.456,2536
0.457,2609
0.458,2635
0.459,2496
0.46,2560
0.461,2523
0.462,2469
0.463,2430
0.464,2380
0.465,2471
0.466,2528
0.467,2480
0.468,2416
0.469,2414
0.47,2402
0.471,2349
0.472,2295
0.473,2268
0.474,2367
0.475,2368
0.476,2284
0.477,2248
0.478,2255
0.479,2281
0.48,2332
0.481,2266
0.482,2218
0.483,2267
0.484,2388
0.485,2343
0.486,2293
0.487,2296
0.488,2316
0.489,2369
0.49,2322
0.491,2288
0.492,2261
0.493,2260
0.494,2244
0.495,2223
0.496,2176
0.497,2197
0.498,2244
0.499,2254
0.5,2191
0.501,2198
0.502,2162
0.503,2288
0.504,2226
0.505,2200
0.506,2199
0.507,2191
0.508,2143
0.509,2122
0.51,2100
0.511,2095
0.512,2185
0.513,2185
0.514,2123
0.515,2118
0.516,2108
0.517,2079
0.518,2052
0.519,2048
0.52,2019
0.521,2162
0.522,2158
0.523,2126
0.524,2123
0.525,2135
0.526,2224
0.527,2191
0.528,2176
0.529,2160
0.53,2164
0.531,2120
0.532,2092
0.533,2061
0.534,2104
0.535,2143
0.536,2178
0.537,2152
0.538,2144
0.539,2119
0.54,2127
0.541,2080
0.542,2049
0.543,2029
0.544,2064
0.545,2143
0.546,2121
0.547,2116
0.548,2112
0.549,2089
0.55,2176
0.551,2196
0.552,2169
0.553,2144
0.554,2142
0.555,2136
0.556,2139
0.557,2168
0.558,2108
0.559,2121
0.56,2104
0.561,2255
0.562,2211
0.563,2183
0.564,2220
0.565,2208
0.566,2184
0.567,2152
0.568,2136
0.569,2131
0.57,2136
0.571,2216
0.572,2208
0.573,2232
0.574,2176
0.575,2223
0.576,2195
0.577,2171
0.578,2160
0.579,2176
0.58,2140
0.581,2160
0.582,2103
0.583,2104
0.584,2139
0.585,2184
0.586,2205
0.587,2191
0.588,2178
0.589,2176
0.59,2141
0.591,2115
0.592,2101
0.593,2087
0.594,2148
0.595,2200
0.596,2181
0.597,2179
0.598,2162
0.599,2177
0.6,2226
0.601,2268
0.602,2191
0.603,2255
0.604,2194
0.605,2148
0.606,2138
0.607,2139
0.608,2140
0.609,2228
0.61,2202
0.611,2217
0.612,2207
0.613,2185
0.614,2155
0.615,2136
0.616,2116
0.617,2107
0.618,2162
0.619,2140
0.62,2128
0.621,2108
0.622,2138
0.623,2183
0.624,2161
0.625,2154
0.626,2160
0.627,2144
0.628,2116
0.629,2112
0.63,2108
0.631,2143
0.632,2224
0.633,2200
0.634,2201
0.635,2224
0.636,2202
0.637,2182
0.638,2172
0.639,2184
0.64,2201
0.641,2201
0.642,2177
0.643,2176
0.644,2198
0.645,2174
0.646,2271
0.647,2252
0.648,2234
0.649,2255
0.65,2261
0.651,2233
0.652,2239
0.653,2224
0.654,2231
0.655,2258
0.656,2320
0.657,2302
0.658,2336
0.659,2367
0.66,2293
0.661,2292
0.662,2248
0.663,2248
0.664,2248
0.665,2214
0.666,2190
0.667,2180
0.668,2196
0.669,2211
0.67,2223
0.671,2198
0.672,2207
0.673,2178
0.674,2172
0.675,2151
0.676,2151
0.677,2148
0.678,2199
0.679,2264
0.68,2245
0.681,2236
0.682,2228
0.683,2208
0.684,2172
0.685,2163
0.686,2156
0.687,2203
0.688,2227
0.689,2240
0.69,2230
0.691,2228
0.692,2268
0.693,2303
0.694,2280
0.695,2277
0.696,2312
0.697,2304
0.698,2303
0.699,2267
0.7,2258
0.701,2251
0.702,2312
0.703,2328
0.704,2342
0.705,2314
0.706,2350
0.707,2332
0.708,2331
0.709,2302
0.71,2318
0.711,2348
0.712,2432
0.713,2375
0.714,2373
0.715,2394
0.716,2407
0.717,2476
0.718,2471
0.719,2449
0.72,2503
0.721,2467
0.722,2520
0.723,2497
0.724,2488
0.725,2530
0.726,2531
0.727,2544
0.728,2530
0.729,2524
0.73,2516
0.731,2483
0.732,2454
0.733,2441
0.734,2436
0.735,2478
0.736,2487
0.737,2463
0.738,2454
0.739,2451
0.74,2456
0.741,2535
0.742,2516
0.743,2505
0.744,2537
0.745,2521
0.746,2496
0.747,2483
0.748,2488
0.749,2483
0.75,2504
0.751,2548
0.752,2528
0.753,2515
0.754,2535
0.755,2528
0.756,2560
0.757,2476
0.758,2472
0.759,2472
0.76,2504
0.761,2500
0.762,2490
0.763,2512
0.764,2504
0.765,2484
0.766,2455
0.767,2494
0.768,2436
0.769,2426
0.77,2451
0.771,2440
0.772,2425
0.773,2487
0.774,2464
0.775,2436
0.776,2431
0.777,2428
0.778,2422
0.779,2389
0.78,2375
0.781,2362
0.782,2360
0.783,2384
0.784,2440
0.785,2428
0.786,2431
0.787,2432
0.788,2404
0.789,2372
0.79,2367
0.791,2342
0.792,2365
0.793,2415
0.794,2352
0.795,2368
0.796,2397
0.797,2347
0.798,2321
0.799,2303
0.8,2271
0.801,2276
0.802,2295
0.803,2325
0.804,2252
0.805,2252
0.806,2241
0.807,2219
0.808,2204
0.809,2204
0.81,2208
0.811,2221
0.812,2247
0.813,2208
0.814,2209
0.815,2207
0.816,2212
0.817,2196
0.818,2167
0.819,2161
0.82,2162
0.821,2161
0.822,2195
0.823,2161
0.824,2148
0.825,2148
0.826,2155
0.827,2151
0.828,2119
0.829,2097
0.83,2093
0.831,2091
0.832,2119
0.833,2121
0.834,2090
0.835,2085
0.836,2086
0.837,2089
0.838,2079
0.839,2046
0.84,2036
0.841,2032
0.842,2035
0.843,2064
0.844,2045
0.845,2033
0.846,2039
0.847,2031
0.848,2047
0.849,1990
0.85,1983
0.851,1985
0.852,2020
0.853,1997
0.854,1988
0.855,1986
0.856,2000
0.857,1992
0.858,1991
0.859,2002
0.86,1996
0.861,1987
0.862,2009
0.863,2047
0.864,2008
0.865,2000
0.866,1995
0.867,1998
0.868,2018
0.869,2018
0.87,2047
0.871,2008
0.872,2055
0.873,2116
0.874,2118
0.875,2109
0.876,2158
0.877,2112
0.878,2095
0.879,2074
0.88,2068
0.881,2067
0.882,2112
0.883,2169
0.884,2155
0.885,2158
0.886,2153
0.887,2182
0.888,2184
0.889,2175
0.89,2176
0.891,2258
0.892,2282
0.893,2272
0.894,2263
0.895,2283
0.896,2295
0.897,2368
0.898,2328
0.899,2368
0.9,2356
0.901,2345
0.902,2364
0.903,2308
0.904,2297
0.905,2304
0.906,2367
0.907,2383
0.908,2375
0.909,2360
0.91,2371
0.911,2456
0.912,2368
0.913,2358
0.914,2364
0.915,2353
0.916,2352
0.917,2315
0.918,2335
0.919,2353
0.92,2376
0.921,2380
0.922,2372
0.923,2359
0.924,2391
0.925,2310
0.926,2289
0.927,2278
0.928,2337
0.929,2368
0.93,2359
0.931,2343
0.932,2337
0.933,2326
0.934,2384
0.935,2380
0.936,2363
0.937,2352
0.938,2379
0.939,2366
0.94,2343
0.941,2332
0.942,2324
0.943,2311
0.944,2459
0.945,2399
0.946,2406
0.947,2392
0.948,2391
0.949,2369
0.95,2350
0.951,2341
0.952,2395
0.953,2379
0.954,2464
0.955,2398
0.956,2392
0.957,2411
0.958,2462
0.959,2427
0.96,2411
0.961,2416
0.962,2410
0.963,2456
0.964,2511
0.965,2527
0.966,2511
0.967,2528
0.968,2500
0.969,2520
0.97,2508
0.971,2505
0.972,2472
0.973,2449
0.974,2418
0.975,2410
0.976,2439
0.977,2448
0.978,2476
0.979,2455
0.98,2456
0.981,2444
0.982,2479
0.983,2488
0.984,2476
0.985,2464
0.986,2500
0.987,2478
0.988,2463
0.989,2444
0.99,2448
0.991,2491
0.992,2559
0.993,2495
0.994,2480
0.995,2476
0.996,2496
0.997,2448
0.998,2495
0.999,2422
