0.0,969
0.0,959
0.0,409
0.0,945
0.0,948
0.01,937
0.01,928
0.01,940
0.01,952
0.01,963
0.01,958
0.01,950
0.01,940
0.01,937
0.01,954
0.01,952
0.02,942
0.02,933
0.02,932
0.02,954
0.02,967
0.02,956
0.02,946
0.02,940
0.02,939
0.03,946
0.03,943
0.03,934
0.03,926
0.03,923
0.03,945
0.03,967
0.03,961
0.03,949
0.03,945
0.04,936
0.04,944
0.04,944
0.04,931
0.04,922
0.04,918
0.04,942
0.04,958
0.04,952
0.04,943
0.04,938
0.05,935
0.05,945
0.05,939
0.05,931
0.05,924
0.05,923
0.05,953
0.05,962
0.05,957
0.06,951
0.06,948
0.06,960
0.06,966
0.06,964
0.06,951
0.06,947
0.06,970
0.06,1008
0.06,1003
0.07,992
0.07,981
0.07,992
0.07,1032
0.07,1056
0.07,1039
0.07,1020
0.07,1039
0.07,1062
0.07,1101
0.07,1093
0.08,1087
0.08,1072
0.08,1119
0.08,1183
0.08,1147
0.08,1151
0.08,1121
0.08,1143
0.08,1173
0.09,1179
0.09,1169
0.09,1160
0.09,1150
0.09,1162
0.09,1158
0.09,1144
0.09,1125
0.09,1115
0.09,1160
0.1,1183
0.1,1175
0.1,1170
0.1,1155
0.1,1128
0.1,1127
0.1,1122
0.1,1108
0.1,1099
0.1,1114
0.1,1130
0.11,1140
0.11,1132
0.11,1127
0.11,1128
0.11,1118
0.11,1124
0.11,1113
0.11,1107
0.11,1100
0.12,1105
0.12,1123
0.12,1124
0.12,1111
0.12,1099
0.12,1104
0.12,1084
0.12,1081
0.12,1076
0.12,1064
0.12,1060
0.13,1067
0.13,1095
0.13,1085
0.13,1100
0.13,1116
0.13,1078
0.13,1076
0.13,1080
0.13,1070
0.14,1070
0.14,1062
0.14,1084
0.14,1085
0.14,1088
0.14,1074
0.14,1067
0.14,1062
0.14,1064
0.14,1066
0.14,1070
0.15,1054
0.15,1072
0.15,1068
0.15,1112
0.15,1088
0.15,1077
0.15,1071
0.15,1070
0.15,1112
0.15,1122
0.16,1115
0.16,1119
0.16,1128
0.16,1142
0.16,1146
0.16,1132
0.16,1132
0.16,1128
0.16,1159
0.17,1187
0.17,1178
0.17,1160
0.17,1152
0.17,1188
0.17,1247
0.17,1240
0.17,1219
0.17,1209
0.17,1205
0.18,1320
0.18,1366
0.18,1353
0.18,1351
0.18,1350
0.18,1362
0.18,1381
0.18,1371
0.18,1352
0.18,1337
0.18,1331
0.19,1371
0.19,1333
0.19,1320
0.19,1304
0.19,1318
0.19,1334
0.19,1355
0.19,1342
0.19,1330
0.2,1323
0.2,1315
0.2,1327
0.2,1316
0.2,1295
0.2,1300
0.2,1322
0.2,1317
0.2,1331
0.2,1334
0.21,1308
0.21,1296
0.21,1322
0.21,1337
0.21,1316
0.21,1288
0.21,1294
0.21,1323
0.21,1372
0.21,1344
0.21,1317
0.22,1320
0.22,1339
0.22,1392
0.22,1371
0.22,1346
0.22,1331
0.22,1362
0.22,1446
0.22,1436
0.23,1415
0.23,1401
0.23,1392
0.23,1508
0.23,1527
0.23,1508
0.23,1499
0.23,1493
0.23,1550
0.23,1531
0.24,1518
0.24,1494
0.24,1476
0.24,1481
0.24,1539
0.24,1530
0.24,1505
0.24,1481
0.24,1495
0.24,1498
0.24,1527
0.25,1536
0.25,1478
0.25,1455
0.25,1529
0.25,1589
0.25,1569
0.25,1547
0.25,1534
0.25,1607
0.26,1692
0.26,1687
0.26,1677
0.26,1634
0.26,1633
0.26,1701
0.26,1709
0.26,1696
0.26,1687
0.26,1688
0.27,1765
0.27,1799
0.27,1746
0.27,1716
0.27,1700
0.27,1807
0.27,1895
0.27,1864
0.27,1836
0.27,1820
0.28,1834
0.28,1856
0.28,1825
0.28,1798
0.28,1793
0.28,1758
0.28,1839
0.28,1809
0.28,1779
0.28,1759
0.29,1760
0.29,1783
0.29,1824
0.29,1760
0.29,1728
0.29,1715
0.29,1797
0.29,1823
0.29,1789
0.29,1756
0.29,1768
0.3,1851
0.3,1914
0.3,1896
0.3,1860
0.3,1833
0.3,1885
0.3,2032
0.3,2033
0.3,2009
0.3,1966
0.31,1976
0.31,2082
0.31,2127
0.31,2112
0.31,2050
0.31,2025
0.31,2041
0.31,2112
0.31,2068
0.32,2012
0.32,2003
0.32,2051
0.32,2162
0.32,2129
0.32,2111
0.32,2054
0.32,2148
0.32,2271
0.32,2238
0.33,2223
0.33,2168
0.33,2189
0.33,2216
0.33,2188
0.33,2156
0.33,2123
0.33,2115
0.33,2248
0.33,2301
0.34,2319
0.34,2259
0.34,2234
0.34,2252
0.34,2254
0.34,2246
0.34,2190
0.34,2157
0.34,2177
0.34,2223
0.35,2204
0.35,2164
0.35,2135
0.35,2176
0.35,2215
0.35,2214
0.35,2180
0.35,2156
0.35,2160
0.35,2248
0.35,2244
0.36,2233
0.36,2200
0.36,2168
0.36,2239
0.36,2295
0.36,2244
0.36,2240
0.36,2186
0.36,2244
0.36,2332
0.37,2360
0.37,2303
0.37,2252
0.37,2332
0.37,2324
0.37,2285
0.37,2256
0.37,2263
0.37,2232
0.38,2298
0.38,2340
0.38,2300
0.38,2261
0.38,2267
0.38,2288
0.38,2332
0.38,2288
0.38,2270
0.38,2256
0.39,2375
0.39,2471
0.39,2453
0.39,2424
0.39,2396
0.39,2405
0.39,2448
0.39,2432
0.39,2404
0.39,2378
0.4,2390
0.4,2496
0.4,2448
0.4,2416
0.4,2399
0.4,2399
0.4,2423
0.4,2465
0.4,2464
0.4,2442
0.41,2437
0.41,2501
0.41,2501
0.41,2470
0.41,2495
0.41,2423
0.41,2532
0.41,2564
0.41,2572
0.41,2523
0.42,2544
0.42,2532
0.42,2544
0.42,2560
0.42,2527
0.42,2503
0.42,2479
0.42,2512
0.42,2500
0.42,2452
0.42,2436
0.43,2567
0.43,2641
0.43,2633
0.43,2631
0.43,2562
0.43,2568
0.43,2556
0.43,2534
0.43,2507
0.43,2489
0.44,2591
0.44,2718
0.44,2701
0.44,2672
0.44,2655
0.44,2612
0.44,2647
0.44,2648
0.44,2628
0.45,2671
0.45,2671
0.45,2664
0.45,2655
0.45,2688
0.45,2620
0.45,2590
0.45,2592
0.45,2612
0.45,2577
0.46,2536
0.46,2511
0.46,2520
0.46,2517
0.46,2500
0.46,2479
0.46,2480
0.46,2426
0.46,2452
0.46,2437
0.47,2420
0.47,2398
0.47,2376
0.47,2387
0.47,2378
0.47,2368
0.47,2355
0.47,2329
0.47,2309
0.47,2321
0.48,2313
0.48,2298
0.48,2280
0.48,2273
0.48,2287
0.48,2287
0.48,2266
0.48,2247
0.48,2227
0.48,2253
0.48,2264
0.49,2225
0.49,2205
0.49,2187
0.49,2224
0.49,2204
0.49,2216
0.49,2240
0.49,2156
0.49,2150
0.49,2184
0.5,2174
0.5,2155
0.5,2144
0.5,2132
0.5,2146
0.5,2139
0.5,2152
0.5,2109
0.5,2087
0.51,2111
0.51,2111
0.51,2100
0.51,2094
0.51,2095
0.51,2112
0.51,2082
0.51,2097
0.51,2064
0.51,2052
0.52,2049
0.52,2095
0.52,2092
0.52,2071
0.52,2052
0.52,2049
0.52,2080
0.52,2088
0.52,2079
0.52,2076
0.53,2053
0.53,2111
0.53,2144
0.53,2084
0.53,2080
0.53,2036
0.53,2070
0.53,2065
0.53,2044
0.53,2017
0.54,2015
0.54,2040
0.54,2046
0.54,2020
0.54,2007
0.54,2056
0.54,2192
0.54,2192
0.54,2120
0.54,2112
0.55,2118
0.55,2162
0.55,2124
0.55,2081
0.55,2056
0.55,2096
0.55,2117
0.55,2077
0.55,2040
0.55,2023
0.56,2079
0.56,2164
0.56,2121
0.56,2084
0.56,2049
0.56,2078
0.56,2086
0.56,2019
0.56,1975
0.56,1969
0.57,1978
0.57,1952
0.57,1933
0.57,1898
0.57,1882
0.57,1884
0.57,1844
0.57,1807
0.57,1799
0.57,1787
0.58,1796
0.58,1774
0.58,1775
0.58,1751
0.58,1706
0.58,1711
0.58,1706
0.58,1667
0.58,1736
0.58,1684
0.58,1651
0.59,1634
0.59,1612
0.59,1591
0.59,1636
0.59,1655
0.59,1632
0.59,1614
0.59,1650
0.59,1670
0.59,1653
0.6,1644
0.6,1636
0.6,1622
0.6,1663
0.6,1660
0.6,1647
0.6,1679
0.6,1663
0.6,1656
0.6,1647
0.61,1632
0.61,1629
0.61,1624
0.61,1652
0.61,1636
0.61,1614
0.61,1591
0.61,1628
0.61,1617
0.61,1664
0.62,1616
0.62,1616
0.62,1599
0.62,1623
0.62,1664
0.62,1607
0.62,1596
0.62,1651
0.62,1640
0.62,1656
0.63,1648
0.63,1644
0.63,1671
0.63,1650
0.63,1665
0.63,1643
0.63,1672
0.63,1672
0.63,1692
0.64,1696
0.64,1686
0.64,1696
0.64,1670
0.64,1776
0.64,1802
0.64,1799
0.64,1771
0.64,1814
0.64,1794
0.65,1791
0.65,1767
0.65,1759
0.65,1768
0.65,1754
0.65,1748
0.65,1731
0.65,1722
0.65,1741
0.65,1752
0.66,1738
0.66,1721
0.66,1716
0.66,1711
0.66,1737
0.66,1733
0.66,1716
0.66,1695
0.66,1683
0.66,1728
0.67,1711
0.67,1690
0.67,1672
0.67,1665
0.67,1689
0.67,1737
0.67,1711
0.67,1695
0.67,1696
0.67,1752
0.68,1744
0.68,1735
0.68,1748
0.68,1755
0.68,1812
0.68,1939
0.68,1887
0.68,1920
0.68,1976
0.68,1903
0.69,1884
0.69,1880
0.69,1880
0.69,1896
0.69,2026
0.69,2035
0.69,1997
0.69,1984
0.69,2012
0.69,2058
0.7,2047
0.7,2036
0.7,2024
0.7,2032
0.7,2108
0.7,2034
0.7,2040
0.7,2032
0.7,2063
0.7,2132
0.7,2150
0.71,2180
0.71,2114
0.71,2101
0.71,2088
0.71,2061
0.71,2060
0.71,2040
0.71,2087
0.71,2115
0.71,2112
0.72,2084
0.72,2088
0.72,2062
0.72,2121
0.72,2131
0.72,2144
0.72,2119
0.72,2103
0.72,2135
0.72,2168
0.73,2111
0.73,2111
0.73,2172
0.73,2240
0.73,2212
0.73,2184
0.73,2188
0.73,2170
0.73,2147
0.73,2125
0.74,2112
0.74,2098
0.74,2096
0.74,2200
0.74,2199
0.74,2182
0.74,2172
0.74,2192
0.74,2224
0.74,2176
0.75,2123
0.75,2106
0.75,2101
0.75,2143
0.75,2136
0.75,2088
0.75,2078
0.75,2109
0.75,2238
0.76,2177
0.76,2159
0.76,2160
0.76,2136
0.76,2098
0.76,2080
0.76,2102
0.76,2045
0.76,2099
0.76,2172
0.77,2175
0.77,2176
0.77,2151
0.77,2115
0.77,2175
0.77,2090
0.77,2064
0.77,2096
0.77,2068
0.77,2084
0.78,2054
0.78,2073
0.78,2026
0.78,2043
0.78,2131
0.78,2149
0.78,2083
0.78,2116
0.78,2080
0.78,2060
0.79,2047
0.79,2029
0.79,2037
0.79,2158
0.79,2135
0.79,2116
0.79,2105
0.79,2130
0.79,2143
0.79,2116
0.8,2097
0.8,2091
0.8,2131
0.8,2256
0.8,2216
0.8,2200
0.8,2187
0.8,2216
0.8,2288
0.8,2274
0.81,2262
0.81,2250
0.81,2241
0.81,2214
0.81,2191
0.81,2172
0.81,2154
0.81,2184
0.81,2224
0.81,2264
0.82,2296
0.82,2264
0.82,2206
0.82,2195
0.82,2215
0.82,2151
0.82,2144
0.82,2146
0.82,2126
0.82,2105
0.83,2096
0.83,2087
0.83,2076
0.83,2071
0.83,2040
0.83,2029
0.83,2018
0.83,2048
0.83,2018
0.83,2004
0.83,1978
0.84,1992
0.84,1983
0.84,2075
0.84,2052
0.84,2040
0.84,2040
0.84,2044
0.84,2048
0.84,2007
0.84,1999
0.85,1990
0.85,1978
0.85,1960
0.85,1939
0.85,1937
0.85,1931
0.85,1956
0.85,1964
0.85,1950
0.85,1943
0.86,1947
0.86,1936
0.86,1905
0.86,1890
0.86,1888
0.86,1869
0.86,1899
0.86,1899
0.86,1895
0.86,1885
0.87,1896
0.87,1887
0.87,1882
0.87,1868
0.87,1850
0.87,1845
0.87,1869
0.87,1895
0.87,1836
0.88,1838
0.88,1861
0.88,1856
0.88,1841
0.88,1823
0.88,1813
0.88,1810
0.88,1871
0.88,1815
0.88,1804
0.89,1824
0.89,1790
0.89,1804
0.89,1936
0.89,1938
0.89,1927
0.89,1923
0.89,1961
0.89,1991
0.89,1988
0.9,1981
0.9,1984
0.9,1979
0.9,2003
0.9,2020
0.9,2016
0.9,1991
0.9,2019
0.9,2112
0.9,2076
0.91,2071
0.91,2062
0.91,2046
0.91,2048
0.91,2056
0.91,2019
0.91,2018
0.91,2054
0.91,2128
0.91,2119
0.92,2114
0.92,2112
0.92,2093
0.92,2115
0.92,2123
0.92,2111
0.92,2112
0.92,2127
0.92,2129
0.92,2112
0.93,2100
0.93,2095
0.93,2087
0.93,2161
0.93,2241
0.93,2183
0.93,2215
0.93,2240
0.93,2175
0.93,2147
0.94,2137
0.94,2128
0.94,2168
0.94,2202
0.94,2171
0.94,2162
0.94,2152
0.94,2218
0.94,2230
0.94,2205
0.95,2142
0.95,2139
0.95,2133
0.95,2132
0.95,2109
0.95,2100
0.95,2087
0.95,2127
0.95,2166
0.95,2156
0.96,2148
0.96,2151
0.96,2135
0.96,2100
0.96,2084
0.96,2071
0.96,2063
0.96,2092
0.96,2068
0.96,2052
0.96,2047
0.97,2047
0.97,2045
0.97,2016
0.97,1990
0.97,1980
0.97,1977
0.97,1995
0.97,1999
0.97,1959
0.97,1953
0.98,1948
0.98,1944
0.98,1919
0.98,1897
0.98,1892
0.98,1896
0.98,1901
0.98,1922
0.98,1903
0.98,1890
0.99,1890
0.99,1964
0.99,1876
0.99,1836
0.99,1841
0.99,1826
0.99,1844
0.99,1848
0.99,1833
0.99,1815
1.0,1856
1.0,1811
1.0,1797
1.0,1796
