0.0,919
0.0,941
0.0,946
0.0,935
0.0,931
0.01,928
0.01,941
0.01,934
0.01,924
0.01,911
0.01,931
0.01,944
0.01,945
0.01,936
0.01,932
0.01,929
0.02,932
0.02,930
0.02,922
0.02,914
0.02,918
0.02,937
0.02,945
0.02,935
0.02,923
0.03,915
0.03,919
0.03,924
0.03,919
0.03,911
0.03,906
0.03,944
0.03,942
0.03,939
0.03,926
0.04,919
0.04,923
0.04,937
0.04,921
0.04,911
0.04,905
0.04,932
0.04,958
0.04,957
0.04,940
0.04,938
0.05,949
0.05,948
0.05,935
0.05,934
0.05,951
0.05,971
0.05,988
0.05,962
0.05,958
0.06,978
0.06,978
0.06,967
0.06,956
0.06,965
0.06,981
0.06,1023
0.06,995
0.06,992
0.06,988
0.07,997
0.07,1041
0.07,1039
0.07,1040
0.07,1026
0.07,1065
0.07,1115
0.07,1125
0.07,1099
0.07,1090
0.07,1107
0.08,1194
0.08,1195
0.08,1187
0.08,1191
0.08,1204
0.08,1208
0.08,1199
0.08,1214
0.08,1185
0.09,1193
0.09,1223
0.09,1217
0.09,1206
0.09,1199
0.09,1218
0.09,1234
0.09,1235
0.09,1224
0.09,1213
0.1,1231
0.1,1304
0.1,1300
0.1,1285
0.1,1280
0.1,1302
0.1,1342
0.1,1335
0.1,1323
0.1,1313
0.1,1307
0.11,1303
0.11,1292
0.11,1292
0.11,1280
0.11,1301
0.11,1296
0.11,1282
0.11,1273
0.11,1264
0.12,1256
0.12,1249
0.12,1244
0.12,1230
0.12,1221
0.12,1227
0.12,1271
0.12,1257
0.12,1238
0.12,1225
0.12,1218
0.13,1259
0.13,1216
0.13,1209
0.13,1185
0.13,1186
0.13,1213
0.13,1220
0.13,1195
0.13,1206
0.14,1199
0.14,1217
0.14,1222
0.14,1209
0.14,1198
0.14,1213
0.14,1264
0.14,1246
0.14,1232
0.14,1221
0.14,1231
0.15,1276
0.15,1269
0.15,1252
0.15,1239
0.15,1258
0.15,1276
0.15,1279
0.15,1264
0.15,1243
0.15,1254
0.16,1295
0.16,1295
0.16,1270
0.16,1253
0.16,1277
0.16,1311
0.16,1307
0.16,1285
0.16,1272
0.17,1263
0.17,1270
0.17,1246
0.17,1225
0.17,1213
0.17,1244
0.17,1260
0.17,1261
0.17,1232
0.17,1210
0.18,1221
0.18,1296
0.18,1285
0.18,1268
0.18,1280
0.18,1284
0.18,1352
0.18,1353
0.18,1333
0.18,1314
0.18,1328
0.19,1381
0.19,1407
0.19,1366
0.19,1359
0.19,1376
0.19,1396
0.19,1392
0.19,1379
0.19,1363
0.2,1358
0.2,1442
0.2,1466
0.2,1449
0.2,1416
0.2,1455
0.2,1516
0.2,1500
0.2,1472
0.2,1458
0.21,1517
0.21,1530
0.21,1498
0.21,1479
0.21,1494
0.21,1619
0.21,1640
0.21,1654
0.21,1616
0.21,1576
0.21,1646
0.22,1664
0.22,1630
0.22,1609
0.22,1602
0.22,1639
0.22,1811
0.22,1779
0.22,1729
0.22,1709
0.23,1766
0.23,1776
0.23,1766
0.23,1758
0.23,1728
0.23,1743
0.23,1784
0.23,1764
0.23,1740
0.23,1716
0.24,1762
0.24,1936
0.24,1877
0.24,1856
0.24,1836
0.24,1834
0.24,1860
0.24,1877
0.24,1816
0.24,1794
0.24,1792
0.25,1868
0.25,1886
0.25,1850
0.25,1823
0.25,1828
0.25,1869
0.25,1886
0.25,1901
0.25,1828
0.26,1817
0.26,1871
0.26,1920
0.26,1871
0.26,1870
0.26,1841
0.26,1860
0.26,1892
0.26,1856
0.26,1829
0.27,1810
0.27,1857
0.27,1880
0.27,1888
0.27,1855
0.27,1878
0.27,1900
0.27,1928
0.27,1901
0.27,1927
0.28,1857
0.28,1923
0.28,2003
0.28,1988
0.28,1991
0.28,1952
0.28,2004
0.28,2112
0.28,2103
0.28,2052
0.29,2029
0.29,2158
0.29,2259
0.29,2250
0.29,2224
0.29,2206
0.29,2204
0.29,2262
0.29,2193
0.29,2169
0.29,2153
0.3,2169
0.3,2233
0.3,2211
0.3,2205
0.3,2178
0.3,2167
0.3,2264
0.3,2226
0.3,2202
0.3,2207
0.31,2279
0.31,2316
0.31,2294
0.31,2271
0.31,2255
0.31,2316
0.31,2440
0.31,2415
0.31,2390
0.32,2360
0.32,2427
0.32,2419
0.32,2394
0.32,2365
0.32,2340
0.32,2342
0.32,2385
0.32,2371
0.32,2350
0.33,2323
0.33,2312
0.33,2392
0.33,2428
0.33,2412
0.33,2390
0.33,2408
0.33,2387
0.33,2400
0.33,2372
0.34,2354
0.34,2341
0.34,2359
0.34,2396
0.34,2391
0.34,2399
0.34,2367
0.34,2392
0.34,2384
0.34,2384
0.35,2335
0.35,2360
0.35,2331
0.35,2388
0.35,2384
0.35,2360
0.35,2345
0.35,2339
0.35,2367
0.35,2335
0.35,2335
0.36,2289
0.36,2285
0.36,2349
0.36,2362
0.36,2345
0.36,2322
0.36,2336
0.36,2286
0.36,2319
0.36,2312
0.37,2292
0.37,2264
0.37,2255
0.37,2269
0.37,2256
0.37,2239
0.37,2222
0.37,2197
0.37,2188
0.38,2196
0.38,2175
0.38,2156
0.38,2137
0.38,2137
0.38,2149
0.38,2133
0.38,2123
0.38,2112
0.38,2099
0.39,2112
0.39,2103
0.39,2113
0.39,2078
0.39,2112
0.39,2124
0.39,2124
0.39,2111
0.39,2112
0.39,2087
0.4,2120
0.4,2149
0.4,2157
0.4,2132
0.4,2176
0.4,2192
0.4,2220
0.4,2230
0.4,2185
0.4,2165
0.41,2209
0.41,2200
0.41,2190
0.41,2176
0.41,2182
0.41,2237
0.41,2264
0.41,2249
0.41,2265
0.41,2215
0.42,2292
0.42,2297
0.42,2305
0.42,2250
0.42,2296
0.42,2337
0.42,2321
0.42,2304
0.42,2303
0.42,2331
0.42,2345
0.43,2326
0.43,2321
0.43,2288
0.43,2390
0.43,2376
0.43,2338
0.43,2316
0.43,2320
0.43,2347
0.43,2352
0.44,2323
0.44,2302
0.44,2292
0.44,2346
0.44,2367
0.44,2342
0.44,2321
0.44,2303
0.44,2393
0.45,2328
0.45,2305
0.45,2280
0.45,2280
0.45,2352
0.45,2359
0.45,2367
0.45,2292
0.45,2280
0.45,2307
0.46,2320
0.46,2298
0.46,2272
0.46,2331
0.46,2399
0.46,2339
0.46,2311
0.46,2293
0.46,2284
0.46,2354
0.47,2355
0.47,2354
0.47,2352
0.47,2318
0.47,2320
0.47,2262
0.47,2218
0.47,2239
0.47,2250
0.47,2224
0.48,2173
0.48,2134
0.48,2125
0.48,2151
0.48,2143
0.48,2135
0.48,2107
0.48,2095
0.48,2165
0.48,2149
0.48,2120
0.49,2094
0.49,2075
0.49,2080
0.49,2064
0.49,2033
0.49,1997
0.49,2000
0.49,2001
0.49,2000
0.49,2001
0.5,1960
0.5,1896
0.5,1920
0.5,1936
0.5,1849
0.5,1826
0.5,1840
0.5,1847
0.5,1827
0.51,1789
0.51,1767
0.51,1748
0.51,1799
0.51,1757
0.51,1732
0.51,1708
0.51,1728
0.51,1710
0.51,1686
0.52,1659
0.52,1641
0.52,1604
0.52,1592
0.52,1577
0.52,1550
0.52,1551
0.52,1556
0.52,1614
0.52,1639
0.53,1608
0.53,1590
0.53,1605
0.53,1624
0.53,1575
0.53,1555
0.53,1541
0.53,1567
0.53,1556
0.53,1528
0.54,1518
0.54,1536
0.54,1501
0.54,1527
0.54,1560
0.54,1534
0.54,1535
0.54,1544
0.54,1583
0.54,1550
0.55,1568
0.55,1527
0.55,1525
0.55,1572
0.55,1595
0.55,1559
0.55,1559
0.55,1602
0.55,1643
0.55,1626
0.56,1597
0.56,1612
0.56,1743
0.56,1739
0.56,1693
0.56,1697
0.56,1749
0.56,1836
0.56,1825
0.56,1850
0.57,1804
0.57,1848
0.57,1852
0.57,1825
0.57,1820
0.57,1858
0.57,1907
0.57,1950
0.57,1951
0.57,1952
0.58,1922
0.58,1970
0.58,1978
0.58,1960
0.58,1948
0.58,1983
0.58,1978
0.58,1962
0.58,1947
0.58,1934
0.58,2030
0.59,2040
0.59,2017
0.59,2016
0.59,2051
0.59,2023
0.59,1994
0.59,1977
0.59,1966
0.59,1973
0.59,1958
0.6,1936
0.6,1922
0.6,1940
0.6,1972
0.6,1904
0.6,1879
0.6,1877
0.6,1897
0.6,1882
0.6,1877
0.61,1877
0.61,1909
0.61,2004
0.61,2015
0.61,1968
0.61,1968
0.61,1958
0.61,1936
0.61,1912
0.61,1891
0.62,1943
0.62,1912
0.62,1895
0.62,1878
0.62,1869
0.62,1871
0.62,1867
0.62,1846
0.62,1839
0.62,1857
0.63,1864
0.63,1848
0.63,1834
0.63,1821
0.63,1823
0.63,1888
0.63,1836
0.63,1833
0.63,1858
0.64,1860
0.64,1835
0.64,1823
0.64,1813
0.64,1852
0.64,1828
0.64,1815
0.64,1808
0.64,1843
0.64,1903
0.65,1926
0.65,1923
0.65,1902
0.65,1920
0.65,1902
0.65,1893
0.65,1883
0.65,1921
0.65,2028
0.65,2007
0.66,1984
0.66,1972
0.66,1982
0.66,1964
0.66,1953
0.66,1944
0.66,1972
0.66,1986
0.66,1963
0.66,1922
0.67,1900
0.67,1908
0.67,1940
0.67,1928
0.67,1928
0.67,1967
0.67,1967
0.67,1941
0.67,1937
0.67,1918
0.68,1939
0.68,1992
0.68,1980
0.68,2016
0.68,2006
0.68,2007
0.68,1983
0.68,1966
0.68,1983
0.68,1962
0.69,1945
0.69,1922
0.69,1960
0.69,1983
0.69,1953
0.69,1966
0.69,1947
0.69,1937
0.69,1935
0.69,1963
0.7,1946
0.7,1937
0.7,1952
0.7,1964
0.7,2032
0.7,1980
0.7,1967
0.7,2000
0.7,1999
0.7,1976
0.7,1950
0.71,1952
0.71,1991
0.71,1961
0.71,1934
0.71,1952
0.71,1951
0.71,1904
0.71,1940
0.71,2022
0.71,1956
0.72,1943
0.72,1988
0.72,1971
0.72,1970
0.72,1949
0.72,1977
0.72,1948
0.72,2011
0.72,2056
0.72,2030
0.73,2031
0.73,2080
0.73,2028
0.73,2026
0.73,2016
0.73,2016
0.73,2047
0.73,2012
0.73,1989
0.73,1975
0.74,2005
0.74,2075
0.74,2078
0.74,2080
0.74,2053
0.74,2040
0.74,2004
0.74,1991
0.74,2028
0.74,2077
0.75,2095
0.75,2068
0.75,2059
0.75,2051
0.75,2042
0.75,2018
0.75,2006
0.75,2011
0.75,2037
0.76,2017
0.76,2008
0.76,2003
0.76,2023
0.76,2125
0.76,2100
0.76,2087
0.76,2096
0.76,2107
0.76,2106
0.77,2141
0.77,2082
0.77,2091
0.77,2200
0.77,2146
0.77,2133
0.77,2156
0.77,2182
0.77,2207
0.77,2188
0.78,2177
0.78,2168
0.78,2182
0.78,2176
0.78,2176
0.78,2144
0.78,2156
0.78,2240
0.78,2228
0.78,2255
0.79,2194
0.79,2239
0.79,2240
0.79,2199
0.79,2166
0.79,2152
0.79,2191
0.79,2234
0.79,2262
0.79,2242
0.8,2230
0.8,2209
0.8,2179
0.8,2153
0.8,2135
0.8,2127
0.8,2144
0.8,2116
0.8,2092
0.8,2082
0.81,2074
0.81,2067
0.81,2030
0.81,2048
0.81,2010
0.81,1989
0.81,2012
0.81,1998
0.81,1976
0.81,1971
0.82,1964
0.82,1954
0.82,1961
0.82,1954
0.82,1919
0.82,1892
0.82,1923
0.82,1948
0.82,1884
0.82,1878
0.83,1875
0.83,1857
0.83,1856
0.83,1834
0.83,1840
0.83,1832
0.83,1896
0.83,1847
0.83,1829
0.83,1824
0.83,1863
0.84,1792
0.84,1766
0.84,1791
0.84,1755
0.84,1796
0.84,1841
0.84,1829
0.84,1826
0.84,1816
0.84,1814
0.85,1804
0.85,1793
0.85,1832
0.85,1816
0.85,1822
0.85,1814
0.85,1812
0.85,1807
0.85,1800
0.85,1975
0.86,1912
0.86,1901
0.86,1930
0.86,1912
0.86,1936
0.86,1879
0.86,1874
0.86,1879
0.86,2023
0.86,1959
0.87,1945
0.87,1951
0.87,1970
0.87,1982
0.87,1962
0.87,1954
0.87,1949
0.87,1982
0.87,1936
0.88,1928
0.88,1924
0.88,1953
0.88,1956
0.88,1957
0.88,1945
0.88,1939
0.88,1933
0.88,1930
0.88,1902
0.89,1894
0.89,1924
0.89,1962
0.89,2016
0.89,1998
0.89,1999
0.89,2117
0.89,2082
0.89,2067
0.89,2076
0.9,2086
0.9,2074
0.9,2060
0.9,2054
0.9,2047
0.9,2095
0.9,2135
0.9,2116
0.9,2105
0.9,2176
0.91,2093
0.91,2069
0.91,2080
0.91,2056
0.91,2084
0.91,2168
0.91,2199
0.91,2132
0.91,2154
0.91,2142
0.92,2154
0.92,2139
0.92,2132
0.92,2115
0.92,2116
0.92,2108
0.92,2087
0.92,2142
0.92,2120
0.92,2186
0.93,2161
0.93,2153
0.93,2132
0.93,2112
0.93,2081
0.93,2068
0.93,2062
0.93,2087
0.93,2169
0.93,2191
0.94,2135
0.94,2127
0.94,2106
0.94,2081
0.94,2060
0.94,2063
0.94,2071
0.94,2068
0.94,2042
0.94,2038
0.95,2031
0.95,2044
0.95,2072
0.95,2061
0.95,2096
0.95,2088
0.95,2037
0.95,2017
0.95,2008
0.95,2003
0.96,2049
0.96,2095
0.96,2082
0.96,2079
0.96,2107
0.96,2054
0.96,2032
0.96,2019
0.96,2004
0.96,2002
0.96,1984
0.97,1980
0.97,1968
0.97,2002
0.97,2033
0.97,2027
0.97,2018
0.97,2047
0.97,2016
0.97,1985
0.97,1984
0.98,1960
0.98,1987
0.98,2025
0.98,2061
0.98,2048
0.98,2053
0.98,2061
0.98,2090
0.98,2075
0.98,2068
0.99,2112
0.99,2074
0.99,2055
0.99,2047
0.99,2048
0.99,2056
0.99,2081
0.99,2072
0.99,2065
0.99,2085
1.0,2070
1.0,2040
1.0,2030
1.0,2018
