0.0,1370
0.01,1332
0.02,1309
0.03,1335
0.04,1334
0.05,1332
0.06,1344
0.07,1365
0.08,1367
0.09,1355
0.1,1335
0.11,1312
0.12,1301
0.13,1351
0.14,1328
0.15,1326
0.16,1320
0.17,1361
0.18,1384
0.19,1350
0.2,1329
0.21,1306
0.22,1309
0.23,1320
0.24,1311
0.25,1304
0.26,1301
0.27,1448
0.28,1437
0.29,1413
0.3,1402
0.31,1390
0.32,1396
0.33,1415
0.34,1416
0.35,1413
0.36,1409
0.37,1501
0.38,1512
0.39,1526
0.4,1479
0.41,1490
0.42,1522
0.43,1523
0.44,1513
0.45,1508
0.46,1561
0.47,1601
0.48,1613
0.49,1590
0.5,1568
0.51,1560
0.52,1589
0.53,1603
0.54,1600
0.55,1594
0.56,1589
0.57,1682
0.58,1713
0.59,1686
0.6,1664
0.61,1632
0.62,1628
0.63,1650
0.64,1647
0.65,1637
0.66,1627
0.67,1648
0.68,1648
0.69,1636
0.7,1614
0.71,1589
0.72,1562
0.73,1571
0.74,1586
0.75,1579
0.76,1574
0.77,1566
0.78,1593
0.79,1646
0.8,1572
0.81,1543
0.82,1518
0.83,1520
0.84,1536
0.85,1527
0.86,1525
0.87,1520
0.88,1557
0.89,1554
0.9,1538
0.91,1519
0.92,1493
0.93,1473
0.94,1495
0.95,1493
0.96,1486
0.97,1527
0.98,1555
0.99,1536
1.0,1520
1.01,1495
1.02,1487
1.03,1467
1.04,1482
1.05,1483
1.06,1477
1.07,1477
1.08,1516
1.09,1534
1.1,1504
1.11,1483
1.12,1462
1.13,1475
1.14,1490
1.15,1476
1.16,1465
1.17,1472
1.18,1541
1.19,1539
1.2,1520
1.21,1494
1.22,1479
1.23,1493
1.24,1508
1.25,1499
1.26,1485
1.27,1500
1.28,1545
1.29,1551
1.3,1524
1.31,1505
1.32,1535
1.33,1522
1.34,1592
1.35,1568
1.36,1518
1.37,1551
1.38,1576
1.39,1569
1.4,1544
1.41,1526
1.42,1532
1.43,1575
1.44,1576
1.45,1569
1.46,1550
1.47,1552
1.48,1618
1.49,1633
1.5,1607
1.51,1584
1.52,1583
1.53,1580
1.54,1596
1.55,1581
1.56,1608
1.57,1608
1.58,1613
1.59,1606
1.6,1576
1.61,1552
1.62,1536
1.63,1546
1.64,1556
1.65,1540
1.66,1567
1.67,1516
1.68,1554
1.69,1559
1.7,1534
1.71,1504
1.72,1496
1.73,1478
1.74,1470
1.75,1457
1.76,1454
1.77,1476
1.78,1502
1.79,1498
1.8,1476
1.81,1488
1.82,1464
1.83,1504
1.84,1501
1.85,1483
1.86,1488
1.87,1498
1.88,1515
1.89,1540
1.9,1481
1.91,1482
1.92,1475
1.93,1512
1.94,1518
1.95,1508
1.96,1491
1.97,1516
1.98,1531
1.99,1514
2.0,1485
2.01,1456
2.02,1441
2.03,1462
2.04,1461
2.05,1448
2.06,1436
2.07,1469
2.08,1470
2.09,1457
2.1,1435
2.11,1409
2.12,1386
2.13,1404
2.14,1406
2.15,1392
2.16,1391
2.17,1389
2.18,1440
2.19,1408
2.2,1357
2.21,1355
2.22,1361
2.23,1350
2.24,1337
2.25,1336
2.26,1372
2.27,1358
2.28,1336
2.29,1317
2.3,1311
2.31,1342
2.32,1329
2.33,1323
2.34,1290
2.35,1347
2.36,1370
2.37,1349
2.38,1365
2.39,1325
2.4,1354
2.41,1392
2.42,1382
2.43,1366
2.44,1396
2.45,1492
2.46,1485
2.47,1464
2.48,1451
2.49,1452
2.5,1469
2.51,1486
2.52,1450
2.53,1432
2.54,1568
2.55,1591
2.56,1556
2.57,1540
2.58,1537
2.59,1549
2.6,1544
2.61,1522
2.62,1520
2.63,1553
2.64,1578
2.65,1570
2.66,1538
2.67,1520
2.68,1544
2.69,1564
2.7,1556
2.71,1537
2.72,1536
2.73,1620
2.74,1626
2.75,1602
2.76,1615
2.77,1584
2.78,1616
2.79,1661
2.8,1671
2.81,1637
2.82,1683
2.83,1721
2.84,1707
2.85,1688
2.86,1666
2.87,1688
2.88,1704
2.89,1695
2.9,1683
2.91,1704
2.92,1775
2.93,1780
2.94,1725
2.95,1701
2.96,1713
2.97,1744
2.98,1647
2.99,1632
3.0,1771
3.01,1792
3.02,1757
3.03,1747
3.04,1762
3.05,1776
3.06,1768
3.07,1758
3.08,1728
3.09,1776
3.1,1839
3.11,1834
3.12,1834
3.13,1840
3.14,1861
3.15,1856
3.16,1851
3.17,1834
3.18,1852
3.19,1937
3.2,1937
3.21,1935
3.22,1942
3.23,1978
3.24,1971
3.25,2008
3.26,1941
3.27,1929
3.28,2044
3.29,2037
3.3,2040
3.31,2034
3.32,2052
3.33,2115
3.34,2120
3.35,2083
3.36,2084
3.37,2172
3.38,2304
3.39,2289
3.4,2304
3.41,2320
3.42,2338
3.43,2313
3.44,2307
3.45,2298
3.46,2400
3.47,2496
3.48,2499
3.49,2521
3.5,2563
3.51,2517
3.52,2496
3.53,2472
3.54,2495
3.55,2557
3.56,2560
3.57,2556
3.58,2520
3.59,2526
3.6,2576
3.61,2546
3.62,2508
3.63,2536
3.64,2444
3.65,2568
3.66,2506
3.67,2493
3.68,2494
3.69,2496
3.7,2473
3.71,2496
3.72,2398
3.73,2373
3.74,2408
3.75,2400
3.76,2366
3.77,2362
3.78,2385
3.79,2392
3.8,2377
3.81,2328
3.82,2339
3.83,2383
3.84,2378
3.85,2340
3.86,2301
3.87,2342
3.88,2293
3.89,2302
3.9,2244
3.91,2207
3.92,2204
3.93,2262
3.94,2215
3.95,2191
3.96,2192
3.97,2160
3.98,2141
3.99,2144
4.0,2090
4.01,2156
4.02,2139
4.03,2104
4.04,2088
4.05,2080
4.06,2080
4.07,2155
4.08,2072
4.09,2036
4.1,2026
4.11,2111
4.12,2039
4.13,2019
4.14,1984
4.15,2016
4.16,2039
4.17,2062
4.18,2022
4.19,1981
4.2,2024
4.21,2008
4.22,1977
4.23,1944
4.24,1984
4.25,1963
4.26,1966
4.27,1933
4.28,1899
4.29,1899
4.3,1962
4.31,1961
4.32,1916
4.33,1889
4.34,1887
4.35,1920
4.36,1881
4.37,1888
4.38,1888
4.39,1936
4.4,1937
4.41,1913
4.42,1885
4.43,1864
4.44,1866
4.45,1870
4.46,1856
4.47,1808
4.48,1907
4.49,1899
4.5,1861
4.51,1818
4.52,1810
4.53,1827
4.54,1848
4.55,1839
4.56,1840
4.57,1905
4.58,1896
4.59,1869
4.6,1839
4.61,1820
4.62,1864
4.63,1889
4.64,1864
4.65,1844
4.66,1873
4.67,1873
4.68,1864
4.69,1835
4.7,1827
4.71,1856
4.72,1893
4.73,1896
4.74,1874
4.75,1951
4.76,1967
4.77,1936
4.78,1884
4.79,1873
4.8,1912
4.81,1920
4.82,1918
4.83,1884
4.84,1911
4.85,1938
4.86,1966
4.87,1925
4.88,1911
4.89,1915
4.9,1960
4.91,1967
4.92,1957
4.93,1983
4.94,1998
4.95,2011
4.96,1989
4.97,1963
4.98,1950
4.99,1980
5.0,2002
5.01,1981
5.02,1971
5.03,2033
5.04,2013
5.05,1992
5.06,1965
5.07,1969
5.08,2050
5.09,2063
5.1,2040
5.11,2040
5.12,2049
5.13,2056
5.14,2033
5.15,2013
5.16,1995
5.17,2028
5.18,2111
5.19,2061
5.2,2040
5.21,2052
5.22,2060
5.23,2073
5.24,2066
5.25,2040
5.26,2071
5.27,2080
5.28,2088
5.29,2139
5.3,2131
5.31,2145
5.32,2175
5.33,2172
5.34,2112
5.35,2084
5.36,2068
5.37,2104
5.38,2110
5.39,2100
5.4,2066
5.41,2061
5.42,2077
5.43,2071
5.44,2054
5.45,2048
5.46,2030
5.47,2051
5.48,2049
5.49,2049
5.5,2040
5.51,2044
5.52,2043
5.53,2058
5.54,2046
5.55,2011
5.56,1984
5.57,2008
5.58,2013
5.59,2008
5.6,2010
5.61,2025
5.62,2083
5.63,2077
5.64,2057
5.65,2018
5.66,1959
5.67,1981
5.68,1997
5.69,2047
5.7,2010
5.71,2055
5.72,2047
5.73,1983
5.74,1966
5.75,1954
5.76,1977
5.77,2006
5.78,1978
5.79,1972
5.8,1982
5.81,1990
5.82,1988
5.83,1963
5.84,1942
5.85,1923
5.86,1953
5.87,1980
5.88,1956
5.89,1960
5.9,2012
5.91,1990
5.92,1976
5.93,1964
5.94,1941
5.95,1924
5.96,1952
5.97,1940
5.98,1935
5.99,1927
6.0,1978
6.01,1964
6.02,1977
6.03,1937
6.04,1906
6.05,1890
6.06,1895
6.07,1938
6.08,1912
6.09,1900
6.1,1920
6.11,1920
6.12,1910
6.13,1895
6.14,1880
6.15,1864
6.16,1920
6.17,1914
6.18,1908
6.19,1901
6.2,1953
6.21,1959
6.22,1934
6.23,1910
6.24,1888
6.25,1866
6.26,1895
6.27,1900
6.28,1895
6.29,1887
6.3,1887
6.31,1922
6.32,1901
6.33,1892
6.34,1858
6.35,1813
6.36,1838
6.37,1844
6.38,1833
6.39,1822
6.4,1844
6.41,1864
6.42,1856
6.43,1828
6.44,1796
6.45,1776
6.46,1773
6.47,1762
6.48,1752
6.49,1734
6.5,1755
6.51,1776
6.52,1768
6.53,1740
6.54,1717
6.55,1708
6.56,1715
6.57,1746
6.58,1743
6.59,1726
6.6,1697
6.61,1728
6.62,1723
6.63,1702
6.64,1678
6.65,1646
6.66,1632
6.67,1637
6.68,1647
6.69,1593
6.7,1570
6.71,1618
6.72,1640
6.73,1585
6.74,1591
6.75,1568
6.76,1528
6.77,1537
6.78,1516
6.79,1494
6.8,1512
6.81,1576
6.82,1529
6.83,1509
6.84,1490
6.85,1484
6.86,1509
6.87,1482
6.88,1467
6.89,1446
6.9,1425
6.91,1486
6.92,1510
6.93,1502
6.94,1492
6.95,1476
6.96,1498
6.97,1494
6.98,1500
6.99,1474
7.0,1451
7.01,1498
7.02,1536
7.03,1532
7.04,1504
7.05,1492
7.06,1515
7.07,1540
7.08,1578
7.09,1552
7.1,1525
7.11,1587
7.12,1568
7.13,1575
7.14,1530
7.15,1517
7.16,1564
7.17,1570
7.18,1568
7.19,1543
7.2,1524
7.21,1599
7.22,1611
7.23,1620
7.24,1587
7.25,1562
7.26,1607
7.27,1680
7.28,1656
7.29,1678
7.3,1612
7.31,1698
7.32,1707
7.33,1713
7.34,1684
7.35,1655
7.36,1654
7.37,1676
7.38,1681
7.39,1673
7.4,1633
7.41,1692
7.42,1703
7.43,1698
7.44,1674
7.45,1668
7.46,1638
7.47,1653
7.48,1644
7.49,1633
7.5,1618
7.51,1666
7.52,1676
7.53,1678
7.54,1664
7.55,1632
7.56,1631
7.57,1686
7.58,1743
7.59,1741
7.6,1726
7.61,1802
7.62,1822
7.63,1810
7.64,1799
7.65,1780
7.66,1816
7.67,1837
7.68,1837
7.69,1818
7.7,1846
7.71,1870
7.72,1896
7.73,1885
7.74,1858
7.75,1844
7.76,1863
7.77,1877
7.78,1843
7.79,1824
7.8,1898
7.81,1904
7.82,1884
7.83,1904
7.84,1833
7.85,1846
7.86,1886
7.87,1868
7.88,1871
7.89,1907
7.9,1917
7.91,1912
7.92,1896
7.93,1874
7.94,1888
7.95,1899
7.96,1954
7.97,1957
7.98,1945
7.99,2009
8.0,1996
8.01,1999
8.02,1994
8.03,1980
8.04,1965
8.05,2040
8.06,2089
8.07,2088
8.08,2085
8.09,2111
8.1,2096
8.11,2086
8.12,2076
8.13,2071
8.14,2068
8.15,2149
8.16,2147
8.17,2140
8.18,2135
8.19,2176
8.2,2193
8.21,2202
8.22,2170
8.23,2192
8.24,2141
8.25,2240
8.26,2191
8.27,2192
8.28,2198
8.29,2271
8.3,2280
8.31,2240
8.32,2240
8.33,2242
8.34,2259
8.35,2242
8.36,2228
8.37,2213
8.38,2267
8.39,2270
8.4,2236
8.41,2216
8.42,2198
8.43,2184
8.44,2259
8.45,2272
8.46,2282
8.47,2272
8.48,2272
8.49,2286
8.5,2262
8.51,2236
8.52,2223
8.53,2260
8.54,2322
8.55,2334
8.56,2304
8.57,2366
8.58,2320
8.59,2290
8.6,2266
8.61,2236
8.62,2227
8.63,2268
8.64,2304
8.65,2264
8.66,2252
8.67,2292
8.68,2290
8.69,2276
8.7,2248
8.71,2220
8.72,2232
8.73,2249
8.74,2312
8.75,2246
8.76,2280
8.77,2290
8.78,2306
8.79,2284
8.8,2254
8.81,2216
8.82,2225
8.83,2223
8.84,2211
8.85,2221
8.86,2218
8.87,2219
8.88,2209
8.89,2192
8.9,2170
8.91,2175
8.92,2133
8.93,2160
8.94,2146
8.95,2144
8.96,2170
8.97,2158
8.98,2132
8.99,2103
9.0,2078
9.01,2081
9.02,2160
9.03,2168
9.04,2159
9.05,2149
9.06,2148
9.07,2151
9.08,2108
9.09,2074
9.1,2112
9.11,2131
9.12,2139
9.13,2136
9.14,2127
9.15,2192
9.16,2179
9.17,2163
9.18,2142
9.19,2107
9.2,2112
9.21,2126
9.22,2119
9.23,2111
9.24,2112
9.25,2148
9.26,2153
9.27,2129
9.28,2084
9.29,2064
9.3,2075
9.31,2086
9.32,2081
9.33,2060
9.34,2110
9.35,2144
9.36,2100
9.37,2052
9.38,2007
9.39,2002
9.4,2078
9.41,2106
9.42,2060
9.43,2127
9.44,2090
9.45,2073
9.46,2047
9.47,2048
9.48,1997
9.49,2051
9.5,2126
9.51,2086
9.52,2061
9.53,2082
9.54,2085
9.55,2037
9.56,2000
9.57,1965
9.58,1956
9.59,1964
9.6,1972
9.61,1961
9.62,1928
9.63,1971
9.64,1968
9.65,1938
9.66,1907
9.67,1883
9.68,1903
9.69,1954
9.7,1920
9.71,1884
9.72,1952
9.73,1952
9.74,1945
9.75,1920
9.76,1888
9.77,1960
9.78,1908
9.79,1936
9.8,1883
9.81,1899
9.82,1956
9.83,1960
9.84,1928
9.85,1884
9.86,1905
9.87,1897
9.88,1879
9.89,1865
9.9,1896
9.91,1900
9.92,1889
9.93,1858
9.94,1820
9.95,1855
9.96,1822
9.97,1887
9.98,1836
9.99,1815
