0.0,1303
0.01,1360
0.02,1383
0.03,1367
0.04,1355
0.05,1356
0.06,1353
0.07,1374
0.08,1373
0.09,1342
0.1,1342
0.11,1389
0.12,1414
0.13,1397
0.14,1384
0.15,1375
0.16,1376
0.17,1408
0.18,1412
0.19,1391
0.2,1372
0.21,1399
0.22,1472
0.23,1501
0.24,1520
0.25,1466
0.26,1457
0.27,1472
0.28,1637
0.29,1627
0.3,1605
0.31,1591
0.32,1662
0.33,1693
0.34,1721
0.35,1668
0.36,1649
0.37,1648
0.38,1733
0.39,1736
0.4,1710
0.41,1691
0.42,1711
0.43,1759
0.44,1787
0.45,1763
0.46,1767
0.47,1760
0.48,1780
0.49,1851
0.5,1807
0.51,1765
0.52,1888
0.53,1909
0.54,1952
0.55,1921
0.56,1892
0.57,1896
0.58,1999
0.59,1973
0.6,1933
0.61,1938
0.62,2032
0.63,2050
0.64,2014
0.65,1988
0.66,1998
0.67,2056
0.68,2049
0.69,2006
0.7,1993
0.71,2067
0.72,2096
0.73,2062
0.74,2032
0.75,2052
0.76,2209
0.77,2228
0.78,2140
0.79,2152
0.8,2216
0.81,2207
0.82,2162
0.83,2125
0.84,2234
0.85,2200
0.86,2159
0.87,2128
0.88,2172
0.89,2252
0.9,2175
0.91,2136
0.92,2125
0.93,2204
0.94,2248
0.95,2198
0.96,2146
0.97,2288
0.98,2304
0.99,2275
1.0,2237
1.01,2263
1.02,2200
1.03,2336
1.04,2304
1.05,2235
1.06,2194
1.07,2303
1.08,2304
1.09,2304
1.1,2240
1.11,2243
1.12,2180
1.13,2252
1.14,2176
1.15,2167
1.16,2119
1.17,2152
1.18,2175
1.19,2148
1.2,2115
1.21,2082
1.22,2057
1.23,2053
1.24,2020
1.25,1983
1.26,1950
1.27,1984
1.28,1971
1.29,1983
1.3,1960
1.31,1940
1.32,1920
1.33,1876
1.34,1858
1.35,1828
1.36,1797
1.37,1848
1.38,1839
1.39,1820
1.4,1790
1.41,1770
1.42,1758
1.43,1772
1.44,1743
1.45,1708
1.46,1689
1.47,1754
1.48,1776
1.49,1724
1.5,1704
1.51,1690
1.52,1737
1.53,1707
1.54,1677
1.55,1676
1.56,1760
1.57,1769
1.58,1798
1.59,1728
1.6,1710
1.61,1740
1.62,1791
1.63,1776
1.64,1741
1.65,1792
1.66,1856
1.67,1827
1.68,1799
1.69,1778
1.7,1786
1.71,1857
1.72,1860
1.73,1834
1.74,1848
1.75,1967
1.76,1937
1.77,1915
1.78,1880
1.79,1867
1.8,1943
1.81,2019
1.82,1995
1.83,1958
1.84,2015
1.85,2044
1.86,2050
1.87,2047
1.88,1989
1.89,2071
1.9,2110
1.91,2076
1.92,2030
1.93,2127
1.94,2148
1.95,2164
1.96,2126
1.97,2095
1.98,2112
1.99,2236
2.0,2234
2.01,2199
2.02,2163
2.03,2240
2.04,2278
2.05,2266
2.06,2222
2.07,2181
2.08,2176
2.09,2290
2.1,2289
2.11,2246
2.12,2322
2.13,2390
2.14,2425
2.15,2403
2.16,2394
2.17,2306
2.18,2381
2.19,2399
2.2,2356
2.21,2351
2.22,2448
2.23,2436
2.24,2401
2.25,2358
2.26,2364
2.27,2330
2.28,2435
2.29,2424
2.3,2391
2.31,2361
2.32,2408
2.33,2432
2.34,2466
2.35,2443
2.36,2409
2.37,2373
2.38,2436
2.39,2520
2.4,2506
2.41,2474
2.42,2438
2.43,2504
2.44,2531
2.45,2562
2.46,2512
2.47,2439
2.48,2464
2.49,2597
2.5,2667
2.51,2572
2.52,2560
2.53,2614
2.54,2653
2.55,2674
2.56,2652
2.57,2609
2.58,2580
2.59,2718
2.6,2821
2.61,2805
2.62,2768
2.63,2836
2.64,2846
2.65,2853
2.66,2824
2.67,2753
2.68,2708
2.69,2838
2.7,2935
2.71,2876
2.72,2912
2.73,2983
2.74,2976
2.75,2977
2.76,2960
2.77,2878
2.78,2862
2.79,3051
2.8,3042
2.81,3009
2.82,2975
2.83,3060
2.84,3088
2.85,3102
2.86,3060
2.87,3060
2.88,2969
2.89,3149
2.9,3223
2.91,3203
2.92,3199
2.93,3216
2.94,3236
2.95,3293
2.96,3256
2.97,3247
2.98,3164
2.99,3264
3.0,3444
3.01,3330
3.02,3328
3.03,3303
3.04,3340
3.05,3440
3.06,3420
3.07,3376
3.08,3326
3.09,3430
3.1,3492
3.11,3484
3.12,3443
3.13,3428
3.14,3538
3.15,3537
3.16,3513
3.17,3465
3.18,3431
3.19,3491
3.2,3659
3.21,3644
3.22,3615
3.23,3578
3.24,3612
3.25,3668
3.26,3632
3.27,3580
3.28,3552
3.29,3609
3.3,3708
3.31,3698
3.32,3666
3.33,3640
3.34,3665
3.35,3756
3.36,3752
3.37,3695
3.38,3660
3.39,3668
3.4,3867
3.41,3891
3.42,3880
3.43,3904
3.44,3868
3.45,3908
3.46,3916
3.47,3886
3.48,3871
3.49,3770
3.5,3914
3.51,3928
3.52,3936
3.53,3917
3.54,3912
3.55,3932
3.56,3904
3.57,3912
3.58,3903
3.59,3849
3.6,3964
3.61,3935
3.62,3879
3.63,3904
3.64,3995
3.65,4025
3.66,3967
3.67,3936
3.68,3931
3.69,3951
3.7,3840
3.71,3967
3.72,3904
3.73,3936
3.74,3936
3.75,3999
3.76,3904
3.77,3948
3.78,3933
3.79,3935
3.8,3928
3.81,3935
3.82,3936
3.83,3934
3.84,3934
3.85,3932
3.86,3932
3.87,3935
3.88,3936
3.89,3932
3.9,3935
3.91,3931
3.92,3933
3.93,3935
3.94,3935
3.95,3935
3.96,3932
3.97,3935
3.98,3934
3.99,3930
4.0,3935
4.01,3936
4.02,3932
4.03,3932
4.04,3934
4.05,3870
4.06,3964
4.07,3935
4.08,3932
4.09,3933
4.1,3942
4.11,3890
4.12,3904
4.13,3936
4.14,3968
4.15,3918
4.16,3890
4.17,3923
4.18,3936
4.19,3934
4.2,3917
4.21,3873
4.22,3855
4.23,3896
4.24,3935
4.25,3932
4.26,3908
4.27,3923
4.28,3856
4.29,3935
4.3,3928
4.31,3906
4.32,3904
4.33,3932
4.34,3974
4.35,3872
4.36,3932
4.37,3840
4.38,3935
4.39,3934
4.4,3935
4.41,3953
4.42,4012
4.43,3934
4.44,3936
4.45,3928
4.46,3936
4.47,3932
4.48,3934
4.49,3934
4.5,3931
4.51,3936
4.52,3932
4.53,3931
4.54,3933
4.55,3964
4.56,3936
4.57,3936
4.58,3930
4.59,3935
4.6,3936
4.61,3935
4.62,3932
4.63,3932
4.64,3932
4.65,3933
4.66,3951
4.67,3936
4.68,3945
4.69,3929
4.7,3933
4.71,3935
4.72,3968
4.73,3932
4.74,3933
4.75,3904
4.76,3935
4.77,3927
4.78,3928
4.79,3935
4.8,3933
4.81,3935
4.82,3936
4.83,3922
4.84,3935
4.85,3935
4.86,3960
4.87,3933
4.88,3929
4.89,3936
4.9,3932
4.91,3935
4.92,3934
4.93,3934
4.94,3932
4.95,3935
4.96,3931
4.97,3936
4.98,3932
4.99,3918
5.0,3931
5.01,3935
5.02,3935
5.03,3932
5.04,3904
5.05,3937
5.06,3930
5.07,3935
5.08,3934
5.09,3935
5.1,3932
5.11,3936
5.12,3932
5.13,3933
5.14,3936
5.15,3935
5.16,3932
5.17,3840
5.18,3930
5.19,3936
5.2,3932
5.21,3931
5.22,3932
5.23,3929
5.24,3935
5.25,3967
5.26,3891
5.27,3940
5.28,3932
5.29,3935
5.3,3935
5.31,3991
5.32,3936
5.33,3926
5.34,3933
5.35,3932
5.36,3933
5.37,3936
5.38,3924
5.39,3951
5.4,3933
5.41,3927
5.42,3932
5.43,3909
5.44,3932
5.45,3930
5.46,3936
5.47,3912
5.48,3936
5.49,3856
5.5,3932
5.51,3933
5.52,3920
5.53,3922
5.54,3935
5.55,3929
5.56,3935
5.57,3931
5.58,3928
5.59,3935
5.6,3936
5.61,3930
5.62,3936
5.63,3924
5.64,3840
5.65,3904
5.66,3959
5.67,3942
5.68,3916
5.69,3932
5.7,3932
5.71,3934
5.72,3944
5.73,3921
5.74,3932
5.75,3935
5.76,3936
5.77,3935
5.78,3935
5.79,3932
5.8,3932
5.81,3938
5.82,3940
5.83,3928
5.84,3938
5.85,3933
5.86,3928
5.87,3936
5.88,3932
5.89,3966
5.9,3935
5.91,3933
5.92,3930
5.93,3927
5.94,3920
5.95,3936
5.96,3933
5.97,3934
5.98,3933
5.99,3932
6.0,3935
6.01,3933
6.02,3934
6.03,3936
6.04,3932
6.05,3928
6.06,3932
6.07,3935
6.08,3932
6.09,3935
6.1,3930
6.11,3933
6.12,3936
6.13,3933
6.14,3932
6.15,3932
6.16,3934
6.17,3967
6.18,3933
6.19,3932
6.2,3908
6.21,3956
6.22,3934
6.23,3939
6.24,3928
6.25,3905
6.26,3935
6.27,3934
6.28,3932
6.29,3968
6.3,3904
6.31,3935
6.32,3932
6.33,3892
6.34,3869
6.35,3775
6.36,3933
6.37,3934
6.38,3912
6.39,3932
6.4,3929
6.41,3935
6.42,3933
6.43,3932
6.44,3896
6.45,3903
6.46,3935
6.47,3933
6.48,3935
6.49,3924
6.5,3937
6.51,3935
6.52,3904
6.53,3952
6.54,3930
6.55,3904
6.56,3914
6.57,3944
6.58,3930
6.59,3933
6.6,3923
6.61,3897
6.62,3936
6.63,3968
6.64,3930
6.65,3932
6.66,3930
6.67,3932
6.68,3935
6.69,3872
6.7,3848
6.71,3933
6.72,3888
6.73,3911
6.74,3856
6.75,3916
6.76,3920
6.77,3932
6.78,3928
6.79,3935
6.8,3932
6.81,3965
6.82,3919
6.83,3968
6.84,3931
6.85,3916
6.86,3920
6.87,3928
6.88,3939
6.89,3932
6.9,3931
6.91,3930
6.92,3926
6.93,3935
6.94,3928
6.95,3936
6.96,3927
6.97,3932
6.98,3932
6.99,3932
7.0,3930
7.01,3936
7.02,3935
7.03,3932
7.04,3930
7.05,3921
7.06,3904
7.07,3932
7.08,3932
7.09,3936
7.1,3904
7.11,3932
7.12,3935
7.13,3932
7.14,3860
7.15,3828
7.16,3848
7.17,3928
7.18,3904
7.19,3869
7.2,3840
7.21,3872
7.22,4007
7.23,3904
7.24,3809
7.25,3839
7.26,3710
7.27,3910
7.28,3933
7.29,3919
7.3,3872
7.31,3920
7.32,3900
7.33,3876
7.34,3759
7.35,3687
7.36,3644
7.37,3843
7.38,3929
7.39,3860
7.4,3871
7.41,3840
7.42,3854
7.43,3906
7.44,3842
7.45,3836
7.46,3760
7.47,3865
7.48,3898
7.49,3832
7.5,3756
7.51,3769
7.52,3791
7.53,3834
7.54,3781
7.55,3713
7.56,3653
7.57,3684
7.58,3871
7.59,3773
7.6,3707
7.61,3684
7.62,3756
7.63,3838
7.64,3788
7.65,3718
7.66,3650
7.67,3672
7.68,3738
7.69,3692
7.7,3620
7.71,3564
7.72,3696
7.73,3722
7.74,3682
7.75,3609
7.76,3549
7.77,3559
7.78,3800
7.79,3928
7.8,3775
7.81,3683
7.82,3757
7.83,3759
7.84,3691
7.85,3627
7.86,3584
7.87,3559
7.88,3748
7.89,3804
7.9,3732
7.91,3648
7.92,3687
7.93,3716
7.94,3771
7.95,3698
7.96,3631
7.97,3621
7.98,3732
7.99,3778
8.0,3713
8.01,3663
8.02,3712
8.03,3714
8.04,3775
8.05,3715
8.06,3659
8.07,3588
8.08,3616
8.09,3598
8.1,3582
8.11,3443
8.12,3471
8.13,3509
8.14,3663
8.15,3556
8.16,3479
8.17,3412
8.18,3427
8.19,3546
8.2,3589
8.21,3555
8.22,3454
8.23,3583
8.24,3560
8.25,3532
8.26,3476
8.27,3456
8.28,3364
8.29,3569
8.3,3635
8.31,3583
8.32,3492
8.33,3585
8.34,3584
8.35,3527
8.36,3468
8.37,3414
8.38,3420
8.39,3537
8.4,3648
8.41,3566
8.42,3504
8.43,3584
8.44,3568
8.45,3639
8.46,3574
8.47,3517
8.48,3505
8.49,3608
8.5,3656
8.51,3599
8.52,3543
8.53,3477
8.54,3586
8.55,3620
8.56,3613
8.57,3544
8.58,3479
8.59,3444
8.6,3512
8.61,3470
8.62,3456
8.63,3367
8.64,3496
8.65,3464
8.66,3552
8.67,3417
8.68,3353
8.69,3308
8.7,3364
8.71,3448
8.72,3402
8.73,3332
8.74,3309
8.75,3481
8.76,3560
8.77,3367
8.78,3287
8.79,3239
8.8,3302
8.81,3478
8.82,3418
8.83,3347
8.84,3397
8.85,3407
8.86,3371
8.87,3295
8.88,3250
8.89,3222
8.9,3355
8.91,3491
8.92,3446
8.93,3375
8.94,3353
8.95,3391
8.96,3559
8.97,3411
8.98,3391
8.99,3329
9.0,3388
9.01,3456
9.02,3402
9.03,3332
9.04,3268
9.05,3400
9.06,3417
9.07,3425
9.08,3370
9.09,3328
9.1,3308
9.11,3389
9.12,3349
9.13,3285
9.14,3223
9.15,3192
9.16,3327
9.17,3368
9.18,3299
9.19,3263
9.2,3227
9.21,3206
9.22,3327
9.23,3372
9.24,3213
9.25,3159
9.26,3252
9.27,3235
9.28,3204
9.29,3159
9.3,3125
9.31,3135
9.32,3164
9.33,3144
9.34,3082
9.35,3039
9.36,3118
9.37,3135
9.38,3096
9.39,3019
9.4,2976
9.41,2966
9.42,3100
9.43,3200
9.44,3111
9.45,3065
9.46,3138
9.47,3138
9.48,3188
9.49,3094
9.5,3135
9.51,3065
9.52,3151
9.53,3190
9.54,3140
9.55,3083
9.56,3165
9.57,3207
9.58,3295
9.59,3216
9.6,3162
9.61,3164
9.62,3231
9.63,3246
9.64,3128
9.65,3080
9.66,3193
9.67,3256
9.68,3257
9.69,3232
9.7,3186
9.71,3172
9.72,3204
9.73,3192
9.74,3159
9.75,3088
9.76,3196
9.77,3207
9.78,3199
9.79,3168
9.8,3140
9.81,3127
9.82,3204
9.83,3332
9.84,3319
9.85,3248
9.86,3276
9.87,3352
9.88,3314
9.89,3344
9.9,3248
9.91,3246
9.92,3308
9.93,3444
9.94,3375
9.95,3335
9.96,3388
9.97,3403
9.98,3584
9.99,3432
