0.0,936
0.001,922
0.002,943
0.003,955
0.004,968
0.005,952
0.006,932
0.007,929
0.008,952
0.009,944
0.01,934
0.011,924
0.012,929
0.013,949
0.014,976
0.015,967
0.016,960
0.017,945
0.018,950
0.019,976
0.02,961
0.021,948
0.022,939
0.023,962
0.024,990
0.025,991
0.026,979
0.027,969
0.028,961
0.029,988
0.03,999
0.031,996
0.032,974
0.033,964
0.034,990
0.035,1013
0.036,1011
0.037,1000
0.038,992
0.039,1003
0.04,1064
0.041,1063
0.042,1058
0.043,1038
0.044,1074
0.045,1113
0.046,1121
0.047,1108
0.048,1101
0.049,1097
0.05,1161
0.051,1167
0.052,1152
0.053,1138
0.054,1169
0.055,1268
0.056,1361
0.057,1322
0.058,1302
0.059,1357
0.06,1413
0.061,1394
0.062,1407
0.063,1356
0.064,1394
0.065,1470
0.066,1482
0.067,1447
0.068,1428
0.069,1423
0.07,1505
0.071,1524
0.072,1499
0.073,1476
0.074,1507
0.075,1568
0.076,1543
0.077,1523
0.078,1496
0.079,1527
0.08,1680
0.081,1676
0.082,1646
0.083,1620
0.084,1641
0.085,1654
0.086,1618
0.087,1594
0.088,1575
0.089,1632
0.09,1804
0.091,1792
0.092,1763
0.093,1774
0.094,1763
0.095,1864
0.096,1878
0.097,1850
0.098,1832
0.099,1872
0.1,1978
0.101,2033
0.102,1960
0.103,1933
0.104,1956
0.105,2022
0.106,2054
0.107,2027
0.108,1999
0.109,2015
0.11,2056
0.111,2035
0.112,1998
0.113,1972
0.114,1996
0.115,2115
0.116,2108
0.117,2081
0.118,2046
0.119,2080
0.12,2116
0.121,2144
0.122,2072
0.123,2038
0.124,2057
0.125,2151
0.126,2145
0.127,2108
0.128,2112
0.129,2063
0.13,2175
0.131,2218
0.132,2207
0.133,2203
0.134,2152
0.135,2150
0.136,2112
0.137,2079
0.138,2096
0.139,2047
0.14,2157
0.141,2216
0.142,2184
0.143,2157
0.144,2157
0.145,2207
0.146,2269
0.147,2287
0.148,2271
0.149,2181
0.15,2240
0.151,2337
0.152,2302
0.153,2276
0.154,2260
0.155,2265
0.156,2353
0.157,2360
0.158,2328
0.159,2320
0.16,2275
0.161,2279
0.162,2268
0.163,2198
0.164,2160
0.165,2184
0.166,2300
0.167,2291
0.168,2259
0.169,2220
0.17,2238
0.171,2312
0.172,2275
0.173,2240
0.174,2259
0.175,2242
0.176,2211
0.177,2188
0.178,2163
0.179,2176
0.18,2274
0.181,2280
0.182,2238
0.183,2207
0.184,2226
0.185,2203
0.186,2148
0.187,2110
0.188,2100
0.189,2113
0.19,2080
0.191,2056
0.192,2106
0.193,2104
0.194,2101
0.195,2073
0.196,2056
0.197,2048
0.198,2050
0.199,2029
0.2,2048
0.201,2018
0.202,2047
0.203,2161
0.204,2104
0.205,2112
0.206,2079
0.207,2063
0.208,2031
0.209,2003
0.21,1979
0.211,1999
0.212,2109
0.213,2108
0.214,2079
0.215,2054
0.216,2043
0.217,2176
0.218,2176
0.219,2100
0.22,2122
0.221,2096
0.222,2064
0.223,2048
0.224,2015
0.225,2044
0.226,2156
0.227,2124
0.228,2096
0.229,2098
0.23,2111
0.231,2061
0.232,2029
0.233,2004
0.234,1987
0.235,2063
0.236,2150
0.237,2136
0.238,2087
0.239,2137
0.24,2120
0.241,2070
0.242,2046
0.243,2040
0.244,2076
0.245,2060
0.246,2014
0.247,2015
0.248,2018
0.249,2120
0.25,2096
0.251,2079
0.252,2049
0.253,2039
0.254,2080
0.255,1970
0.256,1972
0.257,2007
0.258,2076
0.259,2040
0.26,2048
0.261,1978
0.262,2032
0.263,2112
0.264,2069
0.265,2080
0.266,2031
0.267,2046
0.268,1972
0.269,1939
0.27,1929
0.271,2054
0.272,2071
0.273,2010
0.274,2020
0.275,2026
0.276,2003
0.277,1965
0.278,1939
0.279,1999
0.28,2134
0.281,2103
0.282,2075
0.283,2052
0.284,2060
0.285,2129
0.286,2144
0.287,2051
0.288,2017
0.289,2074
0.29,2156
0.291,2109
0.292,2068
0.293,2114
0.294,2239
0.295,2192
0.296,2144
0.297,2132
0.298,2118
0.299,2086
0.3,2052
0.301,2048
0.302,2131
0.303,2186
0.304,2140
0.305,2095
0.306,2143
0.307,2280
0.308,2257
0.309,2217
0.31,2214
0.311,2222
0.312,2224
0.313,2173
0.314,2148
0.315,2240
0.316,2367
0.317,2336
0.318,2300
0.319,2288
0.32,2303
0.321,2359
0.322,2335
0.323,2246
0.324,2216
0.325,2333
0.326,2448
0.327,2431
0.328,2427
0.329,2350
0.33,2448
0.331,2440
0.332,2421
0.333,2404
0.334,2437
0.335,2560
0.336,2528
0.337,2455
0.338,2431
0.339,2420
0.34,2519
0.341,2480
0.342,2456
0.343,2431
0.344,2431
0.345,2442
0.346,2431
0.347,2427
0.348,2424
0.349,2402
0.35,2433
0.351,2429
0.352,2418
0.353,2404
0.354,2416
0.355,2432
0.356,2427
0.357,2414
0.358,2406
0.359,2376
0.36,2396
0.361,2397
0.362,2390
0.363,2376
0.364,2384
0.365,2420
0.366,2430
0.367,2423
0.368,2432
0.369,2401
0.37,2425
0.371,2429
0.372,2431
0.373,2425
0.374,2466
0.375,2497
0.376,2495
0.377,2511
0.378,2475
0.379,2526
0.38,2544
0.381,2535
0.382,2551
0.383,2608
0.384,2622
0.385,2632
0.386,2637
0.387,2612
0.388,2668
0.389,2670
0.39,2665
0.391,2652
0.392,2685
0.393,2740
0.394,2783
0.395,2752
0.396,2748
0.397,2756
0.398,2812
0.399,2819
0.4,2823
0.401,2895
0.402,3028
0.403,2970
0.404,3007
0.405,2955
0.406,2956
0.407,3014
0.408,3034
0.409,3038
0.41,3037
0.411,3106
0.412,3156
0.413,3184
0.414,3177
0.415,3156
0.416,3263
0.417,3227
0.418,3262
0.419,3304
0.42,3315
0.421,3440
0.422,3372
0.423,3455
0.424,3350
0.425,3390
0.426,3444
0.427,3519
0.428,3436
0.429,3447
0.43,3534
0.431,3644
0.432,3552
0.433,3544
0.434,3520
0.435,3574
0.436,3568
0.437,3560
0.438,3631
0.439,3615
0.44,3653
0.441,3657
0.442,3650
0.443,3604
0.444,3639
0.445,3699
0.446,3664
0.447,3647
0.448,3722
0.449,3738
0.45,3732
0.451,3724
0.452,3674
0.453,3824
0.454,3731
0.455,3716
0.456,3687
0.457,3760
0.458,3756
0.459,3743
0.46,3723
0.461,3676
0.462,3728
0.463,3717
0.464,3689
0.465,3670
0.466,3712
0.467,3695
0.468,3682
0.469,3679
0.47,3626
0.471,3601
0.472,3623
0.473,3607
0.474,3589
0.475,3576
0.476,3632
0.477,3674
0.478,3664
0.479,3641
0.48,3600
0.481,3572
0.482,3588
0.483,3561
0.484,3521
0.485,3472
0.486,3467
0.487,3499
0.488,3474
0.489,3435
0.49,3400
0.491,3360
0.492,3401
0.493,3379
0.494,3355
0.495,3332
0.496,3254
0.497,3224
0.498,3175
0.499,3131
0.5,3118
0.501,3106
0.502,3065
0.503,3002
0.504,2952
0.505,3022
0.506,2927
0.507,2884
0.508,2849
0.509,2831
0.51,2800
0.511,2772
0.512,2721
0.513,2664
0.514,2688
0.515,2638
0.516,2610
0.517,2572
0.518,2519
0.519,2514
0.52,2484
0.521,2448
0.522,2480
0.523,2389
0.524,2394
0.525,2356
0.526,2308
0.527,2265
0.528,2269
0.529,2356
0.53,2392
0.531,2349
0.532,2307
0.533,2292
0.534,2383
0.535,2391
0.536,2350
0.537,2315
0.538,2333
0.539,2382
0.54,2337
0.541,2280
0.542,2252
0.543,2381
0.544,2367
0.545,2299
0.546,2309
0.547,2322
0.548,2303
0.549,2262
0.55,2219
0.551,2236
0.552,2328
0.553,2271
0.554,2228
0.555,2249
0.556,2271
0.557,2261
0.558,2232
0.559,2212
0.56,2256
0.561,2256
0.562,2226
0.563,2204
0.564,2187
0.565,2204
0.566,2283
0.567,2252
0.568,2234
0.569,2222
0.57,2229
0.571,2210
0.572,2188
0.573,2165
0.574,2170
0.575,2271
0.576,2304
0.577,2228
0.578,2221
0.579,2210
0.58,2173
0.581,2148
0.582,2132
0.583,2139
0.584,2173
0.585,2180
0.586,2164
0.587,2157
0.588,2153
0.589,2160
0.59,2091
0.591,2067
0.592,2110
0.593,2102
0.594,2072
0.595,2060
0.596,2052
0.597,2086
0.598,2072
0.599,2042
0.6,2044
0.601,2069
0.602,2052
0.603,2041
0.604,2041
0.605,2034
0.606,2095
0.607,2095
0.608,2040
0.609,2036
0.61,2119
0.611,2051
0.612,2031
0.613,2024
0.614,2018
0.615,2026
0.616,2012
0.617,2000
0.618,2000
0.619,2019
0.62,1997
0.621,1996
0.622,1997
0.623,1989
0.624,1983
0.625,1972
0.626,1963
0.627,1962
0.628,2048
0.629,2004
0.63,1989
0.631,1984
0.632,1989
0.633,1984
0.634,1983
0.635,1975
0.636,1950
0.637,1956
0.638,1972
0.639,1953
0.64,1964
0.641,1964
0.642,1951
0.643,1940
0.644,1924
0.645,1931
0.646,1956
0.647,1933
0.648,1921
0.649,1936
0.65,1921
0.651,1908
0.652,1920
0.653,1904
0.654,1908
0.655,1980
0.656,1946
0.657,1928
0.658,1928
0.659,1940
0.66,1935
0.661,1937
0.662,1927
0.663,1939
0.664,1952
0.665,1974
0.666,1952
0.667,1960
0.668,1984
0.669,1968
0.67,2000
0.671,1949
0.672,1955
0.673,1951
0.674,1997
0.675,1976
0.676,1961
0.677,1973
0.678,1991
0.679,1966
0.68,1955
0.681,1951
0.682,1949
0.683,1965
0.684,1985
0.685,1973
0.686,1988
0.687,2001
0.688,2008
0.689,2044
0.69,2048
0.691,2049
0.692,2070
0.693,2159
0.694,2068
0.695,2068
0.696,2086
0.697,2103
0.698,2100
0.699,2088
0.7,2112
0.701,2110
0.702,2158
0.703,2126
0.704,2167
0.705,2135
0.706,2157
0.707,2138
0.708,2120
0.709,2129
0.71,2148
0.711,2185
0.712,2196
0.713,2175
0.714,2184
0.715,2211
0.716,2192
0.717,2182
0.718,2192
0.719,2201
0.72,2237
0.721,2212
0.722,2205
0.723,2217
0.724,2237
0.725,2208
0.726,2190
0.727,2196
0.728,2203
0.729,2259
0.73,2234
0.731,2222
0.732,2238
0.733,2251
0.734,2235
0.735,2225
0.736,2210
0.737,2270
0.738,2252
0.739,2279
0.74,2261
0.741,2274
0.742,2304
0.743,2304
0.744,2369
0.745,2360
0.746,2428
0.747,2381
0.748,2493
0.749,2448
0.75,2396
0.751,2406
0.752,2416
0.753,2412
0.754,2413
0.755,2432
0.756,2401
0.757,2412
0.758,2462
0.759,2475
0.76,2478
0.761,2477
0.762,2484
0.763,2480
0.764,2456
0.765,2442
0.766,2446
0.767,2453
0.768,2488
0.769,2450
0.77,2450
0.771,2459
0.772,2471
0.773,2504
0.774,2431
0.775,2403
0.776,2408
0.777,2456
0.778,2431
0.779,2461
0.78,2464
0.781,2417
0.782,2396
0.783,2370
0.784,2365
0.785,2369
0.786,2378
0.787,2410
0.788,2377
0.789,2371
0.79,2379
0.791,2376
0.792,2366
0.793,2336
0.794,2327
0.795,2332
0.796,2339
0.797,2380
0.798,2358
0.799,2332
0.8,2319
0.801,2314
0.802,2308
0.803,2292
0.804,2267
0.805,2264
0.806,2266
0.807,2304
0.808,2289
0.809,2274
0.81,2279
0.811,2288
0.812,2288
0.813,2264
0.814,2254
0.815,2255
0.816,2260
0.817,2303
0.818,2273
0.819,2257
0.82,2259
0.821,2266
0.822,2270
0.823,2242
0.824,2232
0.825,2232
0.826,2240
0.827,2263
0.828,2259
0.829,2238
0.83,2240
0.831,2247
0.832,2252
0.833,2256
0.834,2201
0.835,2212
0.836,2212
0.837,2248
0.838,2208
0.839,2215
0.84,2217
0.841,2247
0.842,2168
0.843,2156
0.844,2150
0.845,2156
0.846,2184
0.847,2147
0.848,2144
0.849,2148
0.85,2148
0.851,2169
0.852,2099
0.853,2111
0.854,2102
0.855,2139
0.856,2116
0.857,2092
0.858,2088
0.859,2095
0.86,2070
0.861,2064
0.862,2050
0.863,2048
0.864,2084
0.865,2084
0.866,2071
0.867,2071
0.868,2079
0.869,2080
0.87,2052
0.871,2024
0.872,2016
0.873,2028
0.874,2053
0.875,2050
0.876,2056
0.877,2034
0.878,2048
0.879,2037
0.88,2069
0.881,2059
0.882,2064
0.883,2069
0.884,2089
0.885,2082
0.886,2068
0.887,2061
0.888,2065
0.889,2088
0.89,2113
0.891,2080
0.892,2073
0.893,2092
0.894,2120
0.895,2167
0.896,2148
0.897,2196
0.898,2146
0.899,2141
0.9,2193
0.901,2177
0.902,2170
0.903,2189
0.904,2239
0.905,2303
0.906,2265
0.907,2259
0.908,2274
0.909,2248
0.91,2224
0.911,2210
0.912,2206
0.913,2238
0.914,2236
0.915,2217
0.916,2210
0.917,2256
0.918,2202
0.919,2223
0.92,2175
0.921,2137
0.922,2126
0.923,2160
0.924,2161
0.925,2144
0.926,2143
0.927,2151
0.928,2160
0.929,2102
0.93,2080
0.931,2070
0.932,2070
0.933,2096
0.934,2087
0.935,2062
0.936,2055
0.937,2053
0.938,2054
0.939,2035
0.94,2010
0.941,2003
0.942,2004
0.943,2007
0.944,2039
0.945,2011
0.946,1991
0.947,1988
0.948,1987
0.949,1989
0.95,1955
0.951,1939
0.952,1940
0.953,1941
0.954,1944
0.955,1976
0.956,1949
0.957,1939
0.958,1942
0.959,1947
0.96,1935
0.961,1908
0.962,1897
0.963,1897
0.964,1899
0.965,1949
0.966,1911
0.967,1909
0.968,1896
0.969,1894
0.97,1885
0.971,1871
0.972,1854
0.973,1850
0.974,1853
0.975,1905
0.976,1861
0.977,1855
0.978,1863
0.979,1855
0.98,1862
0.981,1876
0.982,1827
0.983,1812
0.984,1812
0.985,1848
0.986,1836
0.987,1819
0.988,1811
0.989,1807
0.99,1811
0.991,1844
0.992,1844
0.993,1838
0.994,1870
0.995,1880
0.996,1952
0.997,1945
0.998,1937
0.999,1935
