0.0,1205
0.01,1229
0.02,1216
0.03,1230
0.04,1232
0.05,1212
0.06,1194
0.07,1182
0.08,1201
0.09,1210
0.1,1232
0.11,1182
0.12,1200
0.13,1223
0.14,1231
0.15,1213
0.16,1196
0.17,1184
0.18,1187
0.19,1215
0.2,1203
0.21,1200
0.22,1188
0.23,1256
0.24,1224
0.25,1218
0.26,1205
0.27,1188
0.28,1189
0.29,1204
0.3,1201
0.31,1190
0.32,1186
0.33,1248
0.34,1251
0.35,1226
0.36,1210
0.37,1204
0.38,1206
0.39,1254
0.4,1258
0.41,1249
0.42,1268
0.43,1306
0.44,1313
0.45,1302
0.46,1290
0.47,1316
0.48,1296
0.49,1336
0.5,1344
0.51,1320
0.52,1304
0.53,1353
0.54,1375
0.55,1368
0.56,1349
0.57,1365
0.58,1344
0.59,1336
0.6,1363
0.61,1356
0.62,1338
0.63,1321
0.64,1400
0.65,1404
0.66,1384
0.67,1362
0.68,1343
0.69,1340
0.7,1388
0.71,1348
0.72,1336
0.73,1316
0.74,1329
0.75,1347
0.76,1348
0.77,1326
0.78,1304
0.79,1290
0.8,1290
0.81,1340
0.82,1297
0.83,1284
0.84,1274
0.85,1317
0.86,1317
0.87,1309
0.88,1290
0.89,1278
0.9,1265
0.91,1284
0.92,1293
0.93,1304
0.94,1304
0.95,1275
0.96,1306
0.97,1313
0.98,1324
0.99,1310
1.0,1259
1.01,1259
1.02,1280
1.03,1288
1.04,1263
1.05,1247
1.06,1288
1.07,1292
1.08,1281
1.09,1264
1.1,1249
1.11,1233
1.12,1246
1.13,1257
1.14,1244
1.15,1228
1.16,1216
1.17,1256
1.18,1260
1.19,1281
1.2,1233
1.21,1221
1.22,1214
1.23,1248
1.24,1230
1.25,1218
1.26,1202
1.27,1236
1.28,1250
1.29,1279
1.3,1240
1.31,1255
1.32,1214
1.33,1232
1.34,1236
1.35,1224
1.36,1214
1.37,1204
1.38,1244
1.39,1252
1.4,1234
1.41,1261
1.42,1220
1.43,1226
1.44,1239
1.45,1234
1.46,1218
1.47,1201
1.48,1246
1.49,1245
1.5,1239
1.51,1216
1.52,1236
1.53,1188
1.54,1201
1.55,1207
1.56,1192
1.57,1185
1.58,1190
1.59,1221
1.6,1229
1.61,1211
1.62,1202
1.63,1194
1.64,1216
1.65,1205
1.66,1198
1.67,1182
1.68,1166
1.69,1224
1.7,1236
1.71,1239
1.72,1234
1.73,1216
1.74,1200
1.75,1210
1.76,1197
1.77,1177
1.78,1184
1.79,1213
1.8,1211
1.81,1202
1.82,1193
1.83,1194
1.84,1192
1.85,1200
1.86,1186
1.87,1168
1.88,1181
1.89,1209
1.9,1211
1.91,1207
1.92,1202
1.93,1207
1.94,1206
1.95,1216
1.96,1212
1.97,1194
1.98,1212
1.99,1190
2.0,1230
2.01,1236
2.02,1235
2.03,1231
2.04,1237
2.05,1233
2.06,1246
2.07,1230
2.08,1220
2.09,1215
2.1,1279
2.11,1300
2.12,1262
2.13,1254
2.14,1250
2.15,1246
2.16,1250
2.17,1247
2.18,1223
2.19,1208
2.2,1209
2.21,1279
2.22,1292
2.23,1254
2.24,1251
2.25,1254
2.26,1247
2.27,1247
2.28,1235
2.29,1221
2.3,1209
2.31,1236
2.32,1272
2.33,1278
2.34,1269
2.35,1278
2.36,1288
2.37,1284
2.38,1277
2.39,1289
2.4,1279
2.41,1282
2.42,1339
2.43,1351
2.44,1375
2.45,1408
2.46,1394
2.47,1424
2.48,1395
2.49,1393
2.5,1408
2.51,1395
2.52,1431
2.53,1482
2.54,1477
2.55,1477
2.56,1491
2.57,1512
2.58,1510
2.59,1498
2.6,1552
2.61,1481
2.62,1479
2.63,1535
2.64,1543
2.65,1525
2.66,1519
2.67,1519
2.68,1532
2.69,1522
2.7,1513
2.71,1536
2.72,1490
2.73,1490
2.74,1566
2.75,1574
2.76,1561
2.77,1575
2.78,1594
2.79,1598
2.8,1584
2.81,1573
2.82,1567
2.83,1570
2.84,1594
2.85,1650
2.86,1645
2.87,1657
2.88,1714
2.89,1682
2.9,1681
2.91,1661
2.92,1665
2.93,1674
2.94,1738
2.95,1739
2.96,1772
2.97,1769
2.98,1788
2.99,1806
3.0,1830
3.01,1831
3.02,1820
3.03,1826
3.04,1832
3.05,1855
3.06,1900
3.07,1919
3.08,1912
3.09,1946
3.1,1988
3.11,1993
3.12,1972
3.13,1970
3.14,2037
3.15,1984
3.16,2054
3.17,2084
3.18,2072
3.19,2074
3.2,2127
3.21,2112
3.22,2095
3.23,2081
3.24,2100
3.25,2082
3.26,2144
3.27,2217
3.28,2240
3.29,2195
3.3,2256
3.31,2228
3.32,2272
3.33,2186
3.34,2181
3.35,2183
3.36,2178
3.37,2215
3.38,2234
3.39,2214
3.4,2227
3.41,2237
3.42,2252
3.43,2309
3.44,2222
3.45,2213
3.46,2217
3.47,2214
3.48,2287
3.49,2278
3.5,2268
3.51,2280
3.52,2297
3.53,2342
3.54,2327
3.55,2319
3.56,2363
3.57,2295
3.58,2304
3.59,2402
3.6,2394
3.61,2394
3.62,2397
3.63,2424
3.64,2492
3.65,2490
3.66,2476
3.67,2558
3.68,2496
3.69,2524
3.7,2619
3.71,2616
3.72,2629
3.73,2645
3.74,2674
3.75,2695
3.76,2678
3.77,2696
3.78,2690
3.79,2720
3.8,2721
3.81,2816
3.82,2807
3.83,2836
3.84,2844
3.85,2856
3.86,2873
3.87,2838
3.88,2823
3.89,2818
3.9,2867
3.91,2921
3.92,2955
3.93,2932
3.94,2852
3.95,2935
3.96,2956
3.97,2866
3.98,2837
3.99,2824
4.0,2810
4.01,2790
4.02,2818
4.03,2871
4.04,2848
4.05,2823
4.06,2831
4.07,2870
4.08,2775
4.09,2750
4.1,2724
4.11,2702
4.12,2693
4.13,2726
4.14,2700
4.15,2671
4.16,2636
4.17,2631
4.18,2688
4.19,2579
4.2,2547
4.21,2512
4.22,2490
4.23,2473
4.24,2514
4.25,2482
4.26,2458
4.27,2443
4.28,2448
4.29,2438
4.3,2399
4.31,2367
4.32,2383
4.33,2352
4.34,2326
4.35,2359
4.36,2300
4.37,2278
4.38,2232
4.39,2224
4.4,2249
4.41,2272
4.42,2312
4.43,2244
4.44,2210
4.45,2200
4.46,2191
4.47,2168
4.48,2220
4.49,2185
4.5,2197
4.51,2194
4.52,2191
4.53,2163
4.54,2154
4.55,2154
4.56,2196
4.57,2244
4.58,2178
4.59,2178
4.6,2194
4.61,2161
4.62,2141
4.63,2139
4.64,2131
4.65,2219
4.66,2185
4.67,2191
4.68,2204
4.69,2192
4.7,2158
4.71,2117
4.72,2101
4.73,2124
4.74,2160
4.75,2134
4.76,2131
4.77,2128
4.78,2098
4.79,2082
4.8,2054
4.81,2020
4.82,2026
4.83,2120
4.84,2035
4.85,2011
4.86,2040
4.87,1976
4.88,1962
4.89,1900
4.9,1872
4.91,1900
4.92,1888
4.93,1852
4.94,1837
4.95,1813
4.96,1800
4.97,1792
4.98,1753
4.99,1725
5.0,1781
5.01,1781
5.02,1773
5.03,1731
5.04,1701
5.05,1706
5.06,1756
5.07,1730
5.08,1743
5.09,1751
5.1,1751
5.11,1727
5.12,1698
5.13,1670
5.14,1671
5.15,1686
5.16,1664
5.17,1649
5.18,1730
5.19,1768
5.2,1741
5.21,1696
5.22,1667
5.23,1672
5.24,1681
5.25,1653
5.26,1620
5.27,1652
5.28,1647
5.29,1637
5.3,1614
5.31,1601
5.32,1599
5.33,1620
5.34,1603
5.35,1578
5.36,1610
5.37,1618
5.38,1591
5.39,1558
5.4,1546
5.41,1609
5.42,1677
5.43,1673
5.44,1664
5.45,1705
5.46,1727
5.47,1705
5.48,1704
5.49,1699
5.5,1728
5.51,1724
5.52,1703
5.53,1741
5.54,1754
5.55,1748
5.56,1700
5.57,1682
5.58,1715
5.59,1728
5.6,1713
5.61,1688
5.62,1762
5.63,1781
5.64,1764
5.65,1748
5.66,1764
5.67,1808
5.68,1776
5.69,1750
5.7,1736
5.71,1782
5.72,1782
5.73,1791
5.74,1735
5.75,1736
5.76,1757
5.77,1777
5.78,1774
5.79,1815
5.8,1821
5.81,1798
5.82,1791
5.83,1807
5.84,1768
5.85,1785
5.86,1763
5.87,1740
5.88,1812
5.89,1844
5.9,1810
5.91,1774
5.92,1791
5.93,1839
5.94,1876
5.95,1844
5.96,1822
5.97,1871
5.98,1850
5.99,1839
6.0,1802
6.01,1792
6.02,1834
6.03,1873
6.04,1847
6.05,1852
6.06,1884
6.07,1872
6.08,1876
6.09,1864
6.1,1885
6.11,1902
6.12,1849
6.13,1884
6.14,1882
6.15,1909
6.16,1953
6.17,1941
6.18,1915
6.19,1909
6.2,1921
6.21,1919
6.22,1933
6.23,1916
6.24,1930
6.25,1943
6.26,1958
6.27,1952
6.28,1910
6.29,1902
6.3,1927
6.31,1944
6.32,1928
6.33,1925
6.34,1938
6.35,1936
6.36,1954
6.37,1952
6.38,1899
6.39,1884
6.4,1944
6.41,1936
6.42,1941
6.43,1938
6.44,1997
6.45,2002
6.46,2016
6.47,1972
6.48,1984
6.49,1968
6.5,1982
6.51,2000
6.52,2072
6.53,2086
6.54,2104
6.55,2079
6.56,2055
6.57,2058
6.58,2120
6.59,2121
6.6,2104
6.61,2145
6.62,2149
6.63,2143
6.64,2118
6.65,2102
6.66,2121
6.67,2111
6.68,2069
6.69,2072
6.7,2112
6.71,2075
6.72,2079
6.73,2048
6.74,2077
6.75,2067
6.76,2076
6.77,2068
6.78,2079
6.79,2079
6.8,2060
6.81,2041
6.82,2086
6.83,2098
6.84,2068
6.85,2063
6.86,2085
6.87,2068
6.88,2050
6.89,2030
6.9,2004
6.91,2038
6.92,2060
6.93,2054
6.94,2044
6.95,2075
6.96,2098
6.97,2096
6.98,2061
6.99,2048
7.0,2053
7.01,2071
7.02,2074
7.03,2036
7.04,2037
7.05,2046
7.06,2041
7.07,2016
7.08,1986
7.09,1989
7.1,2022
7.11,2054
7.12,2051
7.13,2049
7.14,2060
7.15,2072
7.16,2043
7.17,2025
7.18,2022
7.19,2055
7.2,2080
7.21,2047
7.22,2049
7.23,2026
7.24,2014
7.25,2006
7.26,2079
7.27,2021
7.28,2013
7.29,2027
7.3,2043
7.31,2018
7.32,2015
7.33,1980
7.34,2002
7.35,1991
7.36,1981
7.37,2038
7.38,2026
7.39,2016
7.4,1986
7.41,1968
7.42,1972
7.43,1971
7.44,1962
7.45,1993
7.46,1992
7.47,1964
7.48,1989
7.49,1935
7.5,1984
7.51,1968
7.52,1996
7.53,2046
7.54,1983
7.55,1958
7.56,2014
7.57,2081
7.58,2059
7.59,2112
7.6,2095
7.61,2112
7.62,2056
7.63,2081
7.64,2104
7.65,2142
7.66,2126
7.67,2128
7.68,2121
7.69,2088
7.7,2076
7.71,2138
7.72,2139
7.73,2111
7.74,2182
7.75,2196
7.76,2147
7.77,2106
7.78,2127
7.79,2149
7.8,2176
7.81,2128
7.82,2147
7.83,2143
7.84,2133
7.85,2096
7.86,2061
7.87,2053
7.88,2096
7.89,2144
7.9,2070
7.91,2029
7.92,2106
7.93,2091
7.94,2053
7.95,2019
7.96,2020
7.97,1998
7.98,2038
7.99,2063
8.0,2048
8.01,2028
8.02,2068
8.03,2057
8.04,2040
8.05,2037
8.06,2049
8.07,2067
8.08,2063
8.09,2018
8.1,2014
8.11,1995
8.12,2097
8.13,2093
8.14,2080
8.15,2096
8.16,2104
8.17,2112
8.18,2152
8.19,2074
8.2,2063
8.21,2101
8.22,2184
8.23,2144
8.24,2130
8.25,2142
8.26,2172
8.27,2156
8.28,2158
8.29,2148
8.3,2208
8.31,2220
8.32,2253
8.33,2229
8.34,2239
8.35,2260
8.36,2308
8.37,2304
8.38,2335
8.39,2266
8.4,2296
8.41,2380
8.42,2363
8.43,2372
8.44,2397
8.45,2433
8.46,2452
8.47,2455
8.48,2454
8.49,2537
8.5,2488
8.51,2586
8.52,2555
8.53,2590
8.54,2580
8.55,2656
8.56,2628
8.57,2614
8.58,2612
8.59,2624
8.6,2687
8.61,2736
8.62,2677
8.63,2732
8.64,2737
8.65,2781
8.66,2785
8.67,2741
8.68,2766
8.69,2741
8.7,2804
8.71,2866
8.72,2857
8.73,2830
8.74,2838
8.75,2853
8.76,2829
8.77,2816
8.78,2795
8.79,2785
8.8,2832
8.81,2880
8.82,2863
8.83,2828
8.84,2912
8.85,2848
8.86,2825
8.87,2864
8.88,2769
8.89,2768
8.9,2758
8.91,2864
8.92,2781
8.93,2748
8.94,2748
8.95,2753
8.96,2738
8.97,2784
8.98,2784
8.99,2784
9.0,2720
9.01,2720
9.02,2696
9.03,2678
9.04,2664
9.05,2672
9.06,2649
9.07,2634
9.08,2610
9.09,2603
9.1,2641
9.11,2657
9.12,2648
9.13,2624
9.14,2621
9.15,2636
9.16,2616
9.17,2575
9.18,2539
9.19,2506
9.2,2528
9.21,2648
9.22,2592
9.23,2521
9.24,2512
9.25,2515
9.26,2496
9.27,2504
9.28,2450
9.29,2423
9.3,2442
9.31,2536
9.32,2452
9.33,2447
9.34,2435
9.35,2444
9.36,2427
9.37,2471
9.38,2436
9.39,2438
9.4,2471
9.41,2459
9.42,2422
9.43,2384
9.44,2365
9.45,2431
9.46,2394
9.47,2389
9.48,2380
9.49,2330
9.5,2411
9.51,2399
9.52,2392
9.53,2364
9.54,2350
9.55,2365
9.56,2368
9.57,2362
9.58,2321
9.59,2295
9.6,2327
9.61,2364
9.62,2369
9.63,2330
9.64,2316
9.65,2326
9.66,2315
9.67,2282
9.68,2243
9.69,2207
9.7,2190
9.71,2280
9.72,2320
9.73,2242
9.74,2223
9.75,2215
9.76,2192
9.77,2174
9.78,2135
9.79,2103
9.8,2123
9.81,2122
9.82,2098
9.83,2068
9.84,2072
9.85,2035
9.86,2023
9.87,2012
9.88,1983
9.89,1943
9.9,1955
9.91,1962
9.92,2000
9.93,1924
9.94,1909
9.95,1906
9.96,1906
9.97,1920
9.98,1886
9.99,1866
